8.935831256033351933e-01
4.206905548351417501e+00
6.269377583634017981e+00
2.947851659488787135e+00
3.925652495374051032e+00
6.402910653200408753e+00
4.436510392298532501e+00
5.727857709130106834e+00
5.486142514127799963e+00
2.908100346137639125e+00
3.252725310664646319e+00
1.730712119370632518e+00
2.726283518905072256e+00
5.047999771259372714e+00
3.691289812444202401e+00
8.774255904978984333e+00
4.985520531669609845e+00
7.295922101534301873e+00
5.742493446314336225e+00
2.092348021651330381e+00
3.825610530376208906e+00
3.034276219055578316e+00
5.018082536721412801e+00
4.876471476302262076e+00
6.850799309722155783e+00
1.213715879266941400e+01
4.243503434553505649e+00
5.973748092580228430e+00
7.347885209383182570e+00
6.415774214979567347e+00
4.063086822550381783e+00
3.585197818220714261e+00
9.301581676995361647e+00
8.596443294626322285e+00
3.343816523524654638e+00
1.270755862950528892e+00
5.095450989811438625e+00
2.966442434827838426e+00
7.051867396931683629e+00
4.280897075832990950e+00
6.337045473498152504e+00
5.684345726986492764e+00
3.059326339586000643e+00
3.448909390999101099e+00
1.948840094366833586e+00
2.863864469608005336e+00
3.804224206573782130e+00
6.264797654635503754e+00
6.239673788810453203e+00
5.702144408586007351e+00
3.383321907767819603e+00
4.492997490098105118e+00
6.748141592199519145e+00
4.607020694418342721e+00
2.098264399507007383e+00
2.106008176271432664e+00
2.061529497405233613e+00
4.274323646085785633e+00
5.220469430868584837e+00
7.232665345529156298e+00
2.167905936752754226e+00
2.997628622375717367e+00
6.113772121492120348e+00
5.269173128545738827e+00
2.694399959699239844e+00
3.885632468814143703e+00
4.597196692943472662e+00
3.700897454547532384e+00
1.034096540745842674e+01
6.678070372243808173e+00
9.392863848495904833e+00
7.522038790530306329e+00
1.155611676809702448e+00
2.423347224041479731e+00
4.101206592489376135e+00
4.255576366171847980e+00
2.524154326821431926e+00
5.912292003247792138e+00
6.158611924585647657e+00
4.729760458855421845e+00
4.232228218088497584e+00
3.734926371968998460e+00
4.847196343127577300e+00
4.835977549400527487e+00
4.028757016172509253e+00
4.163232611259135574e+00
1.691703576337436399e+00
2.977682934454047636e+00
5.345923272068864307e+00
5.440874550213266048e+00
7.362810074525623527e+00
3.452238522717073099e+00
3.664596427555000258e+00
6.456371421881803130e+00
6.836803936176258922e+00
3.369022276157073836e+00
6.772823402530510961e+00
3.615244417980129743e+00
3.545953606684649539e+00
2.070377752139610283e+00
3.581533656988769909e+00
2.498808844939789608e+00
5.706518205249080822e+00
4.183490505092186673e+00
2.466267510219855019e+00
3.867504545491845303e+00
1.893419020587318480e+00
2.530085954553477290e+00
5.566906622601549337e+00
4.453157845490152589e+00
2.675705805202819310e+00
3.129197718895583069e+00
4.172144433921626039e+00
4.286743942786415573e+00
6.411791461060404096e+00
4.504521618719980580e+00
4.493782956156672448e+00
4.644675691597866418e+00
1.097549855330961144e+01
6.395594180319412736e+00
4.542900715921500243e+00
1.672491497799315718e+00
3.940329755859327765e+00
3.732246794216993013e+00
3.102052826323189461e+00
2.748649707254214203e+00
6.246629409600292782e+00
6.201515309865517800e+00
1.831552926740156240e+00
2.081030418671275584e+00
5.342620670187391063e+00
4.394099489628962019e+00
4.992121926929887543e+00
7.890475274226872671e+00
7.744805759205093842e+00
8.269760884402975520e+00
1.764982598596686048e+00
1.369359123133191414e+00
5.925618154936846516e+00
2.230484777131418461e+00
4.546806209953029310e+00
4.866824959184876676e+00
4.353146400020884599e+00
3.784473862221588547e+00
5.404071660727764126e+00
9.221298811858002153e+00
3.658139750794108913e+00
3.614404026443131634e+00
2.731131521539430729e+00
2.966260738814542552e+00
7.816961944137085894e+00
4.665829591209029736e+00
3.248577525300667457e+00
3.214264270314801220e+00
5.003727162015906060e+00
2.773857487937727129e+00
3.598674641671725905e+00
2.526582280410896608e+00
4.958389571686435460e+00
5.391221751216638047e+00
5.529545566734515916e+00
1.947975343162473782e+00
3.074747668211412321e+00
3.166257051958984103e+00
1.808914986661639412e+00
2.733540595902556269e+00
2.425993309061283298e+00
4.259779205820237280e+00
3.849545465222278917e+00
2.385381517768415449e+00
5.497111832210419102e+00
3.781581055594287921e+00
3.932191091158354190e+00
3.780882879939134078e+00
2.534205048001672900e+00
2.433667060169428797e+00
7.979731438223192086e+00
9.944748868674150089e+00
7.732933870775840823e+00
1.578900195533866757e+01
8.977086713005364871e+00
2.135286520370838304e+01
1.669897730326540852e+01
2.666398718371254262e+01
4.279439311184545858e+01
6.118777851962828862e+01
6.847199069869182608e+01
8.218056692585496137e+01
1.289199983310841162e+02
1.321042739447170504e+02
1.783257211175861983e+02
2.197743497189970014e+02
2.619341081808295257e+02
3.396012762372243969e+02
4.060485221570027079e+02
4.948621046590507717e+02
6.315542324076802743e+02
7.774023632291741706e+02
8.923967301367272285e+02
1.065389599342118800e+03
1.266684122130095602e+03
1.479151662642482506e+03
1.819425505351196989e+03
2.164074942348326204e+03
2.470467038529597176e+03
2.879860837602227548e+03
3.399084357224694486e+03
4.220454589943878091e+03
5.068651176999949712e+03
5.990773897512928670e+03
7.227563960658816541e+03
8.529783886354463903e+03
6.883662959120470987e+03
6.731794429723539679e+02
3.218074620351778776e+02
1.897027593875484683e+02
1.051647502792682189e+02
7.543589479302434597e+01
4.792543110091924774e+01
3.906205604447108470e+01
1.781361124222792114e+01
1.958768678026946475e+01
1.998439717307788754e+01
2.886868973684144990e+01
2.854252960913503756e+01
4.320297656060926528e+01
5.201845253365691946e+01
6.821399510801158783e+01
1.093586601779915100e+02
1.278497548390335652e+02
1.604873292941560976e+02
2.227024805453634428e+02
2.805222125832700613e+02
3.403033464206212670e+02
4.271718142086094758e+02
4.934716988383863168e+02
6.723260270152563862e+02
8.290173876200691438e+02
9.751872866847896830e+02
1.291930248963768690e+03
1.577466018815006464e+03
1.794336097137442266e+03
2.220485096312894711e+03
2.769694051351374128e+03
3.391772311413486932e+03
4.266599507932162851e+03
5.129312275456526550e+03
5.934297851001123490e+03
7.283058366589410070e+03
9.064691857826805062e+03
1.436418577423929491e+03
4.138173224767397755e+02
1.934859357502930663e+02
1.344317845734477146e+02
7.919049731001479131e+01
5.541900247243466282e+01
3.481984277522757765e+01
2.988356139987842042e+01
2.770834084131814024e+01
2.111015621902826567e+01
2.412814595369079385e+01
2.831166203004892878e+01
6.398616303988909948e+01
7.945214335404861572e+01
1.030308736784951265e+02
1.377780822468678821e+02
2.146086232223033790e+02
2.482661824602179763e+02
3.222340534227597004e+02
4.209095608823585053e+02
5.322759430711719233e+02
7.170634061460717703e+02
8.678249253794887181e+02
1.121475959711377982e+03
1.377040279185380768e+03
1.690003374582790002e+03
2.145854638870275721e+03
2.735216487183585286e+03
3.490181827555706604e+03
4.317446816522925474e+03
5.501910702848656001e+03
6.923192417752822621e+03
8.444284948769081893e+03
4.452106433772507444e+03
4.258283227600447844e+02
2.586448528917026692e+02
1.685002055998991466e+02
9.393081044988065287e+01
6.890458750755398398e+01
3.414360398028486543e+01
2.702342124290115777e+01
2.182757056796361894e+01
1.343825298543204916e+01
1.807582184894665289e+01
1.873927739826778449e+01
2.010117506948434496e+01
3.572799599618372923e+01
6.027613047817538217e+01
5.117747270434474416e+01
9.773520237260694898e+01
1.057140262813989864e+02
1.185817593907258356e+02
1.687196205732647911e+02
1.866412708308890274e+02
2.425149125143000219e+02
3.130865683085048090e+02
3.780427837075064303e+02
4.474882872304658008e+02
5.601834562746047368e+02
7.055781426157764145e+02
8.921636000964035702e+02
1.114343999972651091e+03
1.271360767250484059e+03
1.641118133877706896e+03
1.930777051809481691e+03
2.212224935662610278e+03
2.635638643146833147e+03
3.220109408685069411e+03
4.012962992793003650e+03
4.900275927299488103e+03
5.783651023627960058e+03
6.866707735138345924e+03
8.247003440014916123e+03
9.403193920329209504e+03
1.019046307341902775e+03
4.063913622839529580e+02
2.292217464437395051e+02
1.329669974776144272e+02
8.610573710677591919e+01
3.269740822666388880e+01
2.467369495962462267e+01
2.017274874116323602e+01
2.513428334288892430e+01
2.208386726587235671e+01
1.243728742495450845e+01
1.388723281932286291e+01
2.292303113285376881e+01
3.367971866872775166e+01
4.029214772158381663e+01
5.305222409398924555e+01
7.863156210667362700e+01
8.396235370250008145e+01
1.037256184989529686e+02
1.338339950682101573e+02
1.452527856023876609e+02
2.057876744547899648e+02
2.424904230835020655e+02
3.397583971879694786e+02
3.802705380744105810e+02
4.857760641593809510e+02
5.809281498165677249e+02
6.668685608800595901e+02
8.269918453207797029e+02
9.682493409674677878e+02
1.194983576007270131e+03
1.393925255976272865e+03
1.759934657752973408e+03
2.091703134002517345e+03
2.444441646830763602e+03
2.967924967854283750e+03
3.638326418777551226e+03
4.094059188754976731e+03
4.744731703969205228e+03
5.690240970921649932e+03
6.853068668365435769e+03
8.165289700528324829e+03
8.848289469094988817e+03
1.050981663091112750e+03
3.771063091185166627e+02
1.947947547720225714e+02
1.115506646087415277e+02
6.732858775800863782e+01
4.822135311632176524e+01
3.866941331113218183e+01
1.067199960941406900e+01
1.781945782021962188e+01
1.796328132227819196e+01
1.165576028936794906e+01
1.319040469682453853e+01
1.385036571659309601e+01
2.390804687151420538e+01
2.640313157733634597e+01
3.379219945906123712e+01
3.986847867864744188e+01
6.295804872871075020e+01
6.878758459076301790e+01
1.160565415359373560e+02
1.114892050780420760e+02
1.573695012162109492e+02
1.608834928879801964e+02
2.187501317841716570e+02
2.606035748594443362e+02
3.266940551763375993e+02
3.731959087204214143e+02
4.482189686095290426e+02
5.550580207307295950e+02
6.765653738175037688e+02
8.145784608995527378e+02
9.845981387534353644e+02
1.196828485283326472e+03
1.430447584421179272e+03
1.570699137001032341e+03
1.787465343402220924e+03
2.121555739974586686e+03
2.511414488145096584e+03
2.923954050404630834e+03
3.434509407506754997e+03
4.120233186191494497e+03
4.962602997909845726e+03
5.756563086051683968e+03
6.716672128954242908e+03
7.805628162473090924e+03
8.981049263140204857e+03
2.619321197913682226e+03
4.809716116748207924e+02
2.941450206804971685e+02
1.333911049402529159e+02
9.039532910843428226e+01
7.401104049415081931e+01
4.792306669756765558e+01
3.037905494662174632e+01
2.308737546448886491e+01
3.054958713613162757e+01
3.111804445354227155e+01
4.392073408977444871e+01
5.052500122682702255e+01
6.387429725291240601e+01
8.467868665397588757e+01
1.085605596413286378e+02
1.385409112106307816e+02
1.936383510904254308e+02
2.536250341414925913e+02
3.071834216973519460e+02
3.760935621515952789e+02
4.656915634073314436e+02
6.489859581208481814e+02
8.673331216780782142e+02
1.032112208211972074e+03
1.285855771142254753e+03
1.638183959306130419e+03
1.977526994233967116e+03
2.445226569986523828e+03
3.127389473286360953e+03
3.787167448015628906e+03
4.496823755865926614e+03
5.384417038153757858e+03
6.614396326284044335e+03
8.025476791973339459e+03
4.228342317369063494e+03
4.118332188225587629e+02
2.279838272775205041e+02
1.543258092928195424e+02
6.883338653226614667e+01
4.962435692471192539e+01
3.846131531678189219e+01
1.776530770836627582e+01
1.744358367175856728e+01
1.355898190063072839e+01
1.846603070162275628e+01
1.992327834831355560e+01
1.715732925405276532e+01
2.550944466459022664e+01
3.944603581670119041e+01
4.612020330964885773e+01
7.488974850653386284e+01
8.034610671065729548e+01
1.326459241623404921e+02
1.523439129033019981e+02
1.710137535644983586e+02
2.368139299659497965e+02
2.789115565433164647e+02
3.736705226579099417e+02
4.382456507814027304e+02
5.643261083838470995e+02
6.502489415733275564e+02
8.191881272202094806e+02
1.030889397279183640e+03
1.218620307653588725e+03
1.409821212766595863e+03
1.850522774742990805e+03
2.173178445476497473e+03
2.579008319572846176e+03
3.056259498776124474e+03
3.665230030740140592e+03
4.418543015628471039e+03
5.302033218298761312e+03
6.177651760606921016e+03
7.289675277665028261e+03
8.864574854878697806e+03
1.957801711839470272e+03
4.076091050398704851e+02
2.144044425648707204e+02
1.349235868091303416e+02
8.974058710121403237e+01
6.618665602136634618e+01
3.271149488584156728e+01
1.503219871136002261e+01
1.900091248137426447e+01
1.279029820400865702e+01
1.596442733982084761e+01
1.037520560552208160e+01
7.383706852854722058e+00
1.931640691177090119e+01
1.498124568839675064e+01
3.251172905346881237e+01
3.011468054462340760e+01
5.510738531183314137e+01
4.664488293246867556e+01
6.025545051601816482e+01
7.898646732159632222e+01
8.607751820871213511e+01
1.216737381752873119e+02
1.298863415747019019e+02
1.482697663743460907e+02
1.984273742640536113e+02
2.317273974767201423e+02
2.669546792453675721e+02
2.998278352729187191e+02
3.750525664486341952e+02
4.256476865612345364e+02
4.712726525201123877e+02
6.081135249285753162e+02
6.946442417001387639e+02
7.855617072431800807e+02
9.950161859643347952e+02
1.168084525115626093e+03
1.279425376464496139e+03
1.614730067091823457e+03
1.856667186502301320e+03
2.105630251817231056e+03
2.324433541267836972e+03
2.718524453721053760e+03
3.170090486343029170e+03
3.587209432512928288e+03
4.161316686803901575e+03
4.840284331988936174e+03
5.514781957322384187e+03
6.162533062764574424e+03
7.114241759039822682e+03
8.037817307828334378e+03
8.861109862983661515e+03
1.297255430166626638e+03
4.203345363596733932e+02
2.101796169133678518e+02
1.262803090410105114e+02
8.118163255805067990e+01
6.104151568998496913e+01
4.309754114797362945e+01
2.693241763971219527e+01
2.504131224607257877e+01
3.843237006388964971e+01
6.201029359940171304e+01
7.862539562657229908e+01
1.345672853625788150e+02
1.826788324209149152e+02
2.443931723979571871e+02
3.633150541088387513e+02
4.776856402466622171e+02
6.658650934125655567e+02
9.630887090474276420e+02
1.160300039982989574e+03
1.598588322716523635e+03
2.145990520785157514e+03
2.893993731032359392e+03
3.658181598146565193e+03
4.924630515512920283e+03
6.363748432887838135e+03
8.438168544399284656e+03
2.968831357785615182e+03
3.371547014281446764e+02
1.986729932286962992e+02
1.633402055885079562e+02
6.295426022027642432e+01
5.403386699744059740e+01
4.325707108923688793e+01
1.804130120162429307e+01
1.071017834906729504e+01
1.401607170757172405e+01
1.663104274467047361e+01
2.638957957170917368e+01
1.387747301605642747e+01
3.008800783657545708e+01
3.909931869925818404e+01
5.664458410174226799e+01
4.559384632974075657e+01
8.865125503930525497e+01
1.001457939520782787e+02
1.323892184310517450e+02
1.753614808589296672e+02
2.155237682447310021e+02
2.873631200087208413e+02
3.271640657480597270e+02
4.187098526914690524e+02
5.006977538134990482e+02
5.976052220885796942e+02
6.871362698679951109e+02
8.649750403972411732e+02
1.016073826211152664e+03
1.277234307156369823e+03
1.600271285516200351e+03
1.918677799783901037e+03
2.323074986067194004e+03
2.603895157839639978e+03
3.161241418776952742e+03
3.836673108639934071e+03
4.443442844353242435e+03
5.305174040074385630e+03
6.392166815448962552e+03
7.609030916391303435e+03
8.950674669048954456e+03
2.065591194222932245e+03
4.457067853626699048e+02
2.324580828493393767e+02
1.510398656826721719e+02
9.099336475080042419e+01
6.601419653328395043e+01
3.523758704462503033e+01
2.125648570124253212e+01
3.012263277943556261e+01
3.753540929358291578e+01
4.594196952576063353e+01
6.854294193515113420e+01
8.727362838711536597e+01
1.484835245009791151e+02
1.509608729325158833e+02
2.470082791311127153e+02
3.691411250961400015e+02
4.363489994587571346e+02
5.907124886264240331e+02
8.125484207397656746e+02
1.068844265508307444e+03
1.387538458852545546e+03
1.764622055288886258e+03
2.273152856021105890e+03
2.947250095396123470e+03
3.731315079101770607e+03
4.927160155380446668e+03
6.297056267225717420e+03
8.195260949617864753e+03
6.437425009838795631e+03
5.340073221060717970e+02
2.410521367454762753e+02
1.643661835798743880e+02
7.693136057930523464e+01
4.766718069300356575e+01
3.461893387860618532e+01
2.413022936279245556e+01
1.253384743923585454e+01
5.967281044213125440e+00
9.825067632332565637e+00
7.637093091551619750e+00
6.036978150920090158e+00
7.298088984566185822e+00
5.612857482075781057e+00
1.659465609581509327e+01
8.660950618608612928e+00
2.465513621115463749e+01
1.250344309667331189e+01
2.018790784155131846e+01
2.373336669551306244e+01
2.308244975230979534e+01
3.457163821040388285e+01
5.040494063704373673e+01
6.181055918720205966e+01
6.301281336483754103e+01
7.464027346623392134e+01
7.017771013933408142e+01
9.230324160192786564e+01
1.364665796140858447e+02
1.388767579053419183e+02
1.434706525526219707e+02
1.761497831790545945e+02
2.432910193463138455e+02
2.277940286599534261e+02
2.892909471292433636e+02
2.963540391618483341e+02
3.902678077188928683e+02
4.116224771087995009e+02
4.605234523695369262e+02
5.462322542899563587e+02
6.206626027753948165e+02
7.089492341261784532e+02
7.960612658603039336e+02
8.358565919855518587e+02
9.393491685025126117e+02
1.048216847041841447e+03
1.181563334156485325e+03
1.325768896652711192e+03
1.543809266195848750e+03
1.712762915172188968e+03
1.871227432221276558e+03
2.113534881324980688e+03
2.467852160854678459e+03
2.895007543462727881e+03
3.069368882003727322e+03
3.530489971173952654e+03
3.888574266186113164e+03
4.339855022073455075e+03
4.597662958890655318e+03
5.071090042372555217e+03
5.663137383846683406e+03
6.482296519687978616e+03
7.264344161117214753e+03
7.975375171982702341e+03
9.057497241759077951e+03
2.686371914582035060e+03
4.611735476988465621e+02
3.571219588256641941e+02
1.604256049289480757e+02
1.157285842713249480e+02
9.784940983286826111e+01
6.436499294122667436e+01
8.633946125202814414e+01
9.133246520145064551e+01
1.219896609980674782e+02
2.397704317499489264e+02
3.646503640005069542e+02
5.556202806735387867e+02
9.089496175596525518e+02
1.345560058926642341e+03
2.048177505481693970e+03
3.061270731040113333e+03
4.476873268476892918e+03
6.538539068618233614e+03
9.531728602853474513e+03
8.521769971718224497e+02
1.997111283991705477e+02
1.244474929522873765e+02
7.159313722509946842e+01
4.446899135935821334e+01
2.681898091905908288e+01
2.189944417805724797e+01
2.253905712158528729e+01
5.760631588536942793e+00
7.850896000652774376e+00
5.129443351267971352e+00
4.565398446778262453e+00
6.894155465985412512e+00
2.090624850516381983e+01
1.572186833903474401e+01
1.032483650217593940e+01
2.477918355567651076e+01
9.177458474456923199e+00
2.661287294158134387e+01
2.639342016832155835e+01
3.236635871285590582e+01
3.504409092992936792e+01
5.116456989630008678e+01
5.681655092155526887e+01
7.891688038391481541e+01
7.685217739274763460e+01
1.022300444388685321e+02
1.401868816993807343e+02
1.368172035700037270e+02
1.402350304303470807e+02
1.907882074489851902e+02
2.034107057082008794e+02
2.306104591007762110e+02
2.705188758972837491e+02
3.238861131180776738e+02
3.482466421126187015e+02
4.025269579741985240e+02
4.802369986415228027e+02
5.403663490510926977e+02
5.570742888434973565e+02
6.795557315842954722e+02
7.421420704354756026e+02
8.705168224529272720e+02
1.011740174927859243e+03
1.119923002324785330e+03
1.324780244708279724e+03
1.425185791766140483e+03
1.644081398905041624e+03
1.742012755111722299e+03
1.966583533008153381e+03
2.301094236906353672e+03
2.554257738571006939e+03
2.804720030136117202e+03
3.136949266957818054e+03
3.446307846170860557e+03
3.900153850058004537e+03
4.374722965092777486e+03
5.059205093183149074e+03
5.460865892619508486e+03
5.928078758828363789e+03
6.668233243611884063e+03
7.480561747612297040e+03
8.243181168138071371e+03
5.937138101572325468e+03
7.064605389182171393e+02
3.101111300079409716e+02
2.188227791928141812e+02
9.082647336236703950e+01
6.959265747591268791e+01
4.751633020597784451e+01
3.542260430581885089e+01
3.026568152778061105e+01
1.523968845529456750e+01
1.306593357877710915e+01
2.584342624399532795e+01
2.461920579018081767e+01
3.407061847063426541e+01
4.969634242089768605e+01
4.629210234694945569e+01
6.425252579256626007e+01
9.006886577667309268e+01
1.075063490268623525e+02
1.373472704170640952e+02
1.906700391307786617e+02
2.277249578212041570e+02
2.364590659496426497e+02
3.393793130512045764e+02
4.164210486752810425e+02
5.079324828039271438e+02
5.925648624039548622e+02
7.293543191465631708e+02
9.361856503410289179e+02
1.077783034420164086e+03
1.298445445079961019e+03
1.510869984276701643e+03
1.834373800491535349e+03
2.220630279358963890e+03
2.772531971663586319e+03
3.223319886003301235e+03
3.894507240516779802e+03
4.797318086439340732e+03
5.666093615734568630e+03
6.619011239861029935e+03
7.906486342827404769e+03
9.285156816605851418e+03
1.119035548652174157e+03
3.873670370440117381e+02
2.044862770180636744e+02
1.592345659697784299e+02
6.481738109224424704e+01
4.279262224393485070e+01
2.579690789251738536e+01
1.498023784268933944e+01
1.637202134896157801e+01
1.764592042594695087e+01
1.693046091961462807e+01
9.361596285829715924e+00
1.620957175391905736e+01
1.007808940939271025e+01
1.995933373668766464e+01
1.282625976144603719e+01
1.955198192134409396e+01
2.627838521119076631e+01
4.604149824246493949e+01
3.871198728243648901e+01
4.307617804082348556e+01
6.630339621785391557e+01
5.867621123048567000e+01
9.822945042794485460e+01
1.264609226017845884e+02
1.629501537986187714e+02
1.598918163908327585e+02
1.931916488335842530e+02
2.139090533128082825e+02
2.533503504082467543e+02
3.018209507183229334e+02
3.688920078791057904e+02
4.431315654791224574e+02
4.623544881636822765e+02
5.465133486396334774e+02
6.392183433324423731e+02
7.242265549213238955e+02
8.209449062637660290e+02
9.374227389112809306e+02
1.095418412165785639e+03
1.238596788965418227e+03
1.350319544290306567e+03
1.638767909750434910e+03
1.941526385890191023e+03
2.204427847494690013e+03
2.437517543693018069e+03
2.735106482035273984e+03
3.105566329186470739e+03
3.674946078422272876e+03
4.213240880107237899e+03
4.823496967790154486e+03
5.500369608646850793e+03
6.268392961777641176e+03
6.937777887979518709e+03
8.013499999487162313e+03
9.302680019851582983e+03
1.732068957406014306e+03
4.625412382136532869e+02
2.807239556211354170e+02
1.576686275472728767e+02
7.850473864038168870e+01
5.787380266761407199e+01
4.295544224328952509e+01
2.664690413252697354e+01
2.506471236989100149e+01
1.970126491507440392e+01
2.333212847839947557e+01
2.369541057484097024e+01
4.565921956284491046e+01
4.292631136076243337e+01
5.180746902358789896e+01
7.489284581844103172e+01
1.003504965042354229e+02
1.451403925007366240e+02
2.040735942267123164e+02
2.273326211854703160e+02
2.715216843565762019e+02
3.557281434447243669e+02
4.705225600925153913e+02
5.199882340618379430e+02
6.421492143871573717e+02
8.627494035870491871e+02
1.062811818129255471e+03
1.246651504711235248e+03
1.547574742978530821e+03
1.940922222849896343e+03
2.365762964549211119e+03
2.780968218356329089e+03
3.560434393795665073e+03
4.354527192464403015e+03
5.250565969306762781e+03
6.327154641261872712e+03
7.520274195506436627e+03
9.057501029860291965e+03
1.522836260041844753e+03
3.764078385737992676e+02
1.971230498152781934e+02
1.490189145938819877e+02
9.009330151611565896e+01
6.693090764751973154e+01
4.541595023838863199e+01
4.780533673351119006e+01
7.833829321899405329e+01
1.160010919660681594e+02
1.690861089875830885e+02
2.981902388809810986e+02
4.640146186778947026e+02
6.807785981969939257e+02
9.984691057906125025e+02
1.456259243848436199e+03
2.029839673451888530e+03
2.983954510796109844e+03
4.478630660335184075e+03
6.687715619305296968e+03
9.488097315488152162e+03
1.294048690487199565e+03
2.369349327630539221e+02
1.494362287181468787e+02
8.399615975739912699e+01
5.625099828304293936e+01
4.246329953986251837e+01
2.704210980969465439e+01
1.530144817221674103e+01
1.799982152945823088e+01
1.543643574849708067e+01
1.882284125763035476e+01
2.623210415658582306e+01
4.455337331804734902e+01
5.389599921048942122e+01
7.183092649981517752e+01
