1.042068378858857836e+00
7.823986114247685197e-01
3.168113952965617042e+00
3.816259024372519626e+00
3.860117470864234068e+00
5.306905044014304629e+00
1.791407174219858067e+00
1.459526328294441733e+00
5.247291390625518304e+00
2.086647441729001518e+00
6.113887456759157679e+00
8.079610264151178001e+00
2.863477439081508091e+00
2.912773681169467554e+00
1.436453411248031609e+00
2.117679432289482744e+00
6.992161837455093121e+00
6.050764558966396756e+00
2.800027289934193586e+00
2.190411925806163396e+00
5.997950568175222763e+00
4.436446779531771689e+00
5.606409082541820688e+00
1.632670296476280480e+00
4.981887457616545944e+00
2.658831753791510710e+00
2.136341403638334580e+00
2.229936334747027793e+00
9.120224157407865739e-01
6.564548364649311907e-01
4.265217860195972044e+00
2.511258031000107582e+00
4.467002652167169074e+00
2.773237390809626834e+00
5.067699578553658490e+00
4.180425541730376615e+00
2.427293202330392585e+00
4.235104362701565428e+00
3.233577497130915912e+00
3.932983493634364613e+00
8.426269975538861701e+00
4.743875625605462609e+00
4.170589470550953415e+00
3.379978662486864405e+00
7.208131457575388978e+00
4.175893542619411924e+00
4.087487664295973211e+00
3.263359324321708055e+00
8.399236439833195789e+00
3.529884192351081751e+00
6.353303448561496758e+00
5.721192475476923889e+00
4.398390024038178581e+00
1.649065821057153602e+00
4.471486824987439768e+00
5.566343238039502594e+00
6.504814536353099363e+00
5.186403190092196525e+00
3.474686313866067078e+00
5.470400127202732499e+00
2.544945610224824240e+00
2.101239976502483842e+00
2.292032361869337009e+00
3.374491995272219214e+00
4.192916447175782046e+00
7.189127713595478752e+00
4.046600571001693680e+00
4.629401421979436826e+00
4.372119654444655446e+00
6.185222341855553196e+00
3.885714406818738809e+00
5.391571290093476243e+00
5.060061992657890251e+00
3.331084559839050385e+00
4.573889434673595211e+00
5.820200288759902918e+00
4.591291281985415473e+00
2.274658165284172640e+00
6.973350932513041833e+00
1.009113768058200478e+01
3.105016299024989657e+00
5.628131836033123392e+00
2.584887663591802109e+00
3.490542904337781582e+00
3.414337848668975717e+00
7.285134870288128006e-01
2.960851335930680062e+00
2.014526594514419067e+00
1.746532100317923053e+00
4.471789472136207699e+00
1.990449932836667823e+00
3.398420017674804061e+00
2.666992591474812713e+00
5.580525499503329989e+00
8.598086755476737508e+00
6.091372926942614896e+00
6.255676827996929035e+00
4.268557875933966628e+00
6.153819851168436550e+00
2.618026499504928939e+00
2.998849967691161744e+00
2.948505416091684150e+00
3.315044369700186344e+00
2.139658707310119201e+00
2.564769845018827432e+00
3.720252142920159599e+00
3.003799611032430317e+00
3.123905479533310103e+00
5.149541539379273836e+00
5.187941029065227028e+00
2.314099481213371945e+00
3.805324555207336257e+00
7.853163174310639150e+00
5.364254024845575231e+00
6.152275921927234492e+00
6.846673269515553883e+00
3.570653635075560661e+00
3.454222580376767660e+00
2.541110039156197598e+00
8.174598851640920927e+00
4.169112267476647204e+00
3.557655819711184275e+00
2.140647407402028524e+00
2.992071039569898172e+00
5.158881273476787044e+00
4.567005861416777890e+00
2.023046888504757668e+00
4.774335017174631268e+00
4.666295354168735088e+00
6.113958351470625274e+00
3.428751804288053595e+00
2.803643367704304890e+00
3.330196954581511104e+00
5.104650475214446814e+00
6.955891123125956810e+00
3.575517766172481071e+00
4.367757863597548251e+00
3.085361152580859745e+00
5.625617787428972782e+00
4.496919291647687444e+00
7.360426488922764854e+00
6.849711727626957014e+00
2.371877785973987240e+00
3.262082925387901788e+00
2.644548362785284823e+00
4.150441360410497715e+00
5.269596089467826872e+00
1.601656819684519339e+00
5.126014352280828135e+00
3.740414469147682386e+00
4.479331215569022362e+00
5.950281529932006208e+00
5.879694116066539245e+00
4.335665490524541532e+00
9.695882568662163692e+00
4.368178543340818898e+00
7.111840438083431692e+00
5.519441846938636154e+00
4.518193868804982749e+00
4.171860512821961464e+00
5.773463133207116016e+00
4.117959024600693851e+00
3.610388234985078437e+00
6.228823002083553995e+00
5.808671758789420991e+00
5.987460916667438404e+00
5.009137699065788318e+00
4.650402900869950784e+00
5.521452677310864310e+00
5.258893454060848072e+00
4.449396959971347876e+00
5.699937087165039884e+00
9.976068053461728979e+00
9.608405474884058606e+00
1.427900167167554990e+01
1.524076568234411511e+01
1.409166902805235466e+01
1.592083150148454784e+01
1.719758960977860340e+01
1.700294028085836118e+01
1.531687584968365989e+01
1.266226535406181242e+01
1.972695060722293192e+01
1.555169174823346090e+01
3.368115386095804809e+01
2.970274469672227724e+01
2.682722528465247791e+01
2.727895998401974609e+01
3.822526089011307704e+01
3.797456826355576709e+01
6.020593183377805957e+01
5.980735490857909298e+01
7.437384657459851667e+01
6.500646835701675741e+01
1.050879115495893075e+02
1.007930168240052637e+02
1.213974468126716602e+02
1.139917093980350131e+02
1.221434677868874559e+02
1.297688190855718915e+02
1.824059162325763168e+02
1.739508539101111069e+02
1.935726228509170141e+02
2.013882335854877965e+02
1.914056084005255798e+02
1.943338389355756988e+02
2.261795947012379315e+02
2.451945760604044438e+02
2.819440374447481759e+02
2.810239749438923127e+02
2.874194276882608392e+02
3.240496105885085285e+02
3.238093080812103040e+02
3.521529970184510034e+02
3.116178937774749329e+02
2.955416037770758635e+02
3.566666445930088685e+02
3.660743440967295328e+02
4.317315675466011839e+02
4.083681688031810495e+02
4.086449606340137848e+02
4.004459225910524083e+02
4.707520398741051508e+02
4.864297632846782449e+02
5.119927766065789001e+02
5.774237333114128887e+02
6.314407049974582833e+02
6.217731464404547523e+02
6.351063889625534102e+02
6.840371541587276170e+02
7.300422417668050912e+02
7.372485672818996818e+02
8.410734626507882012e+02
8.286603472803235491e+02
8.544689209829883794e+02
9.000759906741271834e+02
7.778599657611295015e+02
7.561367340590345520e+02
7.972701874521355876e+02
7.844947176845687409e+02
8.491511724741933449e+02
8.920145572508439500e+02
9.644199314200080835e+02
9.129443831467618793e+02
8.425333334176697235e+02
8.785522373805620191e+02
9.263931321296754504e+02
9.248831539567217987e+02
1.040810445491345718e+03
1.041028157446600517e+03
1.160776894547914026e+03
1.148265359713961971e+03
1.136976700546162192e+03
1.121523617218454319e+03
1.097094394110280518e+03
1.099117651114476985e+03
1.048002262230278575e+03
1.046222598038144952e+03
1.161367771615474339e+03
1.126400068947392356e+03
1.214273951527542977e+03
1.156999275297948770e+03
1.260725825873350232e+03
1.262801717591433771e+03
1.318828946398120024e+03
1.283951137322533441e+03
1.272728256677705076e+03
1.223194385739982181e+03
1.396113714859659012e+03
1.406909241059032865e+03
1.401739001767117315e+03
1.333718486776845566e+03
1.320986459299635726e+03
1.284682163233228266e+03
1.408742894334340917e+03
1.401316371015794402e+03
1.478415210024089902e+03
1.518092843513925573e+03
1.395415913065002314e+03
1.390154157866128116e+03
1.345517580979727200e+03
1.341562548927893658e+03
1.509296824466103544e+03
1.490404820192994521e+03
1.589664507503089681e+03
1.566368319973175176e+03
1.446032947645390777e+03
1.473243690412433352e+03
1.549820145998154430e+03
1.594001668494789556e+03
1.474940591521192118e+03
1.400958448836935986e+03
1.499902996985181289e+03
1.515628224527745033e+03
1.451251077386094039e+03
1.435358617754649231e+03
1.450847659904285820e+03
1.461640491267910420e+03
1.450804578868585168e+03
1.496993613138488172e+03
1.557678390670513863e+03
1.540524224921387713e+03
1.539841764171846080e+03
1.507514001317302700e+03
1.368567533839124735e+03
1.430111787875410300e+03
1.469724639788406193e+03
1.445675541526246434e+03
1.446347013581641477e+03
1.459407489948853708e+03
1.549135371789919645e+03
1.567139119916156233e+03
1.671034762229101261e+03
1.653242189888202120e+03
1.435492616077051935e+03
1.472793254296177111e+03
1.527694724899005678e+03
1.497038293623894333e+03
1.537640698602010161e+03
1.493287524876003999e+03
1.671227466120134977e+03
1.688377402266028184e+03
1.703387399330416883e+03
1.707172098010618129e+03
1.687860963596043121e+03
1.615270514941227702e+03
1.511584203009692374e+03
1.515461392203038258e+03
1.558611399102633641e+03
1.590807905995182864e+03
1.674454537006921100e+03
1.687280422478282389e+03
1.514967790770085003e+03
1.581186537747162220e+03
1.671666174813403813e+03
1.691477801098396412e+03
1.681597174494706906e+03
1.650970867084333349e+03
1.801767380979869131e+03
1.722356193970584400e+03
1.529575253999353208e+03
1.558443629826708047e+03
1.582971740109540860e+03
1.608916702920455691e+03
1.797337483816200347e+03
1.827597108368160889e+03
1.832349258626927167e+03
1.844208084402637496e+03
1.763085150279229993e+03
1.765767283097274003e+03
1.743557606565861306e+03
1.779501915773682867e+03
1.527751014473519263e+03
1.618785851111254033e+03
1.749186270162936353e+03
1.736380162817608607e+03
1.689779700591351911e+03
1.669387876235770364e+03
1.688210608766442419e+03
1.692766647999945235e+03
1.707049627811516757e+03
1.677939453759913022e+03
1.818023500598047121e+03
1.822216873789021747e+03
1.742179312921583232e+03
1.734908043717596684e+03
1.837742702005545425e+03
1.883086838223019640e+03
1.840672601935847069e+03
1.885674324848316473e+03
1.717851616461467756e+03
1.741962009839679695e+03
1.555859867311608241e+03
1.596739892831321640e+03
1.861168740965179722e+03
1.827737811172116608e+03
1.712218223342542160e+03
1.702693651161740945e+03
1.623415939849106053e+03
1.598612284661653121e+03
1.764872083048065406e+03
1.799149243840574627e+03
1.702701851647564354e+03
1.732901964266006871e+03
1.755819342308856449e+03
1.734301973926933897e+03
1.734595812893075163e+03
1.757468705094282996e+03
1.730399712344065165e+03
1.757955027296024582e+03
1.809465407393375244e+03
1.828602536101507894e+03
1.867556940547740624e+03
1.806123488591345904e+03
1.806322078650162439e+03
1.816773705547833742e+03
1.574525071918385947e+03
1.580435514526867337e+03
1.677767631328817515e+03
1.689602274031180286e+03
1.759996487712038061e+03
1.753565789495693252e+03
1.736585708457072769e+03
1.732388249754177195e+03
1.620938324324422638e+03
1.681195183071833526e+03
1.656818073766405860e+03
1.684988388040802420e+03
1.708681475560535318e+03
1.680351185071900545e+03
1.627116757963096461e+03
1.660303117739586696e+03
1.646932391170734718e+03
1.675039969639568426e+03
1.687669012561978207e+03
1.667379419065629691e+03
1.856271484131148782e+03
1.829732739471461628e+03
1.614701412294705960e+03
1.578167048934295281e+03
1.651487676035651020e+03
1.657730686556380988e+03
1.663804805378755646e+03
1.671270768258604903e+03
1.565881345837296749e+03
1.546762698048956736e+03
1.595623731971106736e+03
1.528459608567768100e+03
1.711568512123502842e+03
1.709801426525598799e+03
1.620309297090849213e+03
1.680093164717854279e+03
1.666621891268038553e+03
1.647096430877171770e+03
1.631876915688994586e+03
1.705172722579322908e+03
1.619609108938984264e+03
1.638699215439112322e+03
1.633377325125346715e+03
1.625289916441529158e+03
1.846407739070803018e+03
1.854035446776245635e+03
1.519283443467931420e+03
1.490611542470484437e+03
1.525755681297635192e+03
1.538127913975697311e+03
1.617476309780646943e+03
1.622701131010911695e+03
1.704455921018890649e+03
1.659616520390743744e+03
1.389976677845122822e+03
1.409021656443647544e+03
1.612829665860042041e+03
1.557313966063040880e+03
1.563966075784341911e+03
1.602474436240421028e+03
1.540706036158614324e+03
1.540444941306859164e+03
1.522989377423699125e+03
1.511849280190107038e+03
1.600169273922937919e+03
1.623404149021950616e+03
1.642865981802819306e+03
1.621880280088105337e+03
1.660024629638837041e+03
1.595274199202436421e+03
1.543869461555866110e+03
1.568567320449018098e+03
1.522719664263862114e+03
1.457150863287068432e+03
1.673843411239532088e+03
1.663666060849857558e+03
1.657049659838241269e+03
1.691416158313855249e+03
1.472802052713742796e+03
1.467633005697812223e+03
1.643986703057882551e+03
1.600620621140857338e+03
1.653248597919885924e+03
1.635323284925637381e+03
1.564512688020120095e+03
1.532998620100737980e+03
1.629603644857188783e+03
1.661139769135245615e+03
1.685553168057696666e+03
1.650609608767166492e+03
1.658145752877034056e+03
1.690135098889070605e+03
1.649025423396116594e+03
1.625660238923677070e+03
1.632260670698002286e+03
1.676948716926176985e+03
1.621429427415586133e+03
1.615178106425711803e+03
1.527715294510102467e+03
1.514568115806813694e+03
1.485892860952833416e+03
1.498786327366776050e+03
1.615515760545115427e+03
1.648852814690778132e+03
1.714356288255666868e+03
1.736139258431445342e+03
1.508632079088604996e+03
1.477424159909042601e+03
1.526703767625567707e+03
1.510082569622260962e+03
1.496797114079163066e+03
1.507784357185023055e+03
1.691442736648892151e+03
1.645230379565147359e+03
1.601245172101247590e+03
1.602818595947090216e+03
1.588847110420114859e+03
1.591014063877235230e+03
1.504658155181998609e+03
1.476135914279858071e+03
1.629976461555112564e+03
1.626196683761042095e+03
1.708400218276447504e+03
1.718952599789944770e+03
1.621943342431797419e+03
1.632450822009703415e+03
1.490226050708938146e+03
1.460649834739896505e+03
1.599249380683828349e+03
1.569400677189857561e+03
1.696768720027259633e+03
1.641557546647116169e+03
1.669420162631020730e+03
1.648740634298237410e+03
1.423783225481104409e+03
1.427804011173004938e+03
1.647226939344535367e+03
1.602164093836471466e+03
1.592544600742899320e+03
1.597599329645439411e+03
1.573234513051479325e+03
1.606731094848222710e+03
1.790475705905943414e+03
1.773061297943680529e+03
1.712565310331124692e+03
1.744777485363962796e+03
1.701369748207044495e+03
1.703996495635227120e+03
1.639850568654937206e+03
1.613529523975765187e+03
1.588243825535611450e+03
1.631006239519743303e+03
1.564424384186694397e+03
1.594394760222639434e+03
1.583466829653701552e+03
1.627700444015432367e+03
1.861999509591265451e+03
1.791957206534510988e+03
1.729334324605206120e+03
1.674169133703670695e+03
1.708296858769027267e+03
1.709067847958575840e+03
1.780914165280029238e+03
1.712419833803649226e+03
1.714310235077863354e+03
1.731081376528991086e+03
1.742980224743489089e+03
1.724704146320607833e+03
1.651674309036053273e+03
1.668213535515613785e+03
1.610116587625908323e+03
1.637954958229093791e+03
1.788135194024300290e+03
1.812452616596471216e+03
1.593139594527142890e+03
1.552454281818507525e+03
1.828628679503675812e+03
1.793840325935448618e+03
1.717829158374001736e+03
1.809153899012572765e+03
1.957356132268268311e+03
1.903737213633110514e+03
1.594034060827604890e+03
1.614707239696988381e+03
1.742853127355438573e+03
1.649304645428446975e+03
1.541765743553255561e+03
1.577681688842059202e+03
1.768488687770252454e+03
1.805603335227115622e+03
1.759043159201716890e+03
1.733858586475471839e+03
1.654803158844138579e+03
1.677259814139041282e+03
1.652281178434362346e+03
1.641463216239261556e+03
1.670540182573722404e+03
1.671765233533204537e+03
1.720520230823460224e+03
1.741842377646035629e+03
1.712898010257052647e+03
1.788918422412157042e+03
1.768307475825654365e+03
1.760441843339154047e+03
1.617281078201776381e+03
1.650630554704505585e+03
1.757275264945649724e+03
1.714454282283882321e+03
1.729572431935392842e+03
1.751974557059651715e+03
1.653392459604087662e+03
1.716030357706760469e+03
1.555477118618798613e+03
1.598803007358395007e+03
1.665087095740431323e+03
1.629915006849358406e+03
1.733187187910488319e+03
1.662976711110034103e+03
1.564206050139504214e+03
1.532032423341969434e+03
1.747110708262413937e+03
1.787412337650519930e+03
1.743862647222899113e+03
1.752219352414721925e+03
1.656651218866266390e+03
1.630862404684940429e+03
1.787628256615634882e+03
1.792760765593629230e+03
1.597477466394484281e+03
1.600996655846742442e+03
1.662072985407670558e+03
1.711839370695182652e+03
1.806140486769761765e+03
1.740743193453983622e+03
1.773684139727746697e+03
1.765471196296436801e+03
1.674254639008125423e+03
1.669311639589680908e+03
1.565038984646069139e+03
1.553232436532714019e+03
1.506216993803333708e+03
1.581072880160925934e+03
1.735849074670585878e+03
1.715225870027448536e+03
1.699535817185465476e+03
1.676092943284236526e+03
1.654757099196889840e+03
1.619510467850458781e+03
1.630452888020191722e+03
1.597743142639793859e+03
1.748448927080096837e+03
1.747419501469339593e+03
1.685243030430014187e+03
1.676014592005986287e+03
1.791414671146382034e+03
1.759485240535105731e+03
1.496288139337707889e+03
1.502875374945888325e+03
1.717632412914964561e+03
1.758527689717969224e+03
1.749908205605946705e+03
1.776490617883151344e+03
1.833396736363160016e+03
1.788895845301625968e+03
1.610413783845279795e+03
1.593260230077254164e+03
1.839616691823579686e+03
1.863448755399158699e+03
1.874167462828782391e+03
1.809181125827858978e+03
1.754753800836073879e+03
1.791888851527689667e+03
1.869616799215909168e+03
1.872344944172700707e+03
1.733190613278854698e+03
1.758017053254656958e+03
1.773117714762321839e+03
1.761173608772731995e+03
1.628272574940345748e+03
1.709405771401322227e+03
1.732722751080443231e+03
1.751095732669991548e+03
1.749242229208804474e+03
1.776425409408417181e+03
1.592534972437884562e+03
1.638690626319071271e+03
1.710439734889208694e+03
1.670456166142899747e+03
1.627957752583009324e+03
1.559172721103855565e+03
1.747477629950859409e+03
1.756057868612300126e+03
1.881727684336546872e+03
1.855800862507151805e+03
1.658198711630430807e+03
1.631651075166006422e+03
1.546310825553717450e+03
1.555955245680587041e+03
1.818027297718386308e+03
1.788570024679195967e+03
1.584847323987848085e+03
1.515141924041523680e+03
1.537151204951211639e+03
1.545386995445880530e+03
1.637014826960351229e+03
1.690237048998043747e+03
1.725086945905615494e+03
1.794164112652191989e+03
1.642011501355951850e+03
1.635653760948500349e+03
1.675028079798031513e+03
1.618290243886415510e+03
1.753340195674162715e+03
1.727765608473216844e+03
1.769815005713646542e+03
1.755474299047722297e+03
1.762564996480355148e+03
1.717268361691433029e+03
1.771763909303516584e+03
1.738537005634664411e+03
1.749598959594596181e+03
1.765344026455015410e+03
1.574829153112816584e+03
1.563446827724032346e+03
1.778406611758367035e+03
1.814217068430755262e+03
1.560527696353887904e+03
1.556309254055494876e+03
1.638269624248825039e+03
1.618485212766034692e+03
1.673227065528766843e+03
1.681559425573284670e+03
1.656074717982195580e+03
1.738806795736952608e+03
1.792524294900125369e+03
1.733583887488995060e+03
1.696126119053476486e+03
1.703090178657613706e+03
1.677193070006264179e+03
1.692047524139297821e+03
1.769292734871057974e+03
1.784537999802773811e+03
1.738557821270662998e+03
1.695900711564679568e+03
1.891662394689330540e+03
1.909402958947085835e+03
1.694956120830721829e+03
1.663281677772328976e+03
1.657336549903081732e+03
1.692878233543546685e+03
1.829566369496692005e+03
1.755893420142568402e+03
1.785957825482314092e+03
1.786495583258868464e+03
1.783678498071387367e+03
1.827666596507114491e+03
1.871508747325238573e+03
1.852589516922279017e+03
1.858651370550516503e+03
1.860200257895163077e+03
1.635861367150077513e+03
1.618066550217809436e+03
1.899887970979712009e+03
1.901545572685667366e+03
1.857097482042529919e+03
1.810150989568810246e+03
1.800172643945617665e+03
1.832140988254503782e+03
1.883215594988339944e+03
1.809667201158506941e+03
1.691865454853750862e+03
1.679716863130117417e+03
1.682824409614171600e+03
1.756473756449637676e+03
1.647194689492869202e+03
1.592234775638668907e+03
1.865968010808675899e+03
1.854057286144409773e+03
1.831361752065533892e+03
1.777475717522053401e+03
1.721966429814387084e+03
1.721564870015584347e+03
1.805776921523580995e+03
1.835967769924132199e+03
1.540981287263768536e+03
1.498596573367522296e+03
1.711495469900016133e+03
1.742352003428074795e+03
1.831027960523811089e+03
1.799384318098079575e+03
1.788874592042173617e+03
1.782403533755473063e+03
1.738340697559620139e+03
1.766332039215141549e+03
1.758154613667288459e+03
1.823275238443964099e+03
1.753178721527934840e+03
1.752442117605495696e+03
1.700074825119804700e+03
1.697968894328316765e+03
1.793732337239483968e+03
1.752918570984059670e+03
1.680348431587348159e+03
1.689097000534457948e+03
1.663695576148615828e+03
1.751930103217502165e+03
1.859143600319827783e+03
1.951661166495132193e+03
1.731284410563215033e+03
1.782580679945072006e+03
1.726237897764981426e+03
1.748361283361013648e+03
1.711725820151425069e+03
1.770425865037740550e+03
1.794390891967466359e+03
1.782350165467492388e+03
1.874476906253126572e+03
1.860734701043538735e+03
1.782289137053907098e+03
1.785310298417531840e+03
1.747039296449992889e+03
1.793264666137055656e+03
1.837547081455510579e+03
1.867814025174099697e+03
1.830989023944906194e+03
1.832716806592205785e+03
1.749132638742254130e+03
1.730015164880529710e+03
1.893365926303431706e+03
1.906401395999868100e+03
1.814097381389138718e+03
1.769423583916256575e+03
1.750625200325057449e+03
1.712059794870053111e+03
1.631339115686726700e+03
1.678541697562743138e+03
1.657523824951433653e+03
1.706099617608705557e+03
1.881461389267237337e+03
1.804230827286273325e+03
1.832665081532893737e+03
1.884110234839547729e+03
1.835844360101501934e+03
1.896788333850237677e+03
1.745055604057489745e+03
1.769528607210351765e+03
1.661459618567861526e+03
1.656938993191802410e+03
1.827237890520088513e+03
1.831921062425775290e+03
1.861427796787300394e+03
1.865656650863791356e+03
1.845839867420576638e+03
1.843347509300495858e+03
1.729393358869147733e+03
1.754921816589726632e+03
1.755945592350478364e+03
1.818151810447911657e+03
1.773733395707799446e+03
1.734341815085270127e+03
1.720823884260683826e+03
1.717987206298667616e+03
1.765521180271054163e+03
1.750427246260424226e+03
1.931604175003931459e+03
1.926795110452669405e+03
1.648179852582799185e+03
1.656109832538346836e+03
1.677115751899798170e+03
1.640005085181685672e+03
1.616213259779357941e+03
1.622632162975942947e+03
1.761653964085423468e+03
1.738044372391957722e+03
1.558229805071494866e+03
1.602042232318619199e+03
1.760891937729121537e+03
1.779171647942519940e+03
1.756222871628830944e+03
1.785945873817153824e+03
1.715646740039119322e+03
1.743684197773781989e+03
1.742430248161658028e+03
1.749576104077214268e+03
1.735070068206339329e+03
1.728908992488523836e+03
1.588383750327916232e+03
1.554512692900865886e+03
1.867761167957687121e+03
1.863699442770693167e+03
1.689714206855257999e+03
1.687624434809234572e+03
1.753114936018753042e+03
1.763550006349089017e+03
1.651759565741945380e+03
1.716484877151730188e+03
1.674167340385147327e+03
1.703868076118051476e+03
1.715202741181479041e+03
1.668465997681829322e+03
1.633783414963680116e+03
1.618779584784994768e+03
1.612296498044476039e+03
1.561506480762815727e+03
1.622846049546359154e+03
1.603373086904293359e+03
1.621830139782743345e+03
1.647938065390078464e+03
1.587832165959801841e+03
1.564726780999513267e+03
1.760603585172911380e+03
1.723988478127571625e+03
1.662823284951100959e+03
1.648058335156265457e+03
1.623387560111577841e+03
1.566966289056548931e+03
1.779411621844835054e+03
1.765784025828530503e+03
1.756736362798432538e+03
1.781132915037915836e+03
1.716618985992639864e+03
1.693622488659225382e+03
1.658649869838161749e+03
1.646755662016349561e+03
1.787905667892558768e+03
1.709743890228410010e+03
1.948010919498707153e+03
1.940226474481414698e+03
1.595467758452206226e+03
1.549044564067944975e+03
1.882317676270658922e+03
1.834051464520108084e+03
1.764925825347525233e+03
1.717079452704854248e+03
1.744962336256911613e+03
1.758496216423395026e+03
1.927417179528409633e+03
1.912418105541119530e+03
1.816125676702574083e+03
1.830087961770414267e+03
1.789968211145063378e+03
1.775094751727344146e+03
1.750474624053780872e+03
1.749865240280054422e+03
1.752426483275890405e+03
1.842092737025776387e+03
1.796350515184876485e+03
1.720133985494703438e+03
1.781977229002057584e+03
1.729130426136789765e+03
1.910103290559209427e+03
1.920375737305038228e+03
1.806339073606479587e+03
1.875737700916276708e+03
1.869305433686794913e+03
1.916195745395478752e+03
1.871662940034560279e+03
1.841138318392946985e+03
1.811325608413090322e+03
1.772548975570545281e+03
1.727461091084494456e+03
1.690687256488953835e+03
1.871696991644526861e+03
1.943699702775107880e+03
