1.157492695348349976e+00
1.464418888107048566e+00
5.332932020336311751e+00
3.269603750476718584e+00
1.291796057891609451e+00
2.743994585764495397e+00
2.700568504027241801e+00
2.854781985204605466e+00
6.292481323284616401e+00
4.479779138143149098e+00
3.113689007145969079e+00
3.058048736613486085e+00
2.395490783058134898e+00
3.224213175020875788e+00
1.885601322863101004e+00
2.329812891637391026e+00
3.668929047260804932e+00
3.102576693017286669e+00
3.020210663771492499e+00
1.346553962378738811e+00
3.617285467736611082e+00
4.707942835132833181e+00
7.766629613798967213e+00
8.062178584788162183e+00
6.415589629488747114e+00
4.074834937658670775e+00
3.927045394750561247e+00
4.961352100011595212e+00
1.130000029646476278e+01
8.644951312184304015e+00
3.881408341310609522e+00
3.310738291753905660e+00
2.846339892886978973e+00
2.584014204173636919e+00
5.903514835162629204e+00
4.239287689349577448e+00
2.151279498137975477e+00
1.527103797947989117e+00
4.091610345888967437e+00
5.570185514071607003e+00
8.392879957607155106e+00
7.253568559050449949e+00
8.612211923407073755e+00
5.510961661469739425e+00
8.872713348429288160e+00
5.213837131014770421e+00
5.087245589255968703e+00
4.061795338579269554e+00
3.998772806986929496e+00
6.192651672011921349e+00
2.665332397046288548e+00
7.877370302432329829e+00
1.344776080575024180e+00
1.656232342656450029e+00
1.434565106042216653e+00
1.831049389899057189e+00
4.629454493243730262e+00
3.887659467819611248e+00
5.558876462535246255e+00
4.885284452542236977e+00
4.061042611131102653e+00
4.662475206346130108e+00
3.362163750346641056e+00
2.298596532180499974e+00
5.738740170420451037e+00
3.072585215300807970e+00
2.923184789408664663e+00
4.885796464353772350e+00
2.284907543179190981e+00
2.280514614071819324e+00
4.950466797904462091e+00
1.601475118568195244e+00
2.734673789614644246e+00
2.068672454172785447e+00
5.983943161298118874e+00
6.463167437784836267e+00
3.295236551507469525e+00
9.769305214608555943e+00
7.501824043290609367e+00
6.213526976953770209e+00
4.837989284742851837e+00
3.842566684733792481e+00
1.144950828859463776e+01
1.175097848693539504e+01
3.204250527849660468e+00
2.963360768127620837e+00
4.873880883686960708e+00
3.109039972653147466e+00
6.865314153753825366e+00
4.106755762090749329e+00
2.389175161754850674e+00
1.435430539684882545e+00
2.716496972451897030e+00
4.278346156638532349e+00
1.127382404800247073e+01
4.644188568898093727e+00
6.204563413001055849e+00
3.113087582342183079e+00
3.788637992201153271e+00
2.740542087439545860e+00
4.424930557520620589e+00
4.220096059579259595e+00
2.854095851854344446e+00
5.314047184665688484e+00
4.706917252095202286e+00
4.185353336011231384e+00
2.472130513786935602e+00
2.202853414710078450e+00
3.194765747125374755e+00
4.544878754837886170e+00
2.683539868936156481e+00
3.356665486190291592e+00
3.057688952122145754e+00
2.835203053515064298e+00
9.058886301586232648e+00
8.511096850617663634e+00
3.651905719094716840e+00
2.027746722302539162e+00
3.146349598805433967e+00
1.556794987530557339e+00
3.847048933853630892e+00
2.375407201420353331e+00
3.925388384852084744e+00
2.698507833997139116e+00
4.846941703048353034e+00
5.596168015127243933e+00
2.109962599927777571e+00
3.808820814803397514e+00
2.268094068145079412e+00
3.364379206553469892e+00
5.070731648891685595e+00
3.228976156348406068e+00
4.542746906692535447e+00
2.212697401464098323e+00
2.574916074384991038e+00
3.053534940850413548e+00
1.930624423019903002e+00
1.311394632624815149e+00
5.651703192205988380e+00
2.090809688927010246e+00
4.269601103300599831e+00
5.123931150715374194e+00
1.352890408013844636e+00
4.893665677782308876e+00
2.202153537662594029e+00
1.483872816444161691e+00
3.731156452802128598e+00
1.685961995042427830e+00
4.042169307985451709e+00
6.321569148303407992e+00
2.418171601010319804e+00
6.045982172013116163e+00
7.775218740543770046e-01
1.795389592146272584e+00
3.770324903725546850e+00
2.318001376111834766e+00
2.062037242585119223e+00
4.329933471198191164e+00
7.853836645676349981e+00
2.700925635999395169e+00
4.945130202940974051e+00
3.614846248894185710e+00
1.849212964252664015e+00
4.676575269024478843e+00
2.450892521737291219e+00
5.283594013257657984e+00
1.348995558567796671e+01
1.181479785455585230e+01
2.046440718789604318e+01
1.907602117358776184e+01
6.231953812447152075e+00
9.040747450463241464e+00
1.392925132129431276e+01
2.893074279038641450e+01
3.803540862306143566e+01
3.305164483198687009e+01
1.445132126744867307e+01
2.365204114057413420e+01
1.936882962862987512e+01
7.907919953686290526e+00
4.484680490036529577e+00
9.897171878302669867e+00
6.919000177063278301e+00
9.492615857550720904e+00
4.981336238439434183e+00
1.979688600215954608e+01
3.234106519474946140e+01
3.954113781614422862e+01
3.041559903683202748e+01
3.458948868473073190e+01
1.646549469207547745e+01
1.372552520603238513e+01
8.331783764019869309e+00
5.307141136563255479e+00
1.139296444382851980e+01
1.600066235572981199e+01
1.949444156689173147e+00
3.120338173241893109e+00
4.647657524117762229e+00
8.435899983022274284e+00
1.951079469182618809e+01
1.628557341876645737e+01
1.273153231110389605e+01
4.798165699267805451e+00
1.285585180503592717e+01
1.141228779415875749e+01
8.228210802325055084e+00
2.829524636337112398e+01
4.440869648533045222e+01
3.327339311080476847e+01
2.277531818137045150e+01
7.833692113829949122e+00
1.542177907487331368e+01
1.319219490869674161e+01
1.229955825127860969e+01
2.139456217298148388e+01
2.685132996340254863e+01
3.243760259720855998e+01
4.330548512728146449e+01
3.698407756329749674e+01
3.265576955269195736e+01
3.073778198366284542e+01
2.480598795723469863e+01
1.970024491128320321e+01
1.139282935937472452e+01
5.555634787969179200e+00
4.468776290170217713e+00
6.975906737894681520e+00
7.810627298042463806e+00
1.070420769870195699e+01
1.330984056448420283e+01
1.648236786089887573e+01
1.798473556387638439e+01
1.784255168537242042e+01
1.190196112016099761e+01
1.656311121021490251e+01
7.576562375456416198e+00
3.625471692709540861e+01
2.446744576553066963e+01
1.595588007722346724e+01
1.103238000071975300e+01
9.217391118665089422e+00
3.766141880512338780e+00
1.630274967859929092e+00
2.670747193083064630e+00
5.244542897111254653e+00
2.972240894773778397e+00
3.857141831877407778e+00
5.725996263337982839e+00
3.138361265917959386e+00
6.642985344947240911e+00
1.019438841919346928e+01
8.845832286099813757e+00
2.734365385186195851e+01
1.056338908717752822e+01
8.109092369419759194e+00
3.625579658612815592e+01
4.075251614719797288e+01
3.788147516503602930e+01
8.560212982368038581e+01
6.572500814370648925e+01
7.673899261628540103e+01
6.110945454407478650e+01
7.640096377209547995e+01
4.604862947775819038e+01
6.017676364122213073e+01
4.299792010768679518e+01
1.570504793320814585e+01
7.485369483585156303e+00
6.657925083741370820e+00
1.104760272602424287e+01
7.959996023293949285e+00
9.568492891703066050e+00
8.558630185138863311e+00
5.560689570723962305e+00
5.175343096772412999e+00
1.907654699838213341e+00
7.275218235798433852e+00
5.489709706589426474e+00
2.718892075372406580e+01
3.306313605353363272e+01
3.056931928688757694e+01
2.207255828071083670e+01
9.918729021427813208e+00
8.392531070921769754e+00
1.997368636718136514e+01
2.132007840264865806e+01
3.194568944954041712e+01
1.770169867019943410e+01
9.350969862920624820e+00
1.500741629868587346e+01
1.308737590773186099e+01
1.128096169947141370e+01
1.088970091823785147e+01
6.233577659212630628e+00
4.663992944400229490e+00
8.206512798661686148e+00
1.235487684863914204e+01
2.415186492599561419e+01
1.271821340219333685e+01
3.332694534708193856e+01
3.851537407834799609e+01
3.387423809905751426e+01
1.796559138555518231e+01
9.048385385495816280e+00
1.920744672167186451e+01
3.262774147899910560e+01
4.128067578747035782e+01
4.659723319053262713e+01
6.705072973485221155e+01
6.383499790037076593e+01
7.705896186496173073e+01
7.574417071625666154e+01
6.765623449590583505e+01
8.416556031559480289e+01
6.613619915778660641e+01
6.227527413086039587e+01
4.459994396963751484e+01
2.960174390826260193e+01
1.422900866237439921e+01
1.007481365438004417e+01
6.936252155092086369e+00
3.861598018875590732e+00
5.370950626692288843e+00
4.666024598942020596e+00
3.132046445523264389e+00
2.587885022376035682e+00
5.118434930750733081e+00
9.817485983713918785e+00
1.013000023185231235e+01
7.212231154900837105e+00
8.047356396413507085e+00
7.444472691142519416e+00
1.146923399322458259e+01
1.416087102623245819e+01
1.318172003003192394e+01
1.610325574794302383e+01
2.052823063265057613e+01
3.573490573446110830e+01
2.930880768123945401e+01
2.783944062687494281e+01
3.071062071267216709e+01
1.900661680210457050e+01
2.152210819244853823e+01
1.578025044975425040e+01
1.352839799092470940e+01
1.546977653730100144e+01
1.183567095329646790e+01
9.438075812819869626e+00
2.866179299641259615e+00
9.006638398159930503e+00
7.280995951283362189e+00
1.413164401856683838e+01
7.288192643792629433e+00
3.148213085382466137e+00
2.638783414366479896e+00
9.169139823397967959e+00
2.870359891515872874e+01
4.571726409430006299e+01
5.506130839036640623e+01
5.058255288726961396e+01
3.144551654009098485e+01
1.700751290837819241e+01
1.733160611586246347e+01
1.089333470156665840e+01
4.854026844606026181e+00
3.586665419853518166e+00
2.719770038889817165e+00
1.899703060519749132e+00
6.564832321539434190e+00
8.901915641245151889e+00
1.397931398525384417e+01
1.493709242060655384e+01
1.489349278783936903e+01
1.052928096920200218e+01
1.166009499712250808e+01
1.584216333588447334e+01
1.109142537657898764e+01
6.440150070132388826e+00
5.357122416048589741e+00
8.738971321831673578e+00
9.380165096919766299e+00
6.126754282814076191e+00
4.853848622037163274e+00
7.364904688293352208e+00
1.181800675607892437e+01
5.695599321957328875e+00
4.722172857351515596e+00
6.503329808655039734e+00
7.060287437695524915e+00
4.118653415182237154e+00
4.767110123058954763e+00
1.308088367381508732e+01
2.094100816930722786e+01
1.431583271790270828e+01
1.056129872077562304e+01
3.247366179956365784e+01
2.424179198650034195e+01
3.519082192972966538e+01
4.628149805382442139e+01
3.767664948166333971e+01
4.744254005178986233e+01
8.922840235747823101e+01
1.261299608495520914e+02
1.236047289278584458e+02
1.124848218017390167e+02
1.224388484851852894e+02
1.226624969229218465e+02
8.011491852762793542e+01
4.247304125621508319e+01
4.834524822179950831e+01
2.213905269633876571e+01
1.482685186248798637e+01
1.946166361329893491e+01
1.726377437663704839e+01
1.218589638987629975e+01
5.454294864610094606e+00
2.491615921726966221e+00
9.048014956874890657e+00
1.390570614576902919e+01
1.730139470040765914e+01
1.863173292448101392e+01
2.134281844818119467e+01
2.112515010278298178e+01
2.377160209474711650e+01
2.566658938640935972e+01
2.571005518947063351e+01
2.732179170233650822e+01
2.623192767560616190e+01
4.684442611490153752e+01
7.539054693433516263e+01
8.340532690475508559e+01
8.236207684142760854e+01
1.106152287441391024e+02
1.084544569820874358e+02
1.099965482144409492e+02
1.049590748484541933e+02
9.149011259859223344e+01
7.950598602032883377e+01
3.634560447340315648e+01
5.706355369638018260e+01
6.434221425399756811e+01
5.559102526954441004e+01
5.021368853781280706e+01
2.518979439490973959e+01
1.264001350984299421e+01
6.793938752866933939e+00
8.442986993042294941e+00
1.705752935277885740e+01
2.148596633303135306e+01
3.537260943631445542e+01
2.518554574559408366e+01
1.811591277938980937e+01
1.686299266357731952e+01
3.894027146136208817e+00
1.400875688651466078e+01
1.533817010767851308e+01
9.074094965449569727e+00
4.367818426881854954e+00
3.570662920865596224e+00
6.605852393962071467e+00
6.571410750106162268e+00
2.454540268309496565e+00
9.650450430370073107e+00
1.456708257136620688e+01
4.327714404193849873e+01
6.272104434527647498e+01
6.191125033952668133e+01
7.093951261358014904e+01
5.945342302530073653e+01
5.924577434540912435e+01
3.031955229438779398e+01
2.614298024923030539e+01
1.865702752662675934e+01
5.205705740979385432e+00
8.005716621030092739e+00
5.597822563155274267e+00
1.046411043892788939e+01
1.083275558834316499e+01
2.255715134337660999e+01
5.466641850041971651e+01
3.836394188753014589e+01
2.073957466694215412e+01
2.127916827315525694e+01
1.334146307494064665e+01
5.982273572959678098e+00
4.089547777369505255e+00
6.582319261340921379e+00
5.578510887795524731e+00
4.102436120256547802e+00
7.875847348993815444e+00
8.821615581300573439e+00
7.135569140591758064e+00
4.492686453160678717e+00
6.647961625491827675e+00
5.386554648251431487e+00
6.264703852367881964e+00
4.341442375422488453e+00
4.049465277994323209e+00
4.857129288896707031e+00
1.358669262596383298e+01
8.371338944211853317e+00
1.742741392448053617e+01
3.301426101704999638e+01
3.901813284012962413e+01
5.134409836109321645e+01
4.858591012124573894e+01
4.834998734510129026e+01
3.682942370422828304e+01
5.084748578852811818e+01
6.612345943242745250e+01
5.151244323316683449e+01
4.970884063086511162e+01
7.152871641099142153e+01
5.451256288174673159e+01
2.783571653856745343e+01
2.598135196759350052e+01
1.462636811717771046e+01
1.250351513671046177e+01
8.644356901292168160e+00
4.984856154014289054e+00
1.350832219610786211e+01
2.220797963758487015e+01
6.282225825193675917e+01
5.638929253986030687e+01
1.060252320219171196e+02
1.025162862955075838e+02
1.032591082305216759e+02
8.642699639210964335e+01
8.178211754363456976e+01
6.257507047942726075e+01
3.666131100259521247e+01
4.360390330234454836e+01
3.792480273128646218e+01
3.705153476552646907e+01
3.560660123954877321e+01
8.587027106723382985e+01
9.577994360517978123e+01
6.818650887351755330e+01
2.851364566324726368e+01
1.272467049906348713e+01
7.248609831049437346e+00
1.303729902632610793e+00
5.022552249768917676e+00
1.208821723036525242e+01
2.510586581079869362e+01
3.160298013204274170e+01
4.264615668722814945e+01
6.454946012052731419e+01
7.789219628123333905e+01
9.365267977616450423e+01
7.999865859269954171e+01
8.883518146811947247e+01
9.144295248767865303e+01
1.069697111654965624e+02
9.731812258602042220e+01
1.031113152189803372e+02
1.153715066792434527e+02
1.112881986231881370e+02
9.518718201367425991e+01
6.837512557701217020e+01
4.503077197375941410e+01
1.968288230288429830e+01
1.937608025971212200e+01
1.407733213692909402e+01
2.426279482399031906e+01
2.203264074635488612e+01
1.983818190163043838e+01
1.899646797536539466e+01
1.801289365422973532e+01
1.879432830737964366e+01
1.585466356060984516e+01
9.864304466581256037e+00
4.075331776977017206e+00
9.767666029333499367e+00
1.338016868213644450e+01
4.431327452624761776e+01
6.566405096319799384e+01
6.147964687054049904e+01
7.397080392369926471e+01
7.230656140049674718e+01
5.223043737838549561e+01
7.691581685170712035e+01
6.753221490385641346e+01
5.753362955507342491e+01
3.323605099291468434e+01
2.532655833802277812e+01
2.795203723120245698e+01
1.905217015788319657e+01
6.721643610428141180e+00
6.600693436849645934e+00
4.011898040072686911e+00
6.722322877461547996e+00
4.379443722704681186e+00
2.396441897289613987e+00
9.202622984855443278e+00
3.786987689156548953e+01
3.731262013622293239e+01
5.494087371175507428e+01
5.738238171325681947e+01
5.329164828936954024e+01
4.843093311291746517e+01
4.071818815464472863e+01
3.538143729204944776e+01
2.630549856416802612e+01
1.368129899965663476e+01
6.907945111090358914e+00
7.342822748320009474e+00
7.780067411190378479e+00
7.384094265325368944e+00
3.663340511617921180e+00
4.700931211573847079e+00
8.553258760767127100e+00
7.786721844727087394e+00
1.261993232913507867e+01
1.516549211501109795e+01
1.275468289083507045e+01
1.869650471537930514e+01
1.441045646626487020e+01
1.883777360321325745e+01
1.275468592119485223e+01
1.211223183095974143e+01
7.428030386108908978e+00
6.340878330244946071e+00
1.505739586111968720e+01
1.833733089475544986e+01
3.606874600687836363e+01
2.476939035261829503e+01
5.077346931664375518e+01
7.591404460386941366e+01
8.516741271115535028e+01
1.325009536149899532e+02
1.160542807941701398e+02
1.129002445137608106e+02
7.937017074035397002e+01
4.111829554904997508e+01
2.680836001049056705e+01
7.921029401447055029e+00
1.362442209337769050e+01
1.288567559530430451e+01
1.812422107506617763e+01
2.570398468697109351e+01
1.397278394851128702e+01
3.190396100247924860e+00
4.179320771617685892e+00
1.710402424730612214e+00
8.610312654372055619e+00
1.012599462341283285e+01
1.975468473703434213e+01
2.035163042356059293e+01
3.095854594903877910e+01
2.289205619326735786e+01
2.232896055961656145e+01
1.272726484368723554e+01
1.132261087990572967e+01
9.126273241782108414e+00
8.624093581318669877e+00
1.090646692584997446e+01
5.771474562186273083e+00
1.088005528939435784e+01
1.243135532985159841e+01
8.735965814070198121e+00
4.905048489703641934e+00
4.694801809307659113e+00
9.021988808189306042e+00
9.669298645040722562e+00
1.333609108030361590e+01
6.724564040579195989e+00
6.203961872253456633e+00
4.441986243432618942e+00
5.108318134655299048e+00
7.040321640061753428e+00
7.294752302248275200e+00
6.625470437219181719e+00
4.322574695289619129e+00
4.644838263834758507e+00
5.323868404755573991e+00
3.206054827893689119e+00
2.711422297459872954e+00
6.556306976755155169e+00
2.358371836068386074e+00
3.495310849958787713e+00
7.006285266713684123e+00
5.168019719789775479e+00
3.789968307256486035e+00
2.782857236600479567e+00
2.281626762090168725e+01
2.915098889851857678e+01
1.069800661575851564e+01
1.243918459586028469e+01
1.720407581569351763e+01
2.101178687686282132e+01
1.689112178958928467e+01
1.856949835227366918e+01
1.097652188793013828e+01
1.100749500731243202e+01
1.038458647278363856e+01
1.453280869263975461e+01
1.304035901559286970e+01
1.189682651260247148e+01
1.741418021183072540e+01
1.222847281186192170e+01
1.845305780946838681e+01
1.695880527073865096e+01
1.172755371320956819e+01
6.749775114071454141e+00
1.059325608059328516e+01
9.767168560312439851e+00
4.960041848033603706e+00
3.879412444979949637e+00
6.261904007327383503e+00
1.262113572409539586e+01
6.771836385489446108e+00
1.375933049487271198e+01
1.657353300756934189e+01
2.488545514115519808e+01
2.719594829120716639e+01
3.389647937611354678e+01
3.226277099248321889e+01
3.541376582031981712e+01
4.285819493334599883e+01
5.081326163648538596e+01
5.481225699137583973e+01
5.711178376328476958e+01
5.207605782099602720e+01
6.064857690895766495e+01
4.263277163391666846e+01
3.431491618062162985e+01
2.136931291400735233e+01
4.405929354633270734e+00
1.154733545716896792e+01
3.615411275961099680e+00
3.999271085927472047e+00
1.841298941719909266e+00
2.002935426842926692e+00
6.819998529767410389e+00
4.958225327589777187e+00
5.777506924602032967e+00
8.066896914560768295e+00
7.374465993744992787e+00
5.576131841267959466e+00
4.995732957423176579e+00
9.875613594752856272e+00
2.041634949199766069e+01
4.400087252802637749e+01
3.892723610341871421e+01
5.480399538774410928e+01
3.669552336109290991e+01
2.817098434028498133e+01
2.828681636874648220e+01
7.442031805425076030e+00
6.657799617208950416e+00
7.927880045207228221e+00
8.461519518343035173e+00
2.571623202280700848e+00
9.044222412167084002e+00
1.440905177459457853e+01
1.786027318589198387e+01
1.283633524499767375e+01
9.122229855041638302e+00
4.432389505349898506e+00
5.808819484564256896e+00
1.279747122311197671e+01
2.285517583731329339e+01
2.545011742916699404e+01
3.901208250035465142e+01
4.788966375713632573e+01
5.708992355707978561e+01
6.130844388498991293e+01
4.197675848219718375e+01
1.510594508026353999e+01
6.569122605935262094e+00
1.097918051923039862e+01
1.368601419535250585e+01
9.233452261310539200e+00
1.509269994035470752e+01
1.243137527569260925e+01
6.849969683657865183e+00
7.668015847752247538e+00
9.020970412871845312e+00
1.044385855784735462e+01
2.487272091373578675e+01
2.370858061148774709e+01
3.693410659509626726e+01
4.274548893322060650e+01
3.833149456176837333e+01
1.640062841441737973e+01
7.187555265372168378e+00
9.955514519340731283e+00
5.265233128161911580e+00
7.538027974212377025e+00
7.266522300829910463e+00
1.291604535079716598e+01
1.695877123921349394e+01
1.186550398153614161e+01
6.855739742087822997e+00
1.430034627931687297e+01
4.872511621864234144e+00
6.673954026427412423e+00
7.379587231184103757e+00
3.676454171430882045e+00
9.143922846945745420e+00
9.653744734323932875e+00
1.073765429291148621e+01
9.104838964061872986e+00
6.603713741705943718e+00
2.682770917610743044e+00
2.145931623383860565e+00
4.797674313258499801e+00
5.939928070080040534e+00
5.240434235892324821e+00
1.023044008559995355e+01
4.085741602090974922e+00
1.342960007149953450e+00
5.900430067467942408e+00
1.385723631422554192e+01
9.936168733160496203e+00
1.426669715436608676e+01
9.304121326123132363e+00
1.224138264378280994e+01
1.087921978445104720e+01
2.318861976148396309e+01
1.788262581150688391e+01
2.344837499858814667e+01
5.208063143398318218e+00
5.430330901159265089e+00
4.248630842790152684e+00
9.253328098259888890e+00
3.765905663994322694e+00
1.067682285060227620e+01
9.504248780178702560e+00
1.982724173994193961e+01
3.339731321667814967e+01
4.360754382975093080e+01
4.113465395322941731e+01
2.785775469683807160e+01
4.589350960853158057e+01
3.410622203839819377e+01
2.318425191135649044e+01
8.716533979541086552e+00
9.988036299271126239e+00
7.343026335108505442e+00
7.048419121082881489e+00
1.503437486638856946e+01
1.995168779559801919e+01
2.562408833384262863e+01
7.683042625656713476e+00
1.274665435888297438e+01
3.916260661042611613e+00
5.704935477018387324e+00
6.854100191005519704e+00
2.356707968318962898e+01
1.599769549833385085e+01
1.330547206644028257e+01
1.665684502200937800e+01
1.693644050847508709e+01
9.586388401250367508e+00
8.759937059681496052e+00
7.563416689601659471e+00
1.115429218662888111e+01
1.039659784551732535e+01
6.364090228947935302e+00
4.149407171869088806e+00
1.374698563744642854e+01
9.193668107887486229e+00
1.920575354217998765e+01
2.157762742770076159e+01
2.561299851398808869e+01
4.900624599171833751e+01
5.116811505452017173e+01
3.828455225924030714e+01
6.198051718058160020e+01
7.192746619052189772e+01
9.284072483834904688e+01
8.549596988246251783e+01
8.140992103104893829e+01
9.261091995089935835e+01
7.726649533911626122e+01
7.847564582581607340e+01
6.614048202618323558e+01
6.458367042185273021e+01
4.853117275647603179e+01
4.833642550699123319e+01
4.629723939070677829e+01
4.547150473076909094e+01
3.705405686508117924e+01
1.012340711599102328e+01
5.587457482718365398e+00
2.936972713531670109e+00
7.930751321380839158e+00
8.144864911277114317e+00
6.552423185763641023e+00
5.828766142549287821e+00
6.128060903987402774e+00
3.284341541056800207e+00
1.693786527065245018e+00
7.534864254259904470e+00
7.465640301337270301e+00
2.544509139473887238e+00
3.077547035223954008e+00
2.956044809627756287e+00
3.664321625532295457e+00
3.343142463380755380e+00
2.183035204881653701e+00
6.085448234701338777e+00
1.036160757082233275e+01
1.499646097797034372e+01
1.604056564584976741e+01
2.320392616243833928e+01
3.225469553420466440e+01
4.770957837407523527e+01
4.859720912506116974e+01
5.706196884970415795e+01
4.968997464317738633e+01
6.229862949165070063e+01
4.481227940013542366e+01
4.517336743342060146e+01
2.491481307750967034e+01
1.579115159240877553e+01
8.028863266782570562e+00
1.492737870592597105e+00
2.553321033237283988e+00
5.565872484448809665e+00
7.600488604517815716e+00
8.711585917835584780e+00
1.120907302479142587e+01
7.482696708499157801e+00
7.369397878677256486e+00
7.884644313617833689e+00
7.193757796470837462e+00
7.665248111648049090e+00
4.269172727867839079e+00
3.456626720943634545e+00
2.156838965546768350e+00
7.000032265093595996e+00
3.446069838392595841e+00
5.637819579362709277e+00
7.707816357463965318e+00
4.481782336704084102e+00
5.523280560157306063e+00
8.912919377077315630e+00
1.034895769178310410e+01
2.586829273173206900e+01
3.390710568125521718e+01
4.276745424819335284e+01
4.702995067713315791e+01
3.095893142945106291e+01
2.159347203717499752e+01
2.370090946044640745e+01
1.266043220437902050e+01
1.312852047818291901e+01
4.380020800698484429e+00
4.690521250146494125e+00
1.678079198270650352e+01
1.795307394792080657e+01
1.699397606667937666e+01
2.406023150716035630e+01
2.492200153766078685e+01
4.722606077194269147e+01
2.598422984175275019e+01
