1.040834109698735466e+00
8.861543648446170707e-01
4.011107744095237848e+00
4.698978471116991074e+00
2.794102048396878590e+00
3.833236522145459180e+00
2.890445862889983619e+00
3.925442028016253193e+00
4.439750924251822717e+00
4.980851952900621882e+00
7.420558498640752454e+00
7.455947086743011099e+00
4.247086669080350596e+00
5.923090314693711278e+00
4.963981063799270288e+00
5.553275302527268309e+00
9.496197464937818467e+00
7.238159729915462748e+00
2.121168494215774025e+00
3.616176007441369578e+00
5.642379409475228869e+00
3.292862920707555929e+00
1.490760076200936757e+00
5.174838688318119662e-01
2.745033536154367404e+00
7.103523705176123748e+00
4.882452550098509647e+00
3.896612398557176782e+00
6.186856042781304410e+00
4.695830007678252649e+00
9.190154273546653485e+00
7.596968329912852091e+00
8.162388739725191300e+00
7.319405474701757619e+00
5.952511339639243282e+00
3.877394842264844765e+00
6.072214204199962495e+00
6.789548466686114558e+00
3.784049522220439776e+00
4.145829975331382755e+00
5.044865068247075257e+00
6.396770813712068460e+00
5.331887451861085481e+00
2.834527021481596076e+00
3.829694122981286419e+00
1.859384630366389235e+00
3.145688986063615467e+00
2.165896865627610079e+00
3.852726295266567735e+00
4.601926847452511460e+00
4.954840177361265141e+00
3.122730786865907326e+00
4.232073367927299046e+00
3.512240563294697804e+00
2.969708237220312963e+00
3.841265433379390082e+00
3.960010401610585262e+00
5.498842188397772723e+00
4.820077701023156358e+00
4.525210225928793406e+00
3.234304544887333321e+00
6.286681792144174885e+00
1.977022296619048491e+00
2.826601665001022390e+00
3.683238030487886672e+00
4.931611184884496346e+00
6.986286013320371246e+00
6.312743521285780091e+00
4.134907285051706793e+00
2.482359847207378678e+00
3.497605213832077453e+00
8.054618592600684579e+00
6.536477258490091202e+00
6.045843832116553962e+00
1.029790322115662704e+01
6.069450663612065533e+00
2.926354310912170131e+00
5.890899926029381284e+00
4.108233847474737743e+00
5.013893891481761678e+00
6.619953105386743530e+00
6.684711808229300445e+00
5.481044430366122100e+00
4.774114273643398576e+00
6.749117585854960133e+00
4.323605301819919866e+00
7.906557833797908330e+00
9.212186389433425049e+00
2.471194104271003944e+00
1.636962179365425873e+00
5.857890221723685897e+00
5.095402375456060007e+00
3.384092929924415127e+00
3.824694416156019905e+00
4.144540197538487902e+00
6.481743087886945531e+00
4.621777771639770549e+00
2.314668010033336998e+00
6.203438977466197990e+00
6.958938180457330702e+00
2.892465586337077621e+00
4.236841277155266816e+00
5.736550799808687984e+00
2.145265976433150978e+00
3.653056579093782563e+00
3.803416697086591469e+00
2.923656307424288503e+00
2.955044363315743716e+00
5.633584243628418697e+00
7.522422550908888006e+00
8.015017352388497329e+00
1.862992408822002011e+00
7.139821618868444020e+00
1.985505903099119340e+00
1.658473623221022430e+00
3.818204389977503332e+00
4.430207552270045923e+00
4.022218788847119697e+00
2.102268984483241177e+00
2.264066945791185503e+00
3.938365421967722213e+00
3.951026055950891624e+00
6.209829578447709331e+00
5.827663101361276965e+00
8.463078498838205732e+00
6.636061819143632690e+00
5.254183331116614397e+00
2.126862541343639279e+00
2.979107899016864458e+00
1.393390766239866352e+00
4.473231308942153817e+00
4.173662085762466667e+00
4.379926372270593227e+00
3.082436253995283426e+00
2.386442972180168542e+00
1.465418279348793318e+00
3.336086400155938492e+00
4.716739629178523963e+00
7.611858171541348028e+00
5.309683695351935739e+00
3.974589352108934381e+00
5.379306263503269570e+00
3.633913815892052313e+00
7.329611107742744380e+00
1.458253828861974410e+00
2.667000548409867111e+00
3.203985715207406049e+00
2.503062524843803871e+00
1.939686764103482730e+00
2.561212665521780618e+00
6.794581758337396415e+00
5.903436985330709597e+00
4.630670009177977775e+00
5.599328041974066750e+00
4.805372405661577417e+00
3.345510545225125476e+00
5.570274081380902409e+00
4.849437137371627848e+00
7.235094569642073203e+00
5.049510301262861489e+00
7.137283037646424688e+00
3.264364674514597997e+00
5.876049000846314208e+00
5.169659897248474856e+00
3.717641761216884611e+00
3.876032721951199633e+00
2.928398310197279919e+00
4.158433244956445840e+00
2.214761300964593005e+00
2.943040265482628648e+00
2.768074833365062659e+00
4.465134121570096148e+00
4.058077410441152111e+00
4.363644778112091949e+00
5.933664700403045167e+00
5.067825878833786213e+00
4.192780023624828267e+00
3.356285107656692634e+00
4.226553723138406049e+00
3.363692502927988937e+00
7.229340841875315782e+00
8.030903898176919853e+00
1.870537907960697854e+00
2.212948731866623220e+00
3.598370890439831715e+00
1.327739009361448508e+00
5.397439774924026601e+00
6.359101872493535978e+00
5.742658823778855393e+00
3.790558505943966150e+00
5.810106706263811205e+00
4.796253884412555735e+00
4.376354479600807146e+00
3.994718399534691322e+00
4.829486126157597425e+00
3.690620119835847479e+00
3.152305493815539705e+00
3.313501373124950966e+00
3.641468687439256779e+00
3.047447415525402548e+00
2.884313971273260169e+00
2.643680675930206725e+00
3.204896658829004874e+00
1.680786463075386816e+00
2.889427787378178181e+00
2.887020411356273186e+00
3.113791846538454422e+00
2.963343234692597861e+00
2.473898071648874541e+00
5.459412142110087629e+00
2.195250040753037535e+00
2.692363225977929098e+00
3.128285552933370628e+00
4.640383811427858163e+00
7.188260791223532564e+00
5.333256514533016635e+00
6.006918148155750536e+00
5.030312037563096972e+00
3.997108082543152197e+00
5.076965862874346591e+00
8.355297413119281202e+00
5.281112918352723007e+00
1.375762665823294206e+00
3.978280103790474254e+00
4.318895911601043025e+00
3.645501288548768315e+00
8.341369415750373051e+00
3.520011105746011282e+00
2.816304152422436147e+00
6.023764425289431124e+00
5.682387891485443987e+00
5.851559056495668543e+00
3.662312940582155285e+00
4.672372986009865059e+00
6.089079553333072603e+00
6.993472170676205302e+00
8.319112395667527693e+00
1.100357297771758702e+01
1.407216536307651999e+01
1.557730935112943449e+01
1.390934391814612425e+01
5.926391450882007916e+00
7.804384077743963033e+00
1.596386886598955179e+01
3.169308236778702081e+01
3.296168096210046627e+01
3.929469927701484266e+01
5.199272894385426014e+01
6.082047465296511035e+01
5.377221084059942768e+01
6.903335177149969581e+01
8.153129727392095560e+01
8.867516527839630669e+01
1.269831282800737142e+02
1.435802547164744283e+02
1.484626875137212494e+02
1.701607683096596020e+02
2.031875454043514253e+02
2.237157367082075154e+02
2.908557767110141867e+02
3.173566413240855582e+02
3.449079487342231687e+02
4.086265680876777537e+02
4.373466134668573204e+02
5.356472403508744264e+02
6.700747014839004123e+02
7.397846018572519142e+02
7.937828053220343918e+02
9.497667349540920441e+02
1.049102964150696153e+03
1.168769764960556131e+03
1.327493341640342578e+03
1.549456304654938094e+03
1.095395636476395794e+03
8.562725663961384726e+02
7.588398738779133055e+02
3.765872644521251686e+02
2.527042246340889164e+02
2.635747447295328243e+02
2.651019208869815884e+02
2.035143961077416179e+02
1.903545905807592362e+02
2.005663175525241968e+02
1.811721678516132954e+02
1.693257102164781998e+02
1.053912783833107056e+02
9.075372601815510620e+01
9.362701722213313360e+01
1.012291262769657862e+02
1.121199853965336359e+02
8.875758045183418687e+01
1.029557527464097575e+02
6.979357910111571073e+01
8.947113403681902355e+01
7.525261161636196050e+01
8.453563422559331286e+01
9.637106470784436851e+01
1.136038525167992930e+02
1.060221341385918663e+02
1.464846961404855676e+02
1.300853064388749090e+02
1.406307065316635487e+02
1.751237385710620060e+02
2.144984409364419378e+02
2.516767104328993696e+02
2.538919360041894606e+02
2.990862095082981114e+02
3.086248453274235430e+02
3.579920862829421822e+02
3.973755625011243637e+02
3.918534390431685210e+02
4.050394434516002207e+02
4.876173948584923892e+02
4.438771215601676658e+02
5.323773611632667553e+02
5.208495076499167453e+02
5.773939719492617542e+02
5.887239750394807061e+02
5.860240898620446615e+02
6.052322481517103370e+02
6.090463725916426938e+02
6.337321981566774411e+02
5.754527089556863757e+02
5.276598468749214135e+02
4.943591197186950126e+02
4.890688504357609645e+02
4.278378427697160191e+02
5.275852576220231640e+02
5.122473631773031002e+02
4.928952114859146718e+02
4.675935831639459366e+02
5.186737264462074108e+02
5.506531450953220883e+02
5.928448532763951562e+02
6.665268875877127357e+02
7.001587622693521098e+02
7.294240145300146878e+02
8.903717990420442447e+02
9.616308531859449431e+02
1.067762509599330997e+03
1.209392353797522446e+03
1.302848200254939911e+03
1.654396530339572791e+03
1.838279361981072498e+03
2.100616595056661026e+03
2.304037376539552952e+03
2.474261798331345744e+03
2.625209352510757071e+03
3.086219733338250990e+03
3.257911604982066820e+03
3.776904454230399551e+03
3.827948904730657432e+03
3.950230586098915865e+03
3.574886996726896086e+03
3.051065588543095600e+03
2.229372333866624558e+03
2.255356668578622703e+03
2.203462004778114078e+03
2.205466352073785856e+03
2.014120615136726201e+03
2.103554065122706106e+03
1.907469247729274230e+03
1.718515110221917894e+03
1.616410425262801709e+03
1.445805683836997332e+03
1.322263029242380981e+03
1.217556327291492835e+03
1.226149562626899979e+03
1.139318037195807392e+03
1.209822611276011230e+03
8.279794562578430259e+02
9.053769395654834398e+02
9.741911430932326539e+02
1.097238145141441692e+03
1.268260466257834651e+03
1.045614536118794149e+03
1.216317699438956879e+03
1.363418779737343812e+03
1.497275452192683588e+03
1.683333137135847210e+03
1.750323531552897748e+03
2.045568215015071928e+03
2.282964906738386162e+03
2.557464520457435356e+03
2.902656442379681721e+03
3.201594972635915838e+03
3.601473808404476131e+03
3.978155741597898668e+03
4.278190317721872816e+03
4.270738854602315769e+03
4.522396566036553850e+03
4.468583824810049919e+03
4.653603181496373509e+03
4.611280410689728342e+03
4.641310736226460904e+03
4.609571719766499882e+03
4.545185650913920654e+03
4.516527050396171035e+03
4.717762561891617224e+03
4.702107115835961849e+03
4.571024826240605762e+03
4.566984927129425159e+03
4.738278460578338127e+03
4.749695601635559797e+03
4.692538603713663178e+03
4.742203849819505194e+03
5.148344457474341652e+03
5.192927830193734735e+03
5.230450645739568245e+03
5.293204046978361475e+03
5.538863165404120082e+03
5.619990451073093027e+03
5.729955629137086362e+03
5.833698951989689704e+03
6.145672289404464209e+03
6.294477748191794490e+03
6.592976708015828990e+03
6.701870198514362528e+03
6.833226962016574362e+03
6.944481019108207875e+03
7.223341235475780195e+03
7.342859462038073616e+03
7.782433456400622163e+03
7.914217758739710916e+03
7.997321884343448801e+03
8.178966333398321694e+03
9.015937863195436876e+03
9.168084397036098380e+03
9.150088253551217349e+03
9.319576520589960637e+03
9.798584241970127550e+03
9.983157787333344459e+03
1.020079846520227329e+04
1.040154685868508204e+04
1.107129868423714834e+04
1.129156911080059399e+04
1.154664535234318828e+04
1.177634129631157884e+04
1.243527735270130506e+04
1.267910226066685209e+04
1.295991098583665735e+04
1.305030821264461883e+04
1.353228990601174155e+04
1.363101713157093036e+04
1.367727797032872331e+04
1.380218242200235363e+04
1.452973533752297590e+04
1.464864478460345708e+04
1.454222505493194149e+04
1.467602970662033476e+04
1.535428018279634489e+04
1.548846368511299443e+04
1.573966558819470083e+04
1.589145687110945255e+04
1.679559775940460895e+04
1.694470682938319806e+04
1.688501885580460657e+04
1.706962383523220342e+04
1.776611146976467717e+04
1.796938484738820625e+04
1.845560890575495068e+04
1.867940399239712497e+04
1.951822508814210232e+04
1.976183898706858599e+04
2.009349474247062244e+04
2.038109640979516553e+04
2.110390117166906930e+04
2.132264437699421251e+04
2.117050097431814720e+04
2.117163873891995900e+04
2.198594962634188414e+04
2.198735342107885299e+04
2.184691521226199256e+04
2.184840803465126737e+04
2.246071728159186023e+04
2.247171770376942368e+04
2.289969940417984617e+04
2.290147614393889307e+04
2.254244388682226418e+04
2.254423321993300851e+04
2.342183507884322535e+04
2.342364228285404897e+04
2.387027889735009012e+04
2.387212919664866786e+04
2.413338126676650791e+04
2.414098617959487456e+04
2.401453981940109588e+04
2.401641269344027023e+04
2.420965669321095993e+04
2.421153044043646514e+04
2.419849462945090636e+04
2.420041862098130878e+04
2.392164845112802141e+04
2.392367281761606137e+04
2.399717167401697589e+04
2.398564539747923482e+04
2.441903893183174296e+04
2.442116504960582824e+04
2.441943226168134061e+04
2.442148973253469740e+04
2.424941968652757350e+04
2.425168298726918511e+04
2.440409137487455882e+04
2.440635450010494606e+04
2.408202037405545707e+04
2.406559414134660983e+04
2.434127089483591408e+04
2.434362020497303092e+04
2.463444512829575615e+04
2.463674038588503390e+04
2.479661440783053695e+04
2.479903870311768696e+04
2.496050523990863076e+04
2.496301608335052515e+04
2.483124380306098101e+04
2.484325053572106117e+04
2.479641789541292019e+04
2.479881466058991282e+04
2.515169731221097027e+04
2.515414060049388718e+04
2.494067094295366041e+04
2.494329974229790605e+04
2.497801893324802950e+04
2.498081062411171661e+04
2.538688998243310562e+04
2.541789862068404545e+04
2.514941255898418603e+04
2.515211984878758449e+04
2.567655334804962331e+04
2.567921934509289713e+04
2.544654724224407619e+04
2.544937297219322136e+04
2.585920339318284095e+04
2.586205018202670908e+04
2.598904522369751430e+04
2.595623101227463121e+04
2.615152384064603757e+04
2.615432699711300302e+04
2.611159852453163694e+04
2.611444472691696137e+04
2.581468034422126584e+04
2.581763746743571028e+04
2.603163273845323420e+04
2.603464365362510580e+04
2.590743784833514292e+04
2.583364287931641957e+04
2.607559058934705172e+04
2.607857027235232817e+04
2.580004001015734320e+04
2.580325356069834379e+04
2.590884057042345739e+04
2.591190414061202682e+04
2.609211472809809129e+04
2.609526917258586764e+04
2.588508968128083870e+04
2.586059984223013817e+04
2.610561074987087704e+04
2.610889974600587448e+04
2.617124792380055806e+04
2.617443317491007838e+04
2.606351172459852387e+04
2.606674980947412405e+04
2.571835760274482163e+04
2.572176091553337392e+04
2.627366772867865802e+04
2.628598617871020178e+04
2.609054803175032430e+04
2.609403960992005523e+04
2.579795273052071570e+04
2.580139789049185492e+04
2.539145150488427680e+04
2.539493929419357301e+04
2.568866208826484581e+04
2.569214560303836697e+04
2.593822186691276147e+04
2.593255457093268342e+04
2.615573711446038942e+04
2.615923863680641080e+04
2.605478846701459406e+04
2.605851357969017408e+04
2.613602957196132775e+04
2.613984043543963344e+04
2.619383207878009489e+04
2.619760267200324233e+04
2.621128700989550998e+04
2.616296521739988020e+04
2.611909109476888625e+04
2.612298699542359464e+04
2.609748053483522017e+04
2.610145578778587515e+04
2.613723280818558487e+04
2.614121113602708647e+04
2.622114146805727432e+04
2.622515283297007772e+04
2.627949160414776998e+04
2.631500121037253848e+04
2.617857046156530851e+04
2.618269382293022500e+04
2.592907095526496414e+04
2.593325842356256908e+04
2.624121248157945956e+04
2.624539082664807938e+04
2.609699492821231979e+04
2.610119161922582862e+04
2.634493232153174904e+04
2.634119475166091797e+04
2.599003402569968603e+04
2.599431270906314603e+04
2.619984218165971106e+04
2.620411406873666783e+04
2.627522083209847915e+04
2.627960037892790206e+04
2.617778601108869043e+04
2.618212012202845290e+04
2.627060851085037575e+04
2.628930504125937659e+04
2.630516057434265531e+04
2.630955936435358308e+04
2.626764655202970607e+04
2.627212743579408925e+04
2.632182900657129721e+04
2.632642439314685907e+04
2.630619323192189040e+04
2.631079094992443788e+04
2.633463893832321628e+04
2.635565700414604362e+04
2.626233061786526741e+04
2.626699370705774345e+04
2.643547005137669839e+04
2.644014743543891018e+04
2.637019356444941150e+04
2.637491372714872705e+04
2.598282483103085178e+04
2.598760534119122531e+04
2.631904901218093437e+04
2.622200448158751533e+04
2.629804234002228986e+04
2.630273468051661985e+04
2.604803521648419701e+04
2.605276914566254709e+04
2.616670719836338685e+04
2.617154488395181397e+04
2.648836300227778702e+04
2.649326199062184605e+04
2.641404029201186859e+04
2.644051880373503082e+04
2.637969999168610593e+04
2.638461284607703783e+04
2.644774254393131923e+04
2.645268304275047194e+04
2.621594410772465562e+04
2.622092943743594515e+04
2.612890553128999454e+04
2.613393814755991116e+04
2.649047919096133046e+04
2.652369280811440331e+04
2.617793529035164465e+04
2.618310030859842664e+04
2.640910263407345337e+04
2.641428918632189016e+04
2.622807792578650697e+04
2.623326273698017030e+04
2.636226257716333203e+04
2.636749842632920627e+04
2.656615211313252439e+04
2.659560253572763031e+04
2.657941326288356140e+04
2.658477951323640082e+04
2.653615002324740635e+04
2.654150082117600323e+04
2.643836447750271691e+04
2.644387143980801557e+04
2.669875596198587300e+04
2.670425141505740976e+04
2.661340879477938142e+04
2.661005946944894822e+04
2.673110293884932253e+04
2.673667782092232665e+04
2.664068912559323508e+04
2.664623144506756944e+04
2.662580581353519301e+04
2.663146118495713381e+04
2.643228915117054567e+04
2.643787863308812302e+04
2.652459417178441072e+04
2.656985379176388597e+04
2.664569724754183699e+04
2.665147086590321487e+04
2.660400073586320286e+04
2.660984131112569594e+04
2.659602516579771327e+04
2.660176003423608199e+04
2.684462136491270212e+04
2.685044327246573448e+04
2.668964112418544755e+04
2.667781409707081912e+04
2.664773157360442929e+04
2.665355265656790652e+04
2.644573003070552659e+04
2.645155299717804519e+04
2.674747024231007526e+04
2.675343865449114310e+04
2.682833824583335809e+04
2.683429388594078773e+04
2.682549030061404119e+04
2.684521382116258246e+04
2.689635436301103982e+04
2.690228195249014971e+04
2.681918544394820856e+04
2.682527431149934273e+04
2.681592655644865954e+04
2.682209813645188842e+04
2.696285315459067351e+04
2.696902380094574255e+04
2.677128418930556654e+04
2.670689040856391512e+04
2.661462670663899553e+04
2.662086111820971928e+04
2.650696671355849321e+04
2.651322313783316713e+04
2.684945678942478844e+04
2.685565377386290129e+04
2.655482774891233566e+04
2.656112116141310617e+04
2.614790730738237107e+04
2.618636759053586866e+04
2.678185571352111219e+04
2.678818816174878884e+04
2.693686499867905150e+04
2.694341147893774541e+04
2.706775068365764309e+04
2.707426576721070887e+04
2.692338138556486956e+04
2.692996504591041594e+04
2.701094964982180318e+04
2.704789156684379850e+04
2.701215970014562845e+04
2.701867512102476758e+04
2.707813826331686141e+04
2.708464689433843523e+04
2.705042269083385690e+04
2.705706874941326532e+04
2.692938839908243608e+04
2.693610279720312610e+04
2.696112847371572207e+04
2.695286348247622664e+04
2.694006451476358052e+04
2.694682996094903501e+04
2.674325651657462367e+04
2.674992141950765290e+04
2.710823099452208771e+04
2.711498432608050280e+04
2.713695026734541534e+04
2.714379832563530363e+04
2.706005550067297008e+04
2.710800331532689961e+04
2.684997095946646732e+04
2.685682401831762763e+04
2.716550415194130619e+04
2.717245436686645553e+04
2.710297397885709142e+04
2.710992963268094536e+04
2.711067798802012840e+04
2.711759310661733252e+04
2.719862142374863834e+04
2.716677160683877446e+04
2.725792858009762494e+04
2.726485450658146874e+04
2.677380533162190113e+04
2.678084595217748210e+04
2.732144005645603465e+04
2.732858685872639035e+04
2.726116978498417302e+04
2.726827468967993627e+04
2.739741176291876400e+04
2.734919929150232929e+04
2.724280950462291003e+04
2.725008370041690068e+04
2.729326499802080434e+04
2.730053731324690671e+04
2.721249713817494194e+04
2.721965933787254107e+04
2.739427328061794833e+04
2.740167546396802209e+04
2.723584247952484293e+04
2.724527838061187504e+04
2.668772473638389420e+04
2.669525511148496662e+04
2.725786763031638839e+04
2.726537333233372192e+04
2.746271467417648091e+04
2.747020282093234709e+04
2.718217117614548988e+04
2.718970187593826267e+04
2.729740598312265502e+04
2.727851046514333211e+04
2.749761269768275451e+04
2.750529464830151846e+04
2.735105834307639816e+04
2.735871578684440101e+04
2.733142334978422150e+04
2.733909345459270116e+04
2.736124502951218528e+04
2.736886820196174449e+04
2.722288627746854763e+04
2.724031831242988846e+04
2.742647151283943458e+04
2.743427489840815906e+04
2.742528631773982488e+04
2.743301259203588415e+04
2.762936727010459799e+04
2.763724768114789549e+04
2.740276263346115229e+04
2.741070840289630360e+04
2.762387618116752128e+04
2.757773534770316473e+04
2.753664026499987085e+04
2.754460299768304685e+04
2.738696070849028911e+04
2.739487589192351879e+04
2.755474780041450140e+04
2.756277958902533283e+04
2.729938636671565473e+04
2.730735856753567350e+04
2.758063167081542997e+04
2.760074148006756150e+04
2.742165233652263123e+04
2.742975955855511711e+04
2.739013848999358379e+04
2.739841044766447885e+04
2.769021147940465016e+04
2.769847945739339775e+04
2.767532668236710742e+04
2.768356442845534548e+04
2.755330212803480390e+04
2.751729545802336361e+04
2.765971133972324969e+04
2.766796650341807617e+04
2.771953673474305106e+04
2.772801108626956557e+04
2.775363947510316575e+04
2.776196168075205060e+04
2.701699716038618135e+04
2.702543600846879781e+04
2.780641506839247450e+04
2.783382827475811428e+04
2.717242403393192217e+04
2.718100010633147394e+04
2.785420308454829501e+04
2.786281709616612716e+04
2.737536781645539304e+04
2.738390753099830181e+04
2.761150412482878164e+04
2.762019486772920936e+04
2.762200579602102152e+04
2.763583956647751984e+04
2.785174368823340774e+04
2.786029822141624027e+04
2.774880555671393813e+04
2.775746543249868409e+04
2.795542960666372528e+04
2.796412623686130246e+04
2.766101449890625372e+04
2.766982613554920681e+04
2.784817890186803925e+04
2.785045011438623624e+04
2.806773735568238408e+04
2.807672949155361130e+04
2.775891904896551205e+04
2.776779680255283165e+04
2.815789862106738292e+04
2.816686741186902509e+04
2.813030762452426279e+04
2.813920938528234910e+04
2.763729172171125902e+04
2.760936225066793850e+04
2.803282226508754320e+04
2.804178791643317527e+04
2.794573265534984603e+04
2.795481532177629197e+04
2.777405519886851471e+04
2.778325229055263480e+04
2.790761394659334837e+04
2.791681469567823297e+04
2.806898300298356480e+04
2.811541400432409137e+04
2.806051653782045105e+04
2.806955575856588257e+04
2.830184249973026817e+04
2.831108723557358462e+04
2.816353210937422773e+04
2.817283779308605881e+04
2.817354808587634034e+04
2.818297409582672844e+04
2.807370351984741137e+04
2.806649554066998826e+04
2.805767540645701592e+04
2.806709673856873633e+04
2.827934142493117542e+04
2.828887342375075241e+04
2.825193767514081264e+04
2.826133246733427586e+04
2.837187322022227454e+04
2.838146211150683666e+04
2.771951931254754527e+04
2.771231923418580118e+04
2.783487141033996522e+04
2.784455934692091614e+04
2.839794924073699076e+04
2.840774825055493784e+04
2.780940039331536536e+04
2.781909787886768027e+04
2.775850659453134722e+04
2.776815348217877909e+04
2.836727554879588934e+04
2.837655984137754058e+04
2.851089994676436982e+04
2.852073128529555834e+04
2.860102284341768973e+04
2.861082140772125422e+04
2.840069061501486794e+04
2.841044714758711416e+04
2.845117775842166884e+04
2.846100362231049075e+04
2.853624677698851519e+04
2.854118796854494940e+04
2.840303398545467644e+04
2.840309432964985535e+04
2.844729154843572178e+04
2.844734899626759216e+04
2.849340219591098139e+04
2.849346479415446811e+04
2.843373296544606637e+04
2.843379174575120851e+04
2.838853973330219014e+04
2.844440945902480598e+04
2.857151480616113622e+04
2.857157513235962688e+04
2.848869290874118087e+04
2.848875204021920581e+04
2.832886741684103981e+04
2.832892695016189100e+04
2.845031912536667733e+04
2.845037904429859918e+04
2.858812436574283129e+04
2.854891831785515387e+04
2.859887670574675212e+04
2.859893609359639231e+04
2.821038529273961103e+04
2.821044509174930135e+04
2.823175737979396217e+04
2.823181682152280337e+04
2.827088823841294288e+04
2.827094846634532223e+04
2.854359459907430573e+04
2.858884489410171955e+04
2.837035120338192064e+04
2.837040900540942675e+04
2.831375947599788196e+04
2.831381870477830671e+04
