1.538640657830522507e+00
8.884647414509779795e-01
3.284822698722423162e+00
5.609371877968396092e+00
3.085498241409427855e+00
4.221003808809904001e+00
2.169080765392865207e+00
1.311654661292765311e+00
3.232451814774004450e+00
2.449633627138974479e+00
2.807576241844143006e+00
3.048852494962790871e+00
5.460720060653894592e+00
4.097944516563345907e+00
7.760986951455184801e+00
6.279618470571360689e+00
4.520970297224361722e+00
3.400579957369189277e+00
7.538774291970805841e+00
7.411185050453520162e+00
3.734071625973927500e+00
4.855280907325179029e+00
7.644165326878177069e+00
8.331217690675286391e+00
3.280325620112529261e+00
2.910929193672799453e+00
4.361956194584208468e+00
4.347258927784738880e+00
5.995114913689131519e+00
8.675599906006411288e+00
4.461002577568049077e+00
7.277979873793698928e+00
6.079539071544879825e+00
7.967854809962368279e+00
4.781368039365697875e+00
5.681666046930963887e+00
6.585700806717191824e+00
5.400098670459876793e+00
5.210537792482063502e+00
6.401709486002164162e+00
2.577653746079471286e+00
3.148368498454642950e+00
5.110923398306767673e+00
5.485146522087130272e+00
3.281198190779593293e+00
3.371745211235729123e+00
3.471626672224491283e+00
4.337456264223746416e+00
2.750148903532064093e+00
2.493822793107513203e+00
5.343741818005314670e+00
4.947055547088975658e+00
3.503216121082407764e+00
3.792967263379874332e+00
3.949883459213183290e+00
7.921982019941177455e+00
7.666971142571095577e+00
5.688543542642470641e+00
4.266779643682427903e+00
9.425207581490344211e+00
4.403992200536493762e+00
3.690386088800838849e+00
7.608340588826576933e+00
4.848901031996695643e+00
4.110905867055496543e+00
4.625306079823659822e+00
3.439782160565494795e+00
1.124296020690283893e+00
4.636130876432298820e+00
4.541334051484659184e+00
1.011352083657444645e+01
5.123025115912853700e+00
4.436491649778946389e+00
2.435386924317369139e+00
4.035247487687690260e+00
7.952708667567334189e+00
3.296372180318267286e+00
4.307492535802485811e+00
7.063533700868114273e+00
4.947220454676270585e+00
4.480945917408619472e+00
5.233026284529095129e+00
4.378605100043261977e+00
2.695389185635849394e+00
2.826965296197839095e+00
1.796059667898554535e+00
4.725662859581288622e+00
6.374897449825551732e+00
2.192080227974043005e+00
3.245330543729031625e+00
4.789321911929365072e+00
2.770323038988217412e+00
4.955664928544896597e+00
3.899049727692416312e+00
5.245888600160525606e+00
2.249901921079783929e+00
1.509455398907901813e+00
2.148549137930261477e+00
2.915199507208896090e+00
3.582263688097818921e+00
4.015130367103394882e+00
2.111344228933595968e+00
1.810042842535526830e+00
2.079808612593766703e+00
1.667469186816540327e+00
3.583268172174420396e+00
1.933742318284167983e+00
1.729718674143900792e+00
4.563232216710217060e+00
4.548932449966972769e+00
5.106432962900912642e+00
7.047795089528909429e+00
5.419553729704158940e+00
5.344459523700446191e+00
8.099535408282550364e+00
7.525153696020168148e+00
2.698989573308663292e+00
1.333200328109973132e+00
6.583518676103312650e+00
5.821242352001527287e+00
2.734915902270992127e+00
2.974225539556501374e+00
7.078046757101703612e+00
4.639284173450206161e+00
3.355454482118170212e+00
1.959685236260332086e+00
8.086338269972936033e+00
9.142132931779997307e+00
2.083354676619347146e+00
2.406273563577574048e+00
3.651634080387854642e+00
3.739410393736293692e+00
4.949015988500629959e+00
4.780099471998510374e+00
3.661025577097073658e+00
4.858050307611611274e+00
8.205827715270801903e+00
6.989898356170617610e+00
6.798318835599957310e+00
7.088469928462022729e+00
5.004332090482054518e+00
6.536732072548651296e+00
5.550110324587836708e+00
2.187668848636374008e+00
7.147573374055414597e+00
2.454637280241761310e+00
4.560699273783594521e+00
7.430481248648221460e+00
5.296719924233724619e+00
9.676620610211935869e+00
5.092551136958689106e+00
7.453904173814049905e+00
6.030684518449056064e+00
7.720653070756304359e+00
6.031649886434996333e+00
3.643396691485842886e+00
5.291045022325338465e+00
3.746638189810083563e+00
1.644166159392733695e+00
1.817556352778165962e+00
7.238666589001677920e+00
8.017050636704414757e+00
3.350815738426784485e+00
2.961032575001715017e+00
7.103065739715408888e+00
4.915577829358167783e+00
3.545173723337966099e+00
3.431573576165149575e+00
4.327270759429541869e+00
6.587966111862954222e+00
3.778913025565876271e+00
4.386378376194594253e+00
6.996072005820402673e+00
4.656722540233474206e+00
5.704440338524581655e+00
4.019042641576827890e+00
3.564125177658655996e+00
1.705879874316240663e+00
1.482126583491951255e+00
4.581562647306176572e+00
6.817991443404155305e+00
7.209390954692490361e+00
2.143008190422936554e+00
2.312195538754769686e+00
4.225641012285409559e+00
3.192725209613899828e+00
6.533061831080114956e+00
6.532149097166197294e+00
5.319253671218704405e+00
5.480106390618219692e+00
7.345734437856672017e+00
5.470874138390367847e+00
6.306126476778500134e+00
7.407499391291766599e+00
3.659326617690277228e+00
4.120202022574795286e+00
3.726960745552596155e+00
6.027473871836094510e+00
2.072134484638618268e+00
4.032626542793431135e+00
4.719302979894704819e+00
1.713840662872069709e+00
1.312732926874855544e+00
1.004180648574871215e+00
4.791385404464299391e+00
4.434316435363086839e+00
2.980268962728062299e+00
3.446128115177604201e+00
3.787635508024457920e+00
1.507123550851371840e+00
7.832865330590244923e+00
5.489794899393601213e+00
6.831100880939782627e+00
6.913554303472750462e+00
8.428218852436963004e+00
5.024755843940190481e+00
5.632958607795827355e+00
5.408278376692916112e+00
3.849943680885168362e+00
3.414681496929532489e+00
5.903816535973505530e+00
4.967494198918084081e+00
2.547927348339575016e+00
1.544310752315681157e+00
1.369786324449645321e+00
2.767569697540841478e+00
5.968627813797633408e+00
4.203923856300641582e+00
5.743296418068367437e+00
1.519682881872918001e+00
4.076868570831408967e+00
2.520114779011444206e+00
1.036233654967198881e+01
9.447974031612195844e+00
1.445795466313153810e+00
2.027565750313511383e+00
3.687093114813806860e+00
3.728394533773379926e+00
1.545790689035116072e+00
2.281753727787602770e+00
2.641046310359703941e+00
5.893803434468650515e+00
2.726002550193374230e+00
2.676442475216274985e+00
3.588791188280584521e+00
5.038890650283441630e+00
4.324869342942509576e+00
7.751479444151562426e+00
6.487035333866771225e+00
3.231501030499795757e+00
3.767431978453562369e+00
5.079592189220062615e+00
4.907708273692862555e+00
1.530470718353179160e+00
4.253130630125817824e+00
5.244274437092729890e+00
6.172118798965168018e+00
6.169937790084287776e+00
2.997264665488580615e+00
4.129766394612801150e+00
3.276965458167371725e+00
2.800832738602316851e+00
5.109416308461884881e+00
1.005995695753438746e+01
5.723848576703868929e+00
6.210024634956839762e+00
5.191185016189202805e+00
3.474387129248841966e+00
3.596408942957194377e+00
3.420790639896499119e+00
3.844444089162340372e+00
3.516671773088032360e+00
4.061221913965016306e+00
3.933110717094533193e+00
4.180831707165006961e+00
4.430909298455612877e+00
4.782273677498827702e+00
4.577693727456850326e+00
2.583073775212630707e+00
4.397514143952052201e+00
2.904365075506183391e+00
2.236111686110244801e+00
3.276890220013244370e+00
3.789885572541770831e+00
3.015898212890351981e+00
8.027042782012799194e+00
4.504414163789462577e+00
2.352430352688679172e+00
4.806598442806424565e+00
4.514232321563043548e+00
3.628809211235682675e+00
4.598696225735466214e+00
6.240173323880663148e+00
3.347728909259640506e+00
5.571269545146956048e+00
3.848421740930596524e+00
2.566577390013065063e+00
4.103293056032564223e+00
2.443480037435530328e+00
2.319854106232924096e+00
1.455152706483323399e+00
4.809747978036605254e+00
2.274404902052610034e+00
2.610835843955298330e+00
5.052751105792331110e+00
4.185909438869253485e+00
1.814132745014431780e+00
1.622691532933024705e+00
3.126155458625889061e+00
3.544400225362609902e+00
3.007181906106229707e+00
3.701946328995591173e+00
4.738074042943265063e+00
2.446316831714459461e+00
4.528888229226298634e+00
4.828487718424732122e+00
6.183868931929716872e+00
2.459082934079948046e+00
6.484238593578909970e+00
5.553377824290697262e+00
2.989284980723056151e+00
3.427632756319504814e+00
2.165044440139284099e+00
2.952375179632192204e+00
4.470719837750549708e+00
3.734529357675499650e+00
5.464477236771505098e+00
3.783728359063094349e+00
1.547391819469824847e+00
2.705216771083257310e+00
3.697282202987634214e+00
2.410970991993745649e+00
2.357529223717217182e+00
2.920006360864720207e+00
1.894029731657415949e+00
2.131881651302225844e+00
1.865944402903002119e+00
2.585138279523630178e+00
1.005155292179278570e+00
3.096522836296470960e+00
3.938292525276140932e+00
3.560205967430656315e+00
3.967878487697547030e+00
3.107600890371351454e+00
7.451406028171069451e+00
3.586529014446814045e+00
5.565564896622601232e+00
6.005116084696181744e+00
2.924690485203437884e+00
6.106618800640378986e+00
5.777845400300424039e+00
5.085277241528634917e+00
3.391114211127159273e+00
1.624423388770860122e+00
3.535535836198088422e+00
3.278772240536246496e+00
3.931550912837579403e+00
4.760029323305851712e+00
4.323731774196891031e+00
4.682669959506411850e+00
2.593577094958521290e+00
4.032729011221848126e+00
4.570962720013855396e+00
5.146984265552013937e+00
6.479853349894737491e+00
6.579992368971091743e+00
9.946583998111409031e+00
8.484225740368682267e+00
2.826120077432451971e+00
3.431272973237807111e+00
1.192963536952967019e+01
5.716994747170028646e+00
8.567621967738464406e+00
7.543937515265567662e+00
3.301204735013617775e+00
1.537646740871017714e+00
3.993206201867104621e+00
3.498212209741842216e+00
5.279773821855513916e+00
3.414513610725475878e+00
3.735943492167636659e+00
4.656417879956259220e+00
1.968616753154034837e+00
1.577346533725968225e+00
3.403292434617688933e+00
5.016825662586249734e+00
3.678420954294022494e+00
3.920340967561194656e+00
3.550366323810592473e+00
4.129921370037068939e+00
2.619418745042837227e+00
3.433464819557562553e+00
6.401597592954524352e+00
6.231909812134537319e+00
3.687850136429125847e+00
5.828806433626677830e+00
8.009113448551747894e+00
5.821067617348210987e+00
7.515666793407270063e+00
1.002801668572913840e+01
7.602928777252928150e+00
9.990862674935755194e+00
9.186132555718588222e+00
1.186910138006627236e+01
7.914142638221654202e+00
6.256674439859327919e+00
6.130950699625238087e+00
5.307530460245884818e+00
3.597431675897801995e+00
6.930157007075501419e+00
1.115260176911072953e+01
9.963331756525422023e+00
8.617023680128085061e+00
8.281501328357641967e+00
7.530842335777863106e+00
7.443686439614854322e+00
7.742143088254082706e+00
7.584057359036939339e+00
1.264091116685144378e+01
1.352432787981675055e+01
4.473431551975046716e+00
2.776609124839720000e+00
9.873108972389912807e+00
7.535817903622149316e+00
3.204036975803826515e+00
4.419393118116301977e+00
7.156101849572748641e+00
9.005484353066474768e+00
5.124153769140992409e+00
5.286062317594913296e+00
6.120821962649554138e+00
5.274876569703575768e+00
4.278148657053154835e+00
6.741405409556763040e+00
2.580947965603981764e+00
3.998950931917416352e+00
4.168927148974086450e+00
4.384417380478495829e+00
5.511689899869251619e+00
5.454268664906641639e+00
6.224305096300189355e+00
5.679857970377978127e+00
3.401947037584002409e+00
3.303597652122926220e+00
4.078192881084831356e+00
6.941139308762794613e+00
9.135739664677812399e+00
6.613105238981289880e+00
5.741314184474133775e+00
2.295001242321887958e+00
4.433456375767149460e+00
2.898070557409585302e+00
3.564582982184715920e+00
4.922456378450186243e+00
3.918318847580604114e+00
5.815638272395780461e+00
4.018093810765900109e+00
3.770842890912000644e+00
2.939337582850235275e+00
3.870403326627960272e+00
2.917310295278024768e+00
4.405791478312294451e+00
5.120386451877409151e+00
3.428463768502768794e+00
7.081592415892656867e+00
6.350798027320143646e+00
6.959328250360298895e+00
4.982155617413011051e+00
8.614203736595653638e+00
4.735034659974344251e+00
1.313330608448957992e+00
2.390865840462653935e+00
2.941309219908342598e+00
3.787608331470333489e+00
6.939038735125583557e+00
4.314203970344134831e+00
8.040080918724813230e+00
6.145354450128688306e+00
1.042742816241893777e+01
1.102055910199293898e+01
3.888124855029838844e+00
4.329593580959850030e+00
7.282830347289952044e+00
3.416064370140708295e+00
2.805889600547159635e+00
1.826566988762091892e+00
5.802159815641261709e+00
4.571730773897852096e+00
4.496781726049029260e+00
8.694131539356831695e+00
6.790033720281696716e+00
4.508518185809423429e+00
6.350558370522310980e+00
2.754466174154888591e+00
5.619045387383139634e+00
4.264647082448898452e+00
4.625353616006189661e+00
5.335589187146347889e+00
5.453114436618592187e+00
4.626989979458710600e+00
4.811264900447628889e+00
3.208769446667803837e+00
5.749997862151537298e+00
3.374028677954314048e+00
3.909590931818120563e+00
2.666327218325579729e+00
7.292665998494813451e+00
4.609484184680646912e+00
2.014245328669513224e+00
3.755298986992229526e+00
5.860032870747754252e+00
7.001205696246531218e+00
4.233591652069406130e+00
3.198952765496126727e+00
1.224761890563521582e+01
8.487727204356380284e+00
5.646753592047982551e+00
9.738021738130829164e+00
6.675535586163454660e+00
6.157963753856805056e+00
7.198743252103301238e+00
1.050317175668739544e+01
4.973597143958689237e+00
6.279839886271765259e+00
3.623830120416258183e+00
6.763216696218958823e+00
7.109486807470902114e+00
4.982411500586160003e+00
7.333095273483465348e+00
8.308218583069720609e+00
5.644107953969631275e+00
5.385882168700358186e+00
5.285265681203121346e+00
3.662569213680958669e+00
3.302637070902620042e+00
1.193320954092799013e+01
1.303425729833300828e+01
9.295305057040089025e+00
8.678740421755872347e+00
7.350792681015557939e+00
3.259680371068792937e+00
5.324722969733564071e+00
4.085144376343878392e+00
1.989376486126612553e+00
6.203966759690242583e+00
6.354316298629088422e+00
8.379307471259977547e+00
7.688592229309326065e+00
4.178214655207396433e+00
5.812928574802820769e+00
8.170738353382311914e+00
6.817637359217501469e+00
6.772284110731778384e+00
5.602951770899618822e+00
5.859671816322526539e+00
6.057030247826088676e+00
6.399236066641129206e+00
6.992221505578912755e+00
1.188215131797452706e+01
9.647596163008124392e+00
8.365442519022550982e+00
7.986584898251559927e+00
7.074932691554444375e+00
7.759559825726938698e+00
5.421838668022522789e+00
5.845614256341510107e+00
4.671060499649725806e+00
5.671154163723563180e+00
8.631978543837480089e+00
7.619540439051340819e+00
3.289995957971771912e+00
5.121464992717041476e+00
5.775033454636285590e+00
7.254227173037381959e+00
1.208897105549234752e+01
9.505576836197453972e+00
9.321984190049969143e+00
7.402648000841117515e+00
1.156146124390489760e+01
9.791038891444081571e+00
3.849116481884184093e+00
3.860813638678163073e+00
3.202831603058519772e+00
4.182833951594347788e+00
1.023181470001272508e+01
1.218912047418101352e+01
7.626418813389120643e+00
1.143222801322303184e+01
9.742224760865243027e+00
7.937118954919845315e+00
1.349248374143349061e+01
8.150253579277087823e+00
7.712126110953594349e+00
9.481955116607037937e+00
1.001941604337366698e+01
4.994551070007827498e+00
6.138026644469503523e+00
6.333525536326560790e+00
5.969369032353941229e+00
8.055220694928950209e+00
3.106813274807072034e+00
6.033369697180726021e+00
7.734558382993858672e+00
7.704628434643563395e+00
5.656816493476593877e+00
1.276120435809616360e+01
6.642834511273095544e+00
9.988642607886474067e+00
8.309792317646065740e+00
1.101219209318586856e+01
7.067549099446179817e+00
3.719121260912161109e+00
5.457737790888187668e+00
3.176232283654465416e+00
6.089738099139509586e+00
6.368311277483826416e+00
8.677461480214084588e+00
8.637390856697727770e+00
9.808660115135067414e+00
1.130872531242446577e+01
7.373007415397880848e+00
7.739387371169360819e+00
5.096933225423045499e+00
5.746224681050160044e+00
5.315176642898855164e+00
6.842890120452766567e+00
7.851717930114545219e+00
8.871110342482420918e+00
1.000286421985036789e+01
9.348672256267910541e+00
5.896370076412488004e+00
8.415077437614288058e+00
1.327826268092925233e+01
1.187792711926567080e+01
1.000660279372872985e+01
1.073452818941995268e+01
1.613461186262424718e+01
1.453236825632568419e+01
2.160277623763088428e+01
1.964816274941876628e+01
9.640381649694665711e+00
7.123334654727689674e+00
1.196037790720192007e+01
1.159735820190492817e+01
1.709886371481558243e+01
1.663634390731995438e+01
1.327975064375517000e+01
1.341331917833502274e+01
1.298011927108298735e+01
9.090678007957409434e+00
1.303239513326927757e+01
1.111269508113447024e+01
1.567602805964758517e+01
1.235669450307898742e+01
1.042242085495498394e+01
1.119005060960506803e+01
2.301383946459079155e+01
1.966585283743945212e+01
1.619798302244221944e+01
9.519976125507517040e+00
1.446315361127403243e+01
1.390105420943314307e+01
2.106627228625679393e+01
1.480346122619377525e+01
1.674735638520644443e+01
1.363242789187547643e+01
1.851974772881717612e+01
1.544624708222770337e+01
1.397162330467463676e+01
1.356290372571008263e+01
2.030254864221232225e+01
1.650565432982004310e+01
1.689048116781629005e+01
1.588590729446942795e+01
1.403076322541004117e+01
1.148793875849214530e+01
1.125910463257724103e+01
1.016140494308317876e+01
3.113944057737385762e+01
2.526341307552960203e+01
1.207335776059878896e+01
1.533030532020769243e+01
2.082466285028249686e+01
1.844429070572260443e+01
2.114202095870334830e+01
2.157810933742644366e+01
1.171877416827511809e+01
1.095672433610228147e+01
1.733677289927284093e+01
1.523741573852805153e+01
1.433089971998370160e+01
1.084794343775063474e+01
7.289408055867126812e+00
5.463695591141201291e+00
1.300426071967798691e+01
1.288815945650642902e+01
1.701485988149534023e+01
1.789459256982618740e+01
1.561748753799692402e+01
1.618381039000585986e+01
2.358403205177177142e+01
2.301535205767047998e+01
1.425353661922006943e+01
1.699633491135597652e+01
1.790223524078988149e+01
1.606015863060743243e+01
1.710996752317099379e+01
1.303167596388485627e+01
1.409028557623317113e+01
1.911733457904625055e+01
2.604650225737651326e+01
1.903965887391257894e+01
2.856642389637209334e+01
2.826598197649034816e+01
2.538277731948940996e+01
1.854098944071633071e+01
1.386232294543460775e+01
1.516805548282169447e+01
1.702202388071610173e+01
1.501489604732998195e+01
1.351739883067668835e+01
1.135677266622375292e+01
1.829994966318121996e+01
1.629799875484018656e+01
9.998194025178499089e+00
1.299340202567790747e+01
1.816004545193048969e+01
1.966050897881023474e+01
1.207791828574212900e+01
1.384529995650996348e+01
1.502300834162025645e+01
1.363158768605708993e+01
2.382576796898170102e+01
1.954532040962571315e+01
2.428173877610258913e+01
2.303848144028453149e+01
1.085542428265422643e+01
1.138901451062130121e+01
1.733001460904484503e+01
1.245886145371399856e+01
1.820778718158545573e+01
1.847187766109688312e+01
1.760152101279641457e+01
1.924402820209314413e+01
1.390789366608914790e+01
1.170141030446235675e+01
1.957642174624097464e+01
2.547758831330015639e+01
2.441980573880310956e+01
2.221388450796341019e+01
8.402466850457001257e+00
9.093840690220490686e+00
1.513841871986794629e+01
1.645907805166756432e+01
2.045629259788504939e+01
2.460595922729733687e+01
2.855562244307873954e+01
3.056527197264832196e+01
2.676110422573476200e+01
2.649375615832446584e+01
2.199643387962360919e+01
2.217258429713443135e+01
1.400535950028320009e+01
1.570418881923603571e+01
2.513279317857097439e+01
2.876711384001412597e+01
3.065549395966674595e+01
2.929676249567202717e+01
1.722881080583032443e+01
1.841627914992403348e+01
2.812506699790524678e+01
2.451526676216208855e+01
1.380362525472716229e+01
1.312127671852095823e+01
1.920772693564536482e+01
1.259049401060805806e+01
1.732888395481353783e+01
1.544015240206574191e+01
1.300797541848576344e+01
9.235925934702500228e+00
2.375954137923807963e+01
2.724470941009699487e+01
2.742086089189855969e+01
2.625700490663189157e+01
2.328439282215500228e+01
2.574336163294550772e+01
2.042859670540469352e+01
1.838122848153436806e+01
2.297128553072372625e+01
1.930799526980144876e+01
1.049366222539002180e+01
1.051923922804422773e+01
2.395008362698274595e+01
2.434529035695337029e+01
2.139332189769744730e+01
2.356446274092273541e+01
1.562324576569248258e+01
1.691710976511176412e+01
1.844915272830785824e+01
2.820524080851378201e+01
2.313006938933365220e+01
1.787069561965825315e+01
1.667695189763718133e+01
1.638227312760820098e+01
2.107423614617979268e+01
2.307051077870320910e+01
2.210639932366214211e+01
2.141200790040609192e+01
2.103329789485571055e+01
2.041803123148031318e+01
1.956462247394421183e+01
1.510344909771179367e+01
2.532543907974864794e+01
1.949434423002333716e+01
2.323680988659164370e+01
2.514073151341351675e+01
3.087439595211042231e+01
3.293497733870262323e+01
2.737936194890986386e+01
2.276804150631843982e+01
2.385761645026834188e+01
1.879756914751527930e+01
2.920882863307709698e+01
3.068765324572326847e+01
2.870885417172678444e+01
3.155433585754898473e+01
4.172534647836981492e+01
4.024832173526998957e+01
2.274404618626982355e+01
2.367205990610939281e+01
3.091215113219088551e+01
3.170782973672005056e+01
2.442190075881023503e+01
2.744154536794214394e+01
2.773198203549543095e+01
2.618161345021746200e+01
2.765870394063260918e+01
2.483961745310006108e+01
3.148238669020124547e+01
2.983448874792607342e+01
3.461143617675064377e+01
3.768548410961189887e+01
2.761031628735989685e+01
2.870529514685101091e+01
2.783985067878726838e+01
2.518930895041303941e+01
2.247477674334737330e+01
1.837536605737509987e+01
2.772107968416868928e+01
2.332118089804818339e+01
3.180866385452827672e+01
3.282331432382789416e+01
3.007256107080201346e+01
3.018663689763936731e+01
2.787574274078721359e+01
2.497950771152917326e+01
3.133007008120598869e+01
2.865038180364773268e+01
2.089492289903244071e+01
2.232408040696244100e+01
1.859997036524040936e+01
1.970060801857338717e+01
3.194656223942451589e+01
2.711298908393196783e+01
2.141051181535921444e+01
2.921201783689358322e+01
3.922912544526112555e+01
3.341959699966671593e+01
4.048319191293436603e+01
4.078858581474643330e+01
3.318240348719309196e+01
3.287588160364560252e+01
2.223398043664149881e+01
2.432414086569436051e+01
2.831309619792522980e+01
2.831441749343331793e+01
3.449174586875387405e+01
2.440016619977866696e+01
3.948285855923065668e+01
3.134689835300869021e+01
3.553752912317660417e+01
3.308608795830203064e+01
3.141341973018251110e+01
2.521323678773443433e+01
2.794708212607112685e+01
2.194762126613464304e+01
2.783817309992686262e+01
2.576241651930662613e+01
3.187728534871345687e+01
2.770214770009290817e+01
2.726310957311368455e+01
3.292351892848455464e+01
3.745046168665473374e+01
3.777701836869933771e+01
3.148328499902806499e+01
4.203736304146986669e+01
2.760192254512852372e+01
3.319491382589636430e+01
3.953117833003631176e+01
3.705860963777207218e+01
3.487806777112648149e+01
3.767224628856590840e+01
3.543380367801677977e+01
2.831949965873901220e+01
4.483919705691085511e+01
5.466946886249519366e+01
4.307582643176735360e+01
4.452186346794770344e+01
4.928097974900830280e+01
4.350368839800398035e+01
4.675063432707403877e+01
4.291353442079137182e+01
2.894571860853004353e+01
4.335341010390037297e+01
4.496893571316294924e+01
4.092628814044405772e+01
2.892880382298540454e+01
2.884087104364279597e+01
4.932050562169685293e+01
4.751183756540644509e+01
3.158443320916397212e+01
3.109908991579949955e+01
3.538197212118067370e+01
3.467205640079439632e+01
4.109558044060288040e+01
4.512177451536559403e+01
3.665416399338998588e+01
3.517374435488929407e+01
5.480904862940683842e+01
4.891541957756307824e+01
5.041681441668475827e+01
5.214664230127965538e+01
5.615656881621077900e+01
5.852186086100527973e+01
5.079619797690783400e+01
5.844191178645885998e+01
5.613281716117146658e+01
5.917957013951163248e+01
4.016212935674249707e+01
4.865914778672279795e+01
6.641672285376456841e+01
5.457420540939592968e+01
7.430795601289182173e+01
8.054859337663974372e+01
7.873954545003648775e+01
5.687455926401485584e+01
5.496066602455479000e+01
6.023370359201060609e+01
7.029618090743137770e+01
5.581871802118768500e+01
7.002109229938449175e+01
7.060509999329450181e+01
7.376912773380449551e+01
6.824588301100224896e+01
6.396021788036873801e+01
6.459825081675860758e+01
7.198056365757466324e+01
6.939075408758763785e+01
7.138814673765710950e+01
7.348007748784520743e+01
