1.379005138360993366e+00
2.047786426090343337e+00
2.657001233393323503e+00
1.557737004714253137e+00
4.168556459271703041e+00
2.979640390199263411e+00
3.977901180637025025e+00
2.130014152007270845e+00
2.184094545259336329e+00
3.950274588895951400e+00
4.197273438572742599e+00
5.731276180109781571e+00
4.166357401530929039e+00
5.435130502549960774e+00
7.588118446838881148e+00
5.675504789418817531e+00
6.609304992427433412e+00
2.138109435485628040e+00
4.960647918678036561e+00
3.987371744501905457e+00
6.067837775473109652e+00
4.683431012220424350e+00
7.263094296218441492e+00
5.470893282570894911e+00
3.456104711145575159e+00
4.533972409090190503e+00
3.681460125261882599e+00
5.533259906069158518e+00
4.414878648269916717e+00
2.363557925933109427e+00
6.136182711667895973e+00
4.930040369575437786e+00
3.500749880629212551e+00
1.981231857178135991e+00
7.269532194793979052e+00
5.810230756689994003e+00
5.227517492126577459e+00
4.848123944993586676e+00
9.948349443640644552e+00
4.270639779580878148e+00
2.802907965998274520e+00
2.167524078076603189e+00
1.981946018572399604e+00
2.187521297530225173e+00
2.000676058916912581e+00
4.211594019615090723e+00
5.338763437675294377e+00
2.853714029488966464e+00
6.530513845718648014e+00
8.016608280518793705e+00
4.379255198596931464e+00
4.141111016507047715e+00
1.086992932224580422e+01
9.463558157410766114e+00
3.044416163168578215e+00
4.509699034938715378e+00
4.378160278629051660e+00
7.435979072506885501e+00
3.025164528488035298e+00
5.582251563988374521e+00
4.491002624379748731e+00
1.352783699118004002e+00
6.244340654184648010e+00
4.240580594900012379e+00
4.246911960781380557e+00
4.560531895335880215e+00
3.050183282122651107e+00
3.930202504787835949e+00
7.575154620051890220e+00
3.520533924478151722e+00
1.294064909229741156e+00
6.141141372346889504e+00
8.661602476574213227e+00
7.995217327875330682e+00
4.537909871749545410e+00
2.878057799932326688e+00
5.366029526862893917e+00
4.428014645535930605e+00
8.391865944599716798e+00
9.250112046222472628e+00
5.206277184653309575e+00
2.901591628749311536e+00
5.421344709235882853e+00
3.356725243279997439e+00
5.499231769653076363e+00
4.328330248237918454e+00
3.486596076753957441e+00
2.069052062070894760e+00
5.522277388469627901e+00
6.891127150716187089e+00
1.375638597529625695e+00
3.621460541622561813e+00
2.616887323569601076e+00
3.283351983633767457e+00
4.830777235929155644e+00
6.325141793848396254e+00
2.743388163632774823e+00
2.920063462216911265e+00
2.811740173509690965e+00
3.387069539275024077e+00
3.023435726143482771e+00
3.958533574332751659e+00
3.110909753829544933e+00
3.691567026726162659e+00
1.067425748540175245e+00
2.478636130117334080e+00
4.457682069659854918e+00
4.488718713025363627e+00
2.584172917600148889e+00
4.320102269301851372e+00
3.384176217430197475e+00
3.646874691761524900e+00
5.005779572067124761e+00
6.790928518051591034e+00
3.647893429866847725e+00
1.889189683350864124e+00
1.491556851672965589e+00
3.374949587554098240e+00
3.068038876407706450e+00
4.456437883735221206e+00
1.670590508833787569e+00
5.144077315324748767e+00
3.221857504893653079e+00
2.385578043052312580e+00
4.411789284616750351e+00
4.081106604411464112e+00
2.124038868712382122e+00
1.017354428432398095e+00
5.360115072794402913e+00
5.692097043805709689e+00
2.093939920985907754e+00
3.365566231318393609e+00
3.547217827611802932e+00
4.565040213609560915e+00
5.443652065207612800e+00
3.917271564834814868e+00
4.467052988719879103e+00
3.689394643011071562e+00
2.890638886488182902e+00
1.839624342231225063e+00
5.526422746499906058e-01
1.148476211401742830e+00
3.648874652847425626e+00
3.912290848550096900e+00
8.445060476981659292e+00
5.450964926431991486e+00
1.970553699198200892e+00
3.450815795915084472e+00
4.409459843719885086e+00
4.313679400446555512e+00
3.448410924867413296e+00
1.876513997686376500e+00
4.491899252207688598e+00
9.666080718830571072e+00
4.610576586894009843e+00
3.490553707456720112e+00
5.921082080108668322e+00
7.384474759702057689e+00
2.856863528438810640e+00
2.093939395309700302e+00
7.067556339390291598e+00
1.311682019659187581e+01
3.838867320161297059e+00
2.635233033010474291e+00
6.769706898031140341e+00
9.511317567181643895e+00
5.149413862879224979e+00
8.920008096268292164e+00
8.649086592437381427e+00
9.196036825764728917e+00
6.757732756556650067e+00
6.523053820646378398e+00
6.407832714837908838e+00
6.412779026736777688e+00
9.279429986424405641e+00
5.423923573602781545e+00
4.046093230813709418e+00
3.540550591676424830e+00
2.526010405578632767e+00
7.313383088457576342e+00
4.244596177988322339e+00
6.630656699448242541e+00
2.834405892314187270e+00
4.461749939350144523e+00
7.265729895110723646e+00
4.132061946929791674e+00
6.875298674887318384e+00
7.100541567115006281e+00
1.726294075957009611e+01
7.447961526277686595e+00
4.444110913167187427e+00
5.961398787810708200e+00
1.350777745895099358e+01
8.301053418141686180e+00
6.444634198757901444e+00
4.042229893311204414e+00
1.142970109751030527e+01
5.452460278591388487e+00
1.094345172711793346e+01
4.079061377397896315e+00
8.252815246844122044e+00
2.417999292648658205e+00
4.189851387475391320e+00
6.611335473081788372e+00
4.379126404181887366e+00
6.450862989275833570e+00
3.727962045621725728e+00
6.582538226490894040e+00
6.690725028590802204e+00
5.944823110058886861e+00
4.865350363631130826e+00
3.821154632365892034e+00
5.078559887776964210e+00
7.203660143219207335e+00
7.040949088274525813e+00
2.560565838510101333e+00
3.965273673018109957e+00
7.032323866300869142e+00
6.589100969387179596e+00
8.779565382271098173e+00
8.534594515491376043e+00
7.488059373477027769e+00
8.119257402195190210e+00
4.223751898364677793e+00
6.972413440537012619e+00
4.514585931144970310e+00
6.460834725419847047e+00
1.343971303287971963e+01
8.424238255291616184e+00
4.827413326531122983e+00
1.715599289923562143e+00
7.906250466046456538e+00
6.904797659455864434e+00
6.083376260190988205e+00
6.076531111138309349e+00
3.962757834611744467e+00
3.302791300605218083e+00
3.133535155493066160e+00
3.542802490353297973e+00
7.275224056411627949e+00
7.244505059893544541e+00
6.114153527158001644e+00
6.079306079570385712e+00
5.063885649322227955e+00
7.898114985410495947e+00
2.303610568811679471e+00
5.490989051474052474e+00
5.169397433862124025e+00
1.166982304246394975e+01
6.406528858392863235e+00
7.024709390303813805e+00
7.548826039433286894e+00
4.439939497940933677e+00
6.703648074948697300e+00
4.691385353938983371e+00
4.973746649313268264e+00
9.438674913249856857e+00
8.887003802700119692e+00
7.244976950845016361e+00
2.156675934350480439e+00
8.443745053697957914e+00
7.830189940971180818e+00
6.802396505617164912e+00
4.975367584208047589e+00
3.548683339514410395e+00
4.058507388856125608e+00
7.491527189652031460e+00
6.537411238030788496e+00
7.158842715853563909e+00
6.053433365356909235e+00
3.493478403425449574e+00
5.778572985670574091e+00
4.647975715502998817e+00
7.846112279413977930e+00
9.736907693321674273e+00
6.201108206534533096e+00
3.881878722443750096e+00
2.031958192828384746e+00
1.057500784189643994e+01
9.319766044841848895e+00
1.170958868517192819e+01
7.010135617700621324e+00
8.769484021352043968e+00
6.133167784869386630e+00
3.466162558440145869e+00
4.029624839462330854e+00
6.772608929745545403e+00
7.800464225979142796e+00
5.042377683073472561e+00
3.119455468135889920e+00
1.092359528979020666e+01
1.065099314655101281e+01
7.605212391925499027e+00
7.078814156183990569e+00
6.182638484558752090e+00
6.189704782766815683e+00
2.770725657426530208e+00
3.715457972127288677e+00
5.094183496765401387e+00
8.480561876708113900e+00
4.429155511401179801e+00
4.420983022320252864e+00
7.194783479510801882e+00
5.427970371247031522e+00
6.501391591525327307e+00
5.040369719040946883e+00
8.510408313347369358e+00
4.850985034473363378e+00
9.460642637993894155e+00
4.212167315855642080e+00
5.423585787521883361e+00
4.556996802052687201e+00
3.799303518447717742e+00
6.813603373195887158e+00
2.885128346602253036e+00
3.793248093872073401e+00
5.029122491934961303e+00
5.429400603374053169e+00
6.719701361475509671e+00
6.610898386305496643e+00
8.491955311816941077e+00
1.160128360880071341e+01
4.335056646754070542e+00
5.246793562814213274e+00
5.379534382387100244e+00
9.175963482209464672e+00
3.006815256067991715e+00
3.488180640087114259e+00
7.599693218121823080e+00
8.241100836605285807e+00
1.026029824655616451e+01
5.513383174939380460e+00
5.596228796020355389e+00
7.463469579007500521e+00
8.772532339354199848e+00
7.641525648909229140e+00
4.974558868023301272e+00
6.826650540143747392e+00
1.145707889890120335e+01
5.514785478744438585e+00
6.469263188687854438e+00
1.052016029423401555e+01
9.363880906157138639e+00
8.119298864062232113e+00
9.481605417807397629e+00
1.608424900487227660e+01
5.487584935349620885e+00
8.120832337668812073e+00
1.171636197488678732e+01
1.221161953322703830e+01
1.136836174393978105e+01
1.163472169323867433e+01
9.178306154632771552e+00
8.505877659743131147e+00
1.103841065340431804e+01
1.100473021704208243e+01
4.746561868964041864e+00
2.597006865119302788e+00
4.789833068113339642e+00
8.465548007388049356e+00
7.371477521847737080e+00
4.562592701083000080e+00
2.714564192306802237e+00
4.184443753246254616e+00
5.345109207085628533e+00
4.629155500525539146e+00
5.362221567241673092e+00
4.858659980725438921e+00
5.789911436679251011e+00
8.068726594652186890e+00
3.973067321088555648e+00
8.039448960083912965e+00
2.826201513708844981e+00
8.415203822367825381e+00
3.535528977764260894e+00
2.419557798711346575e+00
1.109478660542911577e+01
7.846550349834706672e+00
7.167980760144341268e+00
3.647664223446102749e+00
1.028102321438117883e+01
6.370883193080375761e+00
9.563548077573097217e+00
1.033055798596430996e+01
4.507732011068164901e+00
4.608206911336147904e+00
8.206562126944483282e+00
7.658459697843623459e+00
2.656130804103800092e+00
2.292082348169312223e+00
4.772054406760995349e+00
4.543173407805563002e+00
8.315615708418677698e+00
1.012544784193499758e+01
9.780151327923505278e+00
6.975256976106202877e+00
9.033953001899041269e+00
9.173062792076404293e+00
4.378953145313335682e+00
5.273375584398675819e+00
8.987877817208314468e+00
1.091822862317534515e+01
8.793291705202618047e+00
1.219968225771006942e+01
5.122167515722508391e+00
2.697546943348264836e+00
8.649393692664890665e+00
2.860251382065126968e+00
1.642656692928371243e+01
5.360705320498317938e+00
9.005633143755483516e+00
4.254968313574111427e+00
3.835537505572196082e+00
5.509837109576296577e+00
3.889598867148776229e+00
4.438291817813681206e+00
1.135382471806903304e+01
1.496182847219276368e+01
5.900003172705064358e+00
5.483671646545520417e+00
6.829397175517361696e+00
9.504760070812695361e+00
5.276929751837377225e+00
3.872772683798621607e+00
5.872940729241461710e+00
6.273376393179364463e+00
7.844663564457704297e+00
6.333243615293635109e+00
5.570667403451334820e+00
6.169709010961653028e+00
8.284913894130413681e+00
4.555509611300339046e+00
7.812697008419107192e+00
5.324871233644158153e+00
5.242707130913012215e+00
8.068802799565988337e+00
3.781448596918969951e+00
6.552050020976127875e+00
1.048406444032447915e+01
5.651511966793620445e+00
4.629196081695055476e+00
3.246627117322605560e+00
8.355157408638572036e+00
8.425532687085931727e+00
6.525160387650198679e+00
6.042057791134017641e+00
6.773606737104397979e+00
5.822996710429301892e+00
5.657065987569650289e+00
1.017066786061920425e+01
6.113990476319497880e+00
5.320913479437794358e+00
2.526699355704188577e+00
4.772320208926935869e+00
4.388631969635691021e+00
6.550611756831545840e+00
9.230346043994822836e+00
1.196983241434892520e+01
5.051028591097972864e+00
5.581652239704165908e+00
4.174358081472050230e+00
6.506311056809217064e+00
3.988909150354261079e+00
5.232681090149104541e+00
8.834771533641292862e+00
1.090028514351103262e+01
6.015856154074696427e+00
7.535455677958295517e+00
1.075811460632275818e+01
8.813183906978867554e+00
7.500287780748101873e+00
7.223077614279338476e+00
7.812525842340447113e+00
7.591316916241842350e+00
1.352100937879276010e+01
5.730537517186988339e+00
4.430996306272743546e+00
5.865365025281914946e+00
4.959099704872076408e+00
6.128049735690962230e+00
4.234749794553632540e+00
4.789409680364358657e+00
8.314703990870151884e+00
8.024472802764279322e+00
4.826637839868210378e+00
8.672479961887292532e+00
1.356990151829576341e+01
7.545168158882642473e+00
5.333338288580526054e+00
7.404877709970522304e+00
8.721209997349502530e+00
9.303935001272153116e+00
6.135532576889865197e+00
4.591619805670919874e+00
1.465710852978533119e+01
3.585668445232956802e+00
7.086076636074041701e+00
5.663247291069950506e+00
8.932616972930109256e+00
5.188278614139569811e+00
5.254178962239182127e+00
5.352042936177154431e+00
4.409351665943486154e+00
6.013559725261279354e+00
1.397748808273244769e+01
9.589713582539992842e+00
6.207827073370273396e+00
7.063938607457232344e+00
8.549865358613986999e+00
1.110008873867239920e+01
5.031270799866150334e+00
4.982570356235298092e+00
6.975046939000522528e+00
5.303752208268577739e+00
4.234946232844003511e+00
3.776610772751537670e+00
5.247847712810526311e+00
7.353757376903997667e+00
3.752929275446839519e+00
4.880519205372542579e+00
5.287167328692012447e+00
5.457496938080454996e+00
6.759275839641284200e+00
7.446373686710707318e+00
6.570492282645853166e+00
2.890907470085462005e+00
7.604998578442582868e+00
4.361903490143290263e+00
4.206283468356265764e+00
4.384841748734740641e+00
7.046098955049656887e+00
8.598559620465335840e+00
2.984130448553786508e+00
6.245136650279563106e+00
3.984995135178711401e+00
6.898691480613415195e+00
8.453670107574797754e+00
1.362883672703567939e+01
7.468864041802571130e+00
7.127153741916606222e+00
9.022136296791989807e+00
5.751113730849255035e+00
1.503593104639045208e+01
9.291355909316198591e+00
6.727432670280004245e+00
6.901106975539613941e+00
7.119875863000229010e+00
9.960086121067396547e+00
6.358249440391774421e+00
5.778027884782780177e+00
2.806066467054109559e+00
4.789147517656640041e+00
5.134523203585828810e+00
3.305673900279702870e+00
8.858705125777531109e+00
5.095092004844433475e+00
4.578272765939365385e+00
3.080750740256426923e+00
3.725163347763785993e+00
4.771314197456221429e+00
6.608847340158417794e+00
4.688821673808472923e+00
4.513192336388972770e+00
5.375870826084583776e+00
6.238745270525900111e+00
5.446843991124301176e+00
3.079898563045063042e+00
8.707632204594924374e+00
7.559415414837203251e+00
6.148321195150862728e+00
1.115525800692354075e+01
5.333500069963068135e+00
8.588481800015431489e+00
4.630105825796095864e+00
5.804380890963939166e+00
5.338709331044737993e+00
2.765190509133004237e+00
5.956057547367019644e+00
4.391985279331821701e+00
6.652632288353930612e+00
5.323764515455933655e+00
7.096279318491833799e+00
5.667479436357433897e+00
5.671287605148361166e+00
7.441888033281292003e+00
7.811584436968140643e+00
4.136498519646849559e+00
4.457685824383868400e+00
3.550595844771064602e+00
3.146389884126594705e+00
6.916835487289990425e+00
4.686250291449395533e+00
3.890791198037111265e+00
5.705819493658699670e+00
1.077016703980427081e+01
8.176447283367862084e+00
8.614628986122687238e+00
5.477173255256466256e+00
4.139857621884022620e+00
4.159040520630409965e+00
6.308694384078605388e+00
6.832996258774445941e+00
1.274841126824169990e+01
9.690609537374728077e+00
4.084079041672787902e+00
4.881782329956732447e+00
8.939022570125441547e+00
3.131425701058159206e+00
2.611286940332485873e+00
5.589508233434433926e+00
5.872801042039201391e+00
2.892463176454373563e+00
1.014641756832965669e+01
9.543853651022734752e+00
5.000471106715022707e+00
1.128107943242490663e+01
8.909681132478571186e+00
7.195049316431202158e+00
4.601191061432163387e+00
5.810155906697867856e+00
6.059656352152536840e+00
8.674245094381143772e+00
1.095816113405618886e+01
3.261810757995530441e+00
3.266688461632138996e+00
7.785039059022802910e+00
5.615779438401159673e+00
6.602354836555231365e+00
9.762251370114849891e+00
7.522120287157920693e+00
3.468074485272489849e+00
4.908937579385098005e+00
1.063472357141256808e+01
1.216178078683486596e+01
8.789255152595011111e+00
8.500671552062591729e+00
1.168143408340119116e+01
9.610966483814529226e+00
1.897715542859284898e+00
7.717450233566167661e+00
6.034910225627419855e+00
5.043672067083838861e+00
7.359558366761500992e+00
8.889325369034867919e+00
6.671893493603485936e+00
3.600701604031646852e+00
1.035252083112385257e+01
6.580086444060378348e+00
9.514294647955262363e+00
7.586799479039554761e+00
8.294058806258158612e+00
1.759658612061915539e+00
4.472186273225347009e+00
8.104024599604002788e+00
5.644450382522761878e+00
4.234649501497102619e+00
5.843588088278885984e+00
7.420811463505885719e+00
5.479586632215495356e+00
7.750338602259431831e+00
1.534628106547298998e+01
1.056029306947801238e+01
1.239313881214548907e+01
1.092736322763997237e+01
1.124087260894831530e+01
6.392165683323376868e+00
8.005853957599834203e+00
5.791705433392398739e+00
3.258357193104859384e+00
5.298403165938488257e+00
6.844582266974871487e+00
6.520646934645663251e+00
5.394338868690613964e+00
5.990405451583658447e+00
1.775490863401580022e+00
5.210675636976504599e+00
1.321289288942061724e+01
6.264186694865827576e+00
6.773355994766875554e+00
6.874932223293852118e+00
9.232688762221027190e+00
3.856453727166513801e+00
5.213340050021565197e+00
7.469301993224713776e+00
4.339858496230196927e+00
4.306686959427417527e+00
8.573104719577738564e+00
2.980517706958979218e+00
4.569673815715718845e+00
3.751583990221921017e+00
7.854314923817913296e+00
4.515191969590936161e+00
8.650780047131936712e+00
7.374253723528723548e+00
9.595190624781182009e+00
3.015625625043361069e+00
6.895546636757634573e+00
1.015522349921872269e+01
7.464919088126293012e+00
1.002696245529485175e+01
8.708973032782319379e+00
3.325215605588290657e+00
2.279621711732054745e+00
6.391355857263049778e+00
5.169003308876720659e+00
1.052772708783311550e+01
5.927681957900291287e+00
8.669904895589159111e+00
7.811082966078947365e+00
9.165238135995805280e+00
6.481475555871540450e+00
5.586586084383971418e+00
9.667899700970956189e+00
6.754093804386813282e+00
3.915649175952162331e+00
8.528546532215068865e+00
4.994148333931772044e+00
2.801384241558230404e+00
4.271283633467263918e+00
7.998406282227546349e+00
6.604200798700039066e+00
5.424236176091775441e+00
1.086855760702571772e+01
8.722767955250450456e+00
7.981315966054358668e+00
1.130322158805392441e+01
7.436167696763742896e+00
3.538082848408003134e+00
9.042380185110479474e+00
8.397229216509670024e+00
5.565232500138211691e+00
4.367262164999916152e+00
9.620628954843324365e+00
3.129430783928066173e+00
9.017048423715971595e+00
8.660859245509385573e+00
6.455870133158940760e+00
4.895317124667245778e+00
1.014999325442561862e+01
7.866042899043947045e+00
1.517449280226330188e+01
8.790109051157346087e+00
6.008968097992135604e+00
8.202014661237388538e+00
4.038083978773155280e+00
3.809436215787006752e+00
1.059626548083317665e+01
1.415668648493648618e+01
3.408352327352735411e+00
3.675179164847227398e+00
6.585980811698004977e+00
1.065446997960404296e+01
1.012026729858300023e+01
1.206248185007698837e+01
8.790297766939071167e+00
3.924407097908437780e+00
3.159010897034908893e+00
3.692754829319590204e+00
9.009672692560229734e+00
4.233712123547942241e+00
2.214474429644828657e+00
4.303041612232902047e+00
3.937033462110718141e+00
2.376401358315904933e+00
1.189653659678563535e+01
1.590435838289598358e+01
3.881955572995149595e+00
3.043784070767546979e+00
9.875558727711270635e+00
7.321309767575455929e+00
6.874606235143704502e+00
5.799955386557410719e+00
6.110138690253484661e+00
1.325679884342426895e+01
7.428359461854196155e+00
4.388124782807453883e+00
1.061079730680724786e+01
9.972489699058442625e+00
1.391971807620391921e+01
9.987218811047371858e+00
6.543554729729571307e+00
7.848865949608650361e+00
5.878078437134156786e+00
4.985698953521588095e+00
6.959425410378660359e+00
5.624379408215761877e+00
4.134480294037556014e+00
1.001612303826159334e+01
6.984396683727896793e+00
6.656464157607183907e+00
2.677562231742282695e+00
2.534195901018061914e+00
6.713565637616882853e+00
3.500223284642168586e+00
3.655406039590099354e+00
2.786872575359144566e+00
5.339773044988250561e+00
4.503857333843670929e+00
3.590073685581231633e+00
5.518174313537582698e+00
6.361000029733837380e+00
7.307225783007478270e+00
1.118876046872345853e+01
6.910807972210457173e+00
1.367899359382316682e+01
4.996909614145469192e+00
1.084449858059433147e+01
7.478123638077252444e+00
7.094533929947138162e+00
3.888306044402787265e+00
1.048730173400304189e+01
7.463159038066119244e+00
6.800096266287966706e+00
6.154132156262475561e+00
8.151818931526802814e+00
6.381258086798789364e+00
5.972223233517671481e+00
7.144920287581340901e+00
9.158058448471461332e+00
7.319944225875306465e+00
8.394278322140008797e+00
6.035297106371466214e+00
4.246669898807611254e+00
8.426018543986245390e+00
5.538482402890011258e+00
6.925682321954030662e+00
6.421016604560344732e+00
1.240316197385830854e+01
3.566297000879740331e+00
3.942876678675267144e+00
5.291121029809586318e+00
5.606757259472831656e+00
5.512340809902013916e+00
7.285302564097333899e+00
5.631874070203180871e+00
8.342424758932212470e+00
4.354990667721363451e+00
4.268983993341082694e+00
4.807445975764603752e+00
4.318455353122615747e+00
8.459531451719115580e+00
9.510691253338864115e+00
5.289044174750178406e+00
4.735400133468695927e+00
2.591445444419700372e+00
3.789273767768565726e+00
1.016288883400155818e+01
5.737169075877020852e+00
3.387168782942447276e+00
2.760096684573332126e+00
7.844276743517056616e+00
7.427023313905078084e+00
9.193460462703340497e+00
1.314711173219714624e+01
5.816350080227659092e+00
6.176046626607500478e+00
2.473451144044081840e+00
9.481238476659536119e+00
7.431529455054063149e+00
6.339157625425785092e+00
6.770268484431144707e+00
9.365415167461760504e+00
7.076819230366947266e+00
9.576777155193317626e+00
5.540099922176008107e+00
8.475283253150232454e+00
6.247847070063462738e+00
1.345402135164618507e+01
5.122152930468414134e+00
8.093156017898973431e+00
2.742336497667358763e+00
6.316057501384831241e+00
4.582653292588767080e+00
6.449200719503449086e+00
6.843577255247907054e+00
5.474544089720094320e+00
1.149658865506354744e+01
5.103846816568924361e+00
7.733566122188825886e+00
1.270409592411169264e+01
1.028837398717839413e+01
2.979825849453222819e+00
1.284541747551801372e+01
9.917489875309277281e+00
7.605639726213327734e+00
1.417662131950293869e+01
7.802164763520692325e+00
7.612745288173425884e+00
4.384648268935731785e+00
2.342778518405504329e+00
4.293667460523683310e+00
6.544782232780935516e+00
6.053781922075408772e+00
7.511466988578046511e+00
1.053315895092706533e+01
6.730825373193582983e+00
5.317865895353463657e+00
5.556777174977082900e+00
4.431133386021070208e+00
3.659252602577165447e+00
1.721775999015615355e+01
1.109345676095501787e+01
4.351680119660129797e+00
7.133617960816563297e+00
6.764018662491728229e+00
5.792541234975755238e+00
4.196306043726664825e+00
3.426593849285390458e+00
4.670610529059679550e+00
5.052209975512440998e+00
1.034438578431352695e+01
1.384432089200485017e+01
1.072579303796517358e+01
7.684291080689163778e+00
4.866733121836367637e+00
6.107113953443488619e+00
2.056154215462099977e+00
1.897879736668330652e+00
7.714836301109952110e+00
9.040632256098501074e+00
7.990242004811466181e+00
1.004950985197667102e+01
5.709209219976791871e+00
3.979447703897054822e+00
7.645597248179647920e+00
4.425661436806027638e+00
5.929555649255727090e+00
5.485228323334362166e+00
3.974094381511652063e+00
7.637135110012019723e+00
5.487077965908149224e+00
6.514935387546471723e+00
1.227164635406051652e+01
7.444486384753543184e+00
7.353611522707195647e+00
1.104241242893924024e+01
6.600827323834741023e+00
3.890541397180794725e+00
5.586006856248586061e+00
5.606158730420123248e+00
9.544272830175659195e+00
8.760459393323724697e+00
4.818212366331150243e+00
7.451046895863380648e+00
4.127324576808451440e+00
5.457050544129971037e+00
4.649556731422578082e+00
4.264968832948192734e+00
7.035991385940392639e+00
8.559957076813759613e+00
1.443232560283356491e+01
4.877823341945275892e+00
7.641910677328225709e+00
6.180293968302639662e+00
7.429267735874824474e+00
6.467157257939425641e+00
6.979950442673653832e+00
2.668844493372072524e+00
8.211433360151476180e+00
7.986324378752665432e+00
