5.665108202110828550e+00
9.342425410856417534e-01
2.311962048634891076e+00
2.262090658780624430e+00
3.410492979970363159e+00
4.576397205275418933e+00
2.137670339423250798e+00
1.726111457723412679e+00
8.861327545453450583e+00
4.040655962602124340e+00
2.231963257442861615e+00
2.106348945929658711e+00
1.671842035309464736e+00
3.176943220066951401e+00
7.726217915052051133e+00
2.459373430252794090e+00
1.165981889072027045e+01
6.869952346532532950e+00
3.114572834137589119e+00
3.360129321567597138e+00
3.014013633381648738e+00
5.257694178118077488e+00
5.700164194728658096e+00
2.419882251132059903e+00
1.188985686370868677e+01
1.243898516553189637e+01
6.235992523321198355e+00
8.179585528257677041e+00
4.373996106591998334e+00
1.235745110801887980e+00
3.741618121803644392e+00
1.226076957117112398e+00
1.322203280238604250e+01
7.263683235123027160e+00
5.912460854484400841e+00
5.090840927527708004e+00
2.160482400939771619e+00
1.724964553825708791e+00
9.949959169372940337e+00
7.673655467522809914e+00
6.103459504810915703e+00
5.229530964330219689e+00
6.361612374337443754e+00
6.261159839283347850e+00
1.320101033567402915e+01
6.496129808779063097e+00
8.006460756522093547e+00
7.055323774655993141e+00
3.099054877170878797e+00
3.344763275189205132e+00
5.894490395626924339e+00
4.411176387904461649e+00
4.869548220635261160e+00
3.407962781105289718e+00
3.113767576538268411e+00
6.283184425821068508e+00
5.348489731985810458e+00
5.509220339120261656e+00
2.570827751078961221e+00
3.730582246270025770e+00
4.369245185995818126e+00
4.983796576452031779e+00
3.904555364693067965e+00
4.619586942856146905e+00
6.996302688096299960e+00
6.496032157354493464e+00
6.305225072887815863e+00
3.667845917477576823e+00
1.945693886572219311e+00
1.871209192874362603e+00
7.361472521648470213e+00
6.788670353607369812e+00
1.986613761477522777e+00
3.775633406425458194e+00
4.026955082550439435e+00
4.508272570177927818e+00
2.407589165579246515e+00
3.754877518107048839e+00
3.376633619804198183e+00
5.365066781901265180e+00
4.473955140342088299e+00
3.081785568217927374e+00
5.057126504411963097e+00
4.491463198603486084e+00
2.641890421918078768e+00
5.614521689682972827e+00
4.173750620779942189e+00
2.593873043759825414e+00
1.732225881518229205e+00
3.057005901801422620e+00
5.812023166635614579e+00
6.950042477702513821e+00
3.441646914100034760e+00
5.924513247169940655e+00
2.005272373238887074e+00
9.495573339462797247e-01
7.044888849290992461e+00
6.426153554860532857e+00
6.120957932207248042e+00
8.445518932354346475e+00
5.198650408991007055e+00
3.368558941392736372e+00
3.435939587762141034e+00
6.387967474670205092e+00
4.376098296485055883e+00
3.877977944837895041e+00
5.415695052863654269e+00
3.288067976364544176e+00
6.305380777783674340e+00
5.475580833970504102e+00
3.836580846729543914e+00
3.514707536416163958e+00
4.600124942181057719e+00
5.708816093611241982e+00
6.066370290024438283e+00
4.862091316404983488e+00
6.761204256982488836e+00
6.725353879426693382e+00
3.243185743941116694e+00
1.624529753386020570e+00
7.225292413543684233e+00
3.949978326797614514e+00
9.237890737009271547e+00
4.720725274328264831e+00
6.485139456963736393e+00
3.714836832424820656e+00
4.512934577689590832e+00
3.151032853487453878e+00
7.641581503795698005e+00
5.513646050794299036e+00
2.600622674684367475e+00
4.270520747405737616e+00
4.373424251276187391e+00
3.725919940804074848e+00
1.774849744727792888e+00
2.465526957002041275e+00
3.175884775690268835e+00
3.296578514664298964e+00
3.789058966779150328e+00
4.859739323621139029e+00
2.417385152555009853e+00
3.765121668734104698e+00
5.661829099028333978e+00
4.008882705825177695e+00
9.104787831737226611e+00
6.689565693446168027e+00
3.433190904838573143e+00
3.246938416484222767e+00
1.379842850024539436e+00
1.855085075469940170e+00
2.609283996354501589e+00
6.375485253924590978e+00
4.003520789119208168e+00
5.147075249779877737e+00
6.510177697838227751e+00
1.906282181875028403e+00
2.057500448427163953e+00
2.587240935060951763e+00
5.196269831909424042e+00
6.122028449127601135e+00
5.099224247859911685e+00
2.471713647485356713e+00
7.602185430433083368e+00
4.968570690452318139e+00
2.192616872846870901e+00
2.375063505532963415e+00
2.949061892470262958e+00
4.297351910392852581e+00
2.811003320613671086e+00
4.305016253940344484e+00
7.590611174880146805e+00
5.800369906000880427e+00
5.205178595846243539e+00
4.123943981450785223e+00
5.388103960371007695e+00
5.206167643165238168e+00
3.653281365897000477e+00
1.601883193485221790e+00
5.642369291982869406e+00
6.070001082197616249e+00
8.864837480979675277e+00
1.198558011563288117e+00
3.507873559029603516e+00
1.591059614081592688e+00
5.595580330306794359e+00
2.883226005441648976e+00
9.884629720518577356e-01
3.659117805680823121e+00
7.448084135907356185e+00
1.347559543713443997e+00
5.499291635361658770e+00
5.353388667400299283e+00
5.033031591309892860e+00
7.219542002935190439e+00
8.595374277467149327e+00
7.055846118827818536e+00
3.031458320387337757e+00
4.753513966310784156e+00
2.798949925966157881e+00
4.781049800641588909e+00
4.260176278717906939e+00
3.759825811534482920e+00
3.295509856300838702e+00
3.421691056643672013e+00
4.272483819061017485e+00
4.279127044629848164e+00
4.944109031219040773e+00
2.200986295211563526e+00
2.586490254411160983e+00
4.691822624606586167e+00
8.254995947311703830e+00
6.307065653489648760e+00
4.586856785519827007e+00
4.274378605087362892e+00
3.329529517960520657e+00
4.379587922173197256e+00
3.967270831934105679e+00
4.062870585846656724e+00
4.313578361002530670e+00
4.805478965484891063e+00
3.719435938399944686e+00
4.199182070668168620e+00
2.141119669262019798e+00
3.546025695682981205e+00
6.200816037802189484e+00
8.594562709379014009e+00
1.496700115880492898e+00
5.190996860542572477e+00
6.204450908034297107e+00
6.328921535223702044e+00
5.465436968744239898e+00
2.058968505270637905e+00
1.782663687289462562e+00
7.091488005711870102e+00
3.754660011636690164e+00
3.060410050106129543e+00
4.599217144700221027e+00
5.464491426071874436e+00
3.321465962092899460e+00
4.208344732339165617e+00
7.008644016539134824e+00
4.526934315386918151e+00
4.119484632149212899e+00
2.882130424131085444e+00
2.980796179738665508e+00
4.971638339789089756e+00
4.707241223629608839e+00
6.489782152164813134e+00
3.478146801784636200e+00
3.737053797422013268e+00
4.819430796902287817e+00
5.063019965326891025e+00
3.689706035240323256e+00
6.467042097384742227e+00
8.263737915436204062e+00
5.699792667161959869e+00
6.825750784800590942e+00
7.031070781361587585e+00
6.430184413335947369e+00
4.863881602230507362e+00
1.643541007152333755e+00
1.813168123064331283e+00
1.832873521245977688e+00
1.834768678467975533e+00
3.375971569023381580e+00
2.329188926610974875e+00
6.451360958250973887e+00
7.104969125826824161e+00
4.730607122625034577e+00
6.230129198844733374e+00
6.249552065465519668e+00
3.435346732215489585e+00
2.296752264183909986e+00
2.073954921942447793e+00
8.888894860858902902e+00
7.254901026632682992e+00
6.001296047149448754e+00
4.865598902853245811e+00
5.131014661123213472e+00
3.997928385062003542e+00
7.386539565570632959e+00
4.457181646880743031e+00
3.021807123696240716e+00
2.459368788108931447e+00
8.677672156537083126e+00
6.383571939819583818e+00
4.048414699159030405e+00
5.093565384326419476e+00
6.109418155484783064e+00
8.385063636799586106e+00
3.304399826974710574e+00
5.384191612962421658e+00
2.987959791087837491e+00
4.431597390308545492e+00
5.827478483454413549e+00
3.196940398103502723e+00
2.995385939922510676e+00
7.392488455896292443e+00
3.872998930743362767e+00
5.006390592773649395e+00
4.535133901996424299e+00
5.195562741550718400e+00
1.082014090336360290e+01
7.137935343438601699e+00
3.229990406124144009e+00
4.289703572112190777e+00
4.079359977056618902e+00
2.382980504744845351e+00
3.489395716618171051e+00
3.627555161377943982e+00
1.001554414745671373e+01
5.926265981285770756e+00
5.658394805400662975e+00
4.945823551641540305e+00
4.237933345211886582e+00
4.246870091402112024e+00
1.466362128122446151e+01
5.630770285563250432e+00
6.241189922714955429e+00
2.595180234068028113e+00
3.584119113816986779e+00
3.072740093027427566e+00
4.727855445365581666e+00
3.813497242146204780e+00
2.511108966689392208e+00
4.938151221929188317e+00
5.739477427212242411e+00
5.466414477077485401e+00
6.380683149686792177e+00
5.925163262557629373e+00
3.526442553276091463e+00
3.225699868001041803e+00
3.548076560522456457e+00
4.013337336871293459e+00
6.384360645925117872e+00
3.491334525632531438e+00
1.786701601382346460e+00
1.924930015161014030e+00
4.758508268262358953e+00
7.697225601986666277e+00
8.082749523783082424e+00
6.026230415014717678e+00
2.841335379345627299e+00
3.222255925741955629e+00
2.720460038116857326e+00
1.360115234594225120e+00
2.473638439900379904e+00
4.334347242685282708e+00
4.115826613270325396e+00
2.776855931187792059e+00
2.672334320257354623e+00
4.394680681210868300e+00
4.620923158846816037e+00
5.583515760952391105e+00
3.982015200149165768e+00
7.968023802819527823e+00
3.100466803291526130e+00
3.503032135517112344e+00
2.254078197354304702e+00
3.290386969144952545e+00
1.848793792686270310e+00
3.135136489481729960e+00
3.189364810191561261e+00
5.220527282184583839e+00
2.430851507911546250e+00
1.526942811169368586e+00
4.885323144503477266e+00
4.349386646103302390e+00
3.815090302026132640e+00
2.572642009445110567e+00
3.925133486835417518e+00
1.463613566879417682e+00
2.209529366767173819e+00
2.629602404480530176e+00
6.281477311181594025e+00
3.618895015954694205e+00
3.256784814284932494e+00
2.790905331967735492e+00
4.459094422817325487e+00
1.406728496019754804e+00
3.870258129680157033e+00
4.259162267097199361e+00
5.218354922186724920e+00
6.502764370546767481e+00
5.211035905086802700e+00
5.808941212399683529e+00
4.664506383795629318e+00
4.276467533663159237e+00
6.344326416615343689e+00
7.609204167970323063e+00
7.399916457544096993e+00
4.756562534492727146e+00
2.392449469369152038e+00
3.121177142854747899e+00
9.305070639762551110e+00
5.556713477183993000e+00
6.648338681536454686e+00
4.227598619086665011e+00
2.251806502674350341e+00
2.550174141279205831e+00
4.731420409154096340e+00
4.464711900187011473e+00
2.414465508497765978e+00
1.596482486279062751e+00
5.165228818901702823e+00
2.108706358367245404e+00
2.820914619982817229e+00
3.242470914167720153e+00
4.668135273029880850e+00
5.033845482203604504e+00
4.980721181451849056e+00
3.913369920054846851e+00
2.336574286441691850e+00
1.247139187209139299e+00
4.559144113325704240e+00
1.877787184774262652e+00
3.668434582175518877e+00
3.553729500581827239e+00
5.209266235954092217e+00
4.241435746132723672e+00
5.049553484713223739e+00
6.310711615864197377e+00
7.422155220200158610e+00
1.182009872787434546e+01
8.672093734427480882e+00
4.681626679203225727e+00
4.153853628131364495e+00
6.740451968296985008e+00
6.151688450995818513e+00
5.936394300177686212e+00
2.989139548807480562e+00
2.850761166449190753e+00
6.732888148403291417e+00
2.337651371745385287e+00
7.213695665456580919e+00
4.115785893356426861e+00
2.550896820133385479e+00
1.622624076932243753e+00
4.562108385264426857e+00
3.313263732479871937e+00
3.036218330597658444e+00
1.956668824650245275e+00
5.504310361715821998e+00
5.507503498898374872e+00
4.482464545264811306e+00
2.856482955912161614e+00
4.646803898635051944e+00
4.821499519181575266e+00
4.737679828411232918e+00
2.540746278534414149e+00
3.913416677773347896e+00
3.780681357870734338e+00
1.657024234234073967e+00
2.701789112732249976e+00
3.142859702349319662e+00
4.788972534572432771e+00
3.575877234895202594e+00
5.291384905782714476e+00
5.084327867784084631e+00
2.656224044404043916e+00
8.172743314210183740e+00
7.093665684909400859e+00
2.636767951293404799e+00
4.664645403541921809e+00
3.357337819935588996e+00
4.118465892834186626e+00
2.812265458949030794e+00
2.365039425710425469e+00
1.949817321212142573e+00
2.022980504724826822e+00
1.846081943492036137e+00
3.741400548246837765e+00
2.233959115507730964e+00
5.152754768444133049e+00
4.728665362206487366e+00
3.487456707815597579e+00
5.454618946835209314e+00
2.176948897142514383e+00
2.851188940605859923e+00
1.911366156906513680e+00
3.456413972003993695e+00
6.609572986731709676e+00
5.152074835279715437e+00
1.587826886884453392e+00
1.678778937195827936e+00
5.422974976713240025e+00
4.542109760301988430e+00
4.148542173021713353e+00
2.917473433295396656e+00
4.617021465590616103e+00
5.677629587887321527e+00
4.984090700836092402e+00
5.315372281801097110e+00
5.830420570074596576e+00
2.752525796827645088e+00
3.019094807338639441e+00
4.136383758730890925e+00
2.479371187145567479e+00
8.725492182087787540e+00
4.986679431474179580e+00
4.618547720602610873e+00
4.316020968377151767e+00
5.019748886097564977e+00
6.618039425047031798e+00
4.906088766498047704e+00
3.077871237116666769e+00
3.475224447212868828e+00
6.974708260036090124e+00
8.639201937433220735e+00
5.368947831055507436e+00
1.917489860549410841e+00
9.061014840834576978e-01
2.368937661875358369e+00
2.895414004186844359e+00
5.900562607205719345e+00
5.446732541709197406e+00
4.475800129115059534e+00
2.380049723394496386e+00
3.461052278136516946e+00
4.876108255672963132e+00
9.140169991179810438e+00
5.036383663962533674e+00
1.937370211459500169e+00
2.491821642177753482e+00
3.679391037983339441e+00
2.345195997469061044e+00
6.223168503306506949e+00
6.673644913810612422e+00
4.328992644312146254e+00
3.176764944351374798e+00
5.823930214148861140e+00
9.721256219982445046e+00
6.704491079616238025e+00
4.055346054426008706e+00
4.330009080348298234e+00
4.970756372427035608e+00
5.229200945554304703e+00
3.282896093531013637e+00
2.981176756341222589e+00
2.821925962381472086e+00
5.143696349073652030e+00
2.370413334646999992e+00
3.815844669936174327e+00
4.317057235166687157e+00
4.995461596173216279e+00
5.212034962658512072e+00
5.997345979118293258e+00
4.773612808920336015e+00
4.185210650713830027e+00
6.372451398704622072e+00
3.184585863378645243e+00
2.357261032070469664e+00
6.070539368544396019e+00
5.109518629799943312e+00
2.013597105939872289e+00
5.499757406975316343e+00
4.935078691041910659e+00
4.249575173403750128e+00
6.009569845465679627e+00
8.465713856407449001e+00
5.354192104893369830e+00
4.750277752072389781e+00
3.501203806530556850e+00
5.149460476779195162e+00
8.059182025911859171e+00
7.728761897123047397e+00
5.432873326738809183e+00
6.458305496974926285e+00
6.310957119679698302e+00
2.848085883294050547e+00
4.819348807280755764e+00
5.289985847940179120e+00
6.526661048351092731e+00
5.524134901421934529e+00
5.276585020093796707e+00
4.811627520759606647e+00
3.304677525659740489e+00
3.769700677656324217e+00
2.839074708160744809e+00
1.661351898905062852e+00
2.855096307778862030e+00
2.061525077247170046e+00
3.928842015720214409e+00
3.543121051580019998e+00
1.472149066280096008e+00
1.900377935799375972e+00
2.411033025024742038e+00
1.515694968359372785e+00
6.934292484705729898e+00
3.047662799309111215e+00
7.113618956789543368e+00
3.328296432107150427e+00
7.197153305351625896e+00
5.766023896383019931e+00
4.234936745690625948e+00
2.300431919101166844e+00
4.846656972816387743e+00
6.077935102646626397e+00
3.626057539821903930e+00
5.166306379193353671e+00
1.983169560076930349e+00
4.215360439736600462e+00
4.366619247753702915e+00
4.513504587105308552e+00
5.864114947030110159e+00
2.199704131483180447e+00
3.128982172367639869e+00
2.746539796336737282e+00
3.010623999011556862e+00
1.001326567713035631e+00
7.925461413316163828e+00
9.684687531150821371e+00
1.080994705351087148e+01
3.695901593734764568e+00
3.379497572914691883e+00
8.297637201982327682e+00
4.726767117275739061e+00
2.665440299575063232e+00
8.690928519232514304e+00
6.403801074573257424e+00
2.704122005014320873e+00
1.838991394089996012e+00
3.364717634955892045e+00
1.843488191265933329e+00
2.393694280769687932e+00
3.307184288039549447e+00
6.670419109399556845e+00
4.709021058535423521e+00
2.542547261411591819e+00
4.436626487384556228e+00
9.463281760124720776e+00
1.767338356500752106e+00
4.093856841215566256e+00
6.861595122570218308e+00
4.108037178584548421e+00
5.613997629591995775e+00
2.859499428271573773e+00
5.521570917177021975e+00
7.346957898733539771e+00
9.702045261032349543e+00
5.134550163763266006e+00
3.574511423993564918e+00
4.944051275933738054e+00
2.935523312263864870e+00
1.965155729650844840e+00
5.134569658756398702e+00
1.176792648113830442e+00
4.825792197057617194e+00
3.445618629590911031e+00
5.180660237767414245e+00
4.379067402990701297e+00
4.962168465481913593e+00
2.764142995239882605e+00
2.636060895922251124e+00
2.771197164723745665e+00
2.234061841586672870e+00
5.277612310893557535e+00
8.611059095957410037e+00
5.246922950266587726e+00
4.887337904871809080e+00
4.479492813369585491e+00
5.546770543688304578e+00
4.548260712276596784e+00
6.185442181188982147e+00
2.488268084606537034e+00
3.211815344829899388e+00
3.174461242139997363e+00
4.773552731259647963e+00
1.245593363438401324e+00
1.913408177488206796e+00
7.270989685650896206e+00
8.544742725977931386e+00
5.917462605075280102e+00
4.152406443940271252e+00
5.142002632574824261e+00
4.774304406021435909e+00
5.303682264898287535e+00
5.869360986239906985e+00
2.194411797269247622e+00
1.992417761502101925e+00
3.728119191549621014e+00
5.531410857829323291e+00
1.917018602892637702e+00
1.749613644688403413e+00
5.119274588202078036e+00
5.674276225273175989e+00
1.983679080265967842e+00
3.476859675512176118e+00
5.550674127660786716e+00
4.668590400592819378e+00
1.701361913321101538e+00
1.568506283091513520e+00
3.906525919734538554e+00
2.880729078337713300e+00
6.049923062420216269e+00
6.742352440265117153e+00
3.753359370877150880e+00
4.988897840973701925e+00
3.634445584595952905e+00
3.523088079289515839e+00
3.700839606995047770e+00
2.802061638459341086e+00
3.856148908762577321e+00
8.163976240053301581e+00
3.472673076735422359e+00
6.170379266072086644e+00
4.065433057990545329e+00
4.653233923373676362e+00
4.213107619903912138e+00
3.104426081523858905e+00
5.165487151955518996e+00
2.971215806805451276e+00
5.744560544304860628e+00
4.712064935680261080e+00
2.766003478276768401e+00
4.084427641818876964e+00
6.201070545622567209e+00
3.724025738050532830e+00
2.241089940130378100e+00
2.978695353192140960e+00
2.728057954450161304e+00
2.534167637682234187e+00
4.521412236711093158e+00
3.787732161689118637e+00
4.793243089553786085e+00
5.919716062863111361e+00
1.662461271245229355e+00
1.446994500379934268e+00
7.167109317796864332e+00
9.281909511137587998e+00
1.062909459996252615e+01
5.242797303835120992e+00
6.329490566651936767e+00
5.185975507836742437e+00
4.839012417817372125e+00
4.099848519805667557e+00
2.226593971494970958e+00
2.985079660516183342e+00
4.024483312270314528e+00
4.568191049257413816e+00
3.918804259816256241e+00
5.930990839716281826e+00
3.529356896223212026e+00
4.157302211937378367e+00
6.064808601425388801e+00
3.827877661290780331e+00
4.075949908475831052e+00
1.457179881809976818e+00
4.668109535489898931e+00
5.684796825365702411e+00
5.968242928038551831e+00
3.454437301551759543e+00
4.320247121994613693e+00
3.546961023971468840e+00
3.203107050314445203e+00
3.319336696240341666e+00
4.142349976306562986e+00
3.313902139604698593e+00
5.351826549469683947e+00
6.809540512723549988e+00
6.342309585792578197e+00
4.027969685174904058e+00
3.549599416784171790e+00
2.109626999844615103e+00
4.509461132673602712e+00
4.011117728588553533e+00
2.320929042512819063e+00
2.071419838994003726e+00
4.744175235527070100e+00
7.216351459121736589e+00
4.186250111093476001e+00
4.800094904518434014e+00
5.476513203306743627e+00
5.408278922100726582e+00
5.132658159072408743e+00
4.745896208621450008e+00
3.744340042354748821e+00
4.361731470187501181e+00
3.423202274030305858e+00
2.790892001342528683e+00
6.178587428123886838e+00
7.045200573578735970e+00
7.126684939876136937e+00
4.110034612344367844e+00
3.809917769483912586e+00
7.599465981272881088e+00
6.417490914575105343e+00
2.044476455115570523e+00
3.891338650117795783e+00
2.642065980986973539e+00
3.478481000896410436e+00
2.582287838456303053e+00
4.527552070884797608e+00
1.723693453041551304e+00
6.635037689264795979e+00
9.183992352311372898e+00
9.849319304373800321e+00
8.569471638784069256e+00
5.786911773389391556e+00
5.278366411540061698e+00
4.401939975788803139e+00
3.906095152311749530e+00
6.022033250537284665e+00
3.042172726726244392e+00
6.112859811442366009e+00
5.995312098452989069e+00
3.907161833652035288e+00
6.430707022693232133e+00
3.573605112765672054e+00
3.572634245991149982e+00
6.204068333254957324e+00
8.064770601184370946e+00
1.733152268350605318e+00
2.955987973508940492e+00
4.999431260776464825e+00
5.452578541405777024e+00
3.637676515379392406e+00
4.989972195080650152e+00
4.902392025124259867e+00
3.360485391257456822e+00
3.050380363387102278e+00
3.940945733815339747e+00
3.964736574148550741e+00
4.917662336715987514e+00
8.544138706717046006e+00
2.677100353581753467e+00
1.017061357396210397e+01
6.105832503113411747e+00
6.263856322121401199e+00
4.530140896547105278e+00
4.242693465290942711e+00
5.006567926037997829e+00
4.915854029665919001e+00
1.447764569101705812e+00
5.795716420419904757e+00
8.825932872869893586e+00
5.105176320120205169e+00
5.882593549305460634e+00
5.160453961230125230e+00
8.646660544768932866e+00
2.829003822200222285e+00
4.450333962552987188e+00
5.557667359514645966e+00
4.925485754116659898e+00
2.114880038236499615e+00
5.005705551077306303e+00
9.125188404347888138e+00
8.190165748212397290e+00
8.401868778630227297e+00
7.754172022319274049e+00
4.380950971271590610e+00
6.845291234351949861e+00
4.897215968933153363e+00
5.153873073231389768e+00
5.677111516177861361e+00
7.848918486662135763e+00
3.929514507039777005e+00
3.775247021916815715e+00
1.194999397336810176e+01
7.922769076819911938e+00
8.207778196002523785e+00
6.361226864865161090e+00
5.278599045604134510e+00
7.599275879209032247e+00
4.839749720911639130e+00
3.999585146881974307e+00
4.454859321683491302e+00
3.765042983050578496e+00
7.766526197722932956e+00
9.669456551943467204e+00
1.493648272284662459e+00
3.156747052402754328e+00
2.279238419137002758e+00
1.826746866411814052e+00
6.476696863027465945e+00
9.257597688410973191e+00
1.193674021944391406e+01
1.385996473828365438e+01
1.269362011495091203e+01
1.113597232263624370e+01
2.218326519746358638e+00
4.484052588536868278e+00
7.170695805341342322e+00
5.411058345766787347e+00
3.630742551767546011e+00
2.403844554431500136e+00
5.955112718757474610e+00
3.517793214412280545e+00
3.655357727885055752e+00
4.691598127027145182e+00
1.191029533250144112e+01
9.418069819149920363e+00
3.875451050405896769e+00
5.529046525305395754e+00
8.397855594332183315e+00
7.355856859077362309e+00
1.716030530851660796e+00
1.463523813202601609e+00
3.389241268257817907e+00
2.733215021472869655e+00
6.712796312114653219e+00
6.373715255510863820e+00
5.143219871079951488e+00
8.089630237697297943e+00
3.039570626180148949e+00
8.046313505906930175e+00
2.125474580955220461e+00
3.137451439575407175e+00
3.578283805007615115e+00
3.072871449295191848e+00
3.145075698295731303e+00
3.014935320663491236e+00
1.284815978367686817e+01
1.185818698478358790e+01
3.807593225737545772e+00
6.606397817043255571e+00
5.209773167460449272e+00
3.806813882210920319e+00
1.882888084005409857e+00
1.389234847333387535e+00
1.814888087591638444e+00
4.587752099440511877e+00
3.226116164516640072e+00
2.707570210415644052e+00
5.133105380572016152e+00
3.543909193094226584e+00
4.007032006678266534e+00
3.177760378991209222e+00
4.621965109214007938e+00
2.543360216892128101e+00
6.256321105398500393e+00
4.654103129443902809e+00
2.051602430337609917e+00
1.150962914027550577e+00
3.842239132618285424e+00
3.424803448724812238e+00
5.710008769225188630e+00
1.731532114560441427e+00
7.829120045685215246e+00
5.511770929090428872e+00
2.730885532610699329e+00
1.865758969261245070e+00
2.218256688328082760e+00
1.533058675658038217e+00
5.996650707346216080e+00
4.409543943297558499e+00
4.627333189257644364e+00
5.927625432767487546e+00
5.413177687641939073e+00
2.959022519526250061e+00
2.267406083930475269e+00
2.638484684958570803e+00
5.428123909302572159e+00
6.029120282093416883e+00
3.439339621708873640e+00
5.339849089044314212e+00
6.355738615546933090e+00
6.671396892526527012e+00
2.551054486320409431e+00
3.370073782001675067e+00
