1.164544869781589886e+00
6.400490361080773960e-01
2.500051590760465903e+00
2.835429543449956569e+00
2.449705441069979894e+00
2.400735338125335350e+00
5.403431975572772217e+00
3.151240765568198210e+00
5.010194541019094672e+00
5.069041017999058596e+00
4.850150101644532086e+00
4.758998568324412481e+00
3.754119940887063578e+00
5.039307672818780226e+00
3.268784494398080387e+00
2.137109052605765225e+00
2.360270130454283688e+00
2.117561457488727150e+00
4.707115385345463032e+00
5.157651685432111499e+00
3.540247718631730489e+00
5.425096509984550508e+00
3.838243838739790359e+00
5.000096228557173283e+00
6.835730360805131411e+00
6.249780813362892928e+00
3.413996030287692829e+00
5.394807678342845136e+00
5.902729182571436084e+00
7.093721445791498326e+00
5.345027525013136938e+00
3.703720700170646474e+00
7.445883515338214131e+00
2.982669262292539702e+00
3.163176909397493297e+00
4.144019590304217182e+00
3.669344545163740090e+00
2.802336067113824658e+00
5.850005904487955100e+00
3.659837167218677134e+00
2.878840266241970092e+00
3.331371379783287345e+00
3.277676830988298207e+00
4.401394183563666296e+00
4.200134322449640578e+00
3.808430563831930016e+00
9.845646825718892270e-01
1.693454953718412259e+00
5.715416776097081986e+00
1.907518775821055224e+00
5.425988768599405709e+00
6.734619586989152751e+00
1.300000268794837543e+00
2.303309056837616442e+00
2.878489764902638193e+00
4.663355766104318789e+00
2.359733177020499895e+00
2.880682452600000776e+00
3.276307042152287963e+00
5.018077364289500686e+00
4.889922396202700305e+00
3.815361194026653191e+00
2.982666248703663925e+00
7.693497830285866534e+00
9.495458840909494214e+00
8.142139095363692292e+00
7.373284195505424243e+00
7.012617842015473002e+00
3.768620170914130707e+00
2.385386324622559950e+00
5.399942997681445256e+00
2.996151603442099187e+00
1.305581996081497165e+00
2.618915893135032480e+00
5.039332869228045020e+00
3.446758288355697530e+00
4.361317224863094921e+00
4.099932761487044885e+00
4.797094652878161725e+00
7.277432665699489434e+00
4.019324956394655146e+00
3.565446795181867579e+00
3.820843703523453705e+00
2.856653126985444491e+00
4.536876590052478342e+00
4.788249316375794429e+00
2.744635667988090333e+00
1.115714035886793631e+00
4.954265684533192271e+00
3.055433340281383359e+00
3.030995581388411964e+00
2.364221334692726106e+00
6.434546501723983347e+00
3.099371731478782976e+00
3.257908788745171869e+00
5.408177133574736395e+00
4.407429957599403814e+00
4.997202516047107856e+00
3.584177433020088621e+00
5.381400926279736652e+00
9.930587342579615395e+00
6.008910937914325068e+00
5.666004903602629206e+00
5.304409046021068441e+00
8.257824680832769104e+00
2.984755324153196554e+00
5.260719955453256880e+00
5.026566739248982785e+00
2.923260654328070807e+00
2.108244326813828007e+00
4.530534813715825670e+00
2.274728543544982884e+00
4.167900119746793308e+00
1.480272289127988916e+00
4.264158793541308334e+00
4.754286326419485675e+00
1.454215616817145840e+00
1.547069849080563220e+00
3.254165054570556492e+00
2.733093014754405914e+00
3.453789297663782953e+00
3.251261857675344480e+00
1.112949644478908873e+00
3.871870451004153502e+00
1.668195382324396903e+00
4.729067396159785552e+00
4.933255528503649678e+00
2.830469484264376057e+00
1.846445493744730326e+00
1.757108857307831062e+00
4.015743011567353804e+00
7.036788677695641425e+00
4.082278721400188992e+00
3.991229190213540612e+00
4.440316650202145610e+00
3.925756678891824780e+00
1.794983757026585858e+00
5.961775037116105125e+00
2.442925196083089556e+00
3.329402520594850312e+00
5.446962843926611342e+00
7.227629434149740462e+00
5.679789239096140641e+00
3.929924441676901470e+00
2.463252328502010258e+00
6.412746491255913561e+00
2.578083260674049804e+00
2.558737483255693057e+00
4.496179152474354623e+00
3.457741577911022990e+00
9.595087845638014201e+00
4.961946265077947338e+00
1.678297843280452062e+00
2.527834720673011848e+00
5.484282789773879507e+00
4.955545658629350925e+00
3.127881479454301061e+00
3.982056109223618190e+00
3.256864031633085688e+00
5.071627850378588320e+00
1.324993839541079410e+02
1.339105490487686438e+02
9.216867846208214132e+01
9.384369779694226565e+01
2.015859349947741634e+02
1.993832940087103509e+02
1.819248368341602031e+02
1.845381196482212260e+02
2.387232829807340408e+02
2.491332977387154699e+02
2.487586579165151477e+02
2.663961380781970547e+02
2.554253765661373450e+02
2.639948465799147357e+02
3.714490284009937113e+02
3.625806198808233489e+02
4.500691780699181095e+02
4.716414272720094232e+02
6.318661457456923927e+02
6.152772463569696129e+02
5.702670236531236014e+02
5.737930007330053286e+02
6.460704510091502470e+02
6.457637983597479661e+02
5.938802089403651507e+02
5.955244403005433469e+02
6.898292722787100502e+02
6.933103206114552677e+02
7.110795541806405708e+02
7.093407587590887715e+02
7.474230492295512249e+02
7.578127514442446682e+02
7.988022278548089616e+02
8.173877742342081092e+02
7.865122987051656764e+02
8.350279814651224797e+02
7.639883078543502961e+02
7.914717568396000615e+02
8.893257909734196573e+02
9.165660866334096681e+02
9.649371981782045395e+02
9.769150439419172471e+02
1.034422031731290872e+03
1.064583685125998500e+03
1.121714022022919380e+03
1.153542902799215426e+03
1.138051249030526606e+03
1.175285848599323117e+03
1.215635854162337409e+03
1.219299257851611401e+03
1.285110843812716212e+03
1.320499305362280893e+03
1.388677391596293319e+03
1.449468653645328004e+03
1.499352899243908496e+03
1.553288334906057571e+03
1.629604912046882191e+03
1.656237697117355765e+03
1.703117520248076062e+03
1.769042659884354634e+03
1.856127545255924588e+03
1.892045668541748455e+03
1.969981597659275167e+03
1.971075968268244196e+03
2.001962611348010569e+03
2.035058364865172052e+03
1.976032337669834305e+03
2.011692313147667846e+03
2.161624087840391439e+03
2.223390678212389503e+03
2.457340041274821488e+03
2.488811338083025021e+03
2.498013544490326240e+03
2.563521320845083665e+03
2.559623512010913146e+03
2.607517465228877882e+03
2.608137372097786738e+03
2.656292257136400622e+03
2.764290652378349478e+03
2.849117286611957752e+03
3.121316519122697173e+03
3.204717436556422399e+03
3.219681362986098975e+03
3.268191385200262630e+03
3.468907519213772957e+03
3.562767212568534433e+03
3.640288958596721386e+03
3.761335060614846952e+03
4.112121026758718472e+03
4.161849456480854315e+03
4.198258352360257049e+03
4.272464658175044860e+03
4.445792707971714663e+03
4.599216468605975933e+03
4.687952332712588941e+03
4.873374782835550832e+03
5.292603921272522712e+03
5.416289764176233803e+03
5.499948968193231849e+03
5.590471771576752872e+03
5.692368214468723636e+03
5.771042297381292883e+03
6.033659827706335818e+03
6.085507128023564292e+03
6.146904150592836231e+03
6.160980399054988084e+03
6.625588161654071882e+03
6.662590898521859344e+03
6.755212720298701242e+03
6.831898849043880546e+03
6.857161660132539510e+03
6.977831432313710138e+03
7.255497219689209487e+03
7.356120090177255406e+03
7.508381334465822874e+03
7.707430213759969774e+03
7.826309946381158625e+03
8.013084602898004050e+03
8.412488547449631369e+03
8.417007712335876931e+03
8.420454707913639140e+03
8.428959518272498826e+03
8.342833684664276007e+03
8.357658948643444091e+03
8.508373633326278650e+03
8.543062678314418008e+03
8.418631692457262034e+03
8.448358361190474170e+03
8.510524541463064452e+03
8.549812896380626626e+03
8.678764492412627078e+03
8.728643515917443438e+03
8.761054053317751823e+03
8.826706502773997272e+03
9.112115781894155589e+03
9.194844465054469765e+03
9.110934539169838899e+03
9.207153863083462056e+03
9.441795952049686093e+03
9.558660870020774382e+03
9.657231264754027507e+03
9.793577469837837270e+03
9.677925466219217924e+03
9.840171523871385943e+03
1.019116626780195656e+04
1.038000449549448604e+04
1.073575904967639508e+04
1.096672665355546269e+04
1.121426894119065219e+04
1.148547856014355420e+04
1.171005525145414686e+04
1.201703357215229153e+04
1.205142935842820953e+04
1.240060137754813331e+04
1.304633676826620285e+04
1.343206183039998359e+04
1.374187733626372574e+04
1.418659086634915184e+04
1.469663609146898852e+04
1.519585325581985308e+04
1.585128331617197364e+04
1.641382094654234970e+04
1.680125029534138957e+04
1.742046869809372583e+04
1.819600646938690988e+04
1.888709485982467595e+04
1.944758713239990175e+04
1.944728372317928734e+04
1.935575709992275006e+04
1.935545372510560628e+04
1.939058610066096298e+04
1.939042280160329028e+04
1.968786327381632509e+04
1.968780229209645040e+04
1.953311554107792836e+04
1.952148964036842881e+04
1.961724343112223141e+04
1.961767242843915665e+04
1.968800464891486263e+04
1.968865534424759608e+04
1.943927063383229324e+04
1.944016406079472290e+04
1.961569528744636409e+04
1.961689430743961202e+04
1.963888588915721266e+04
1.964026396647449292e+04
1.979997096781915025e+04
1.980140289896691320e+04
1.994391333006755303e+04
1.994567029001075571e+04
1.973295077154806495e+04
1.973465188243072771e+04
1.969933757338459327e+04
1.970130805692033391e+04
1.958142655507433665e+04
1.963846031600516289e+04
1.979488195388005988e+04
1.979737092082178424e+04
1.963802965247521570e+04
1.964070812775986633e+04
1.967800591065509798e+04
1.968079234854532478e+04
1.978738027569630867e+04
1.979046703823492498e+04
1.974079123167982107e+04
1.970218872829954489e+04
1.954641979669966167e+04
1.954951829301491671e+04
1.991440433680622664e+04
1.991785890799541085e+04
1.976676061335868508e+04
1.977045561706226727e+04
1.982460990421517272e+04
1.982874626957397777e+04
1.994538741132182258e+04
1.997061178965434738e+04
2.002677080205290622e+04
2.003147141085640396e+04
1.996397608469286570e+04
1.996871468834886400e+04
1.996489022346945058e+04
1.996965543998517023e+04
2.007482196085493342e+04
2.008001602742056275e+04
2.006194045175486099e+04
2.005163945364243409e+04
1.992099103647868833e+04
1.992661490929645515e+04
2.008997182657631856e+04
2.009591310500558029e+04
1.985383553804886469e+04
1.985981369570637617e+04
1.996755522026156905e+04
1.997335561556138418e+04
2.007691286351587405e+04
2.010242493518012634e+04
2.009739295187310563e+04
2.010373688184929051e+04
2.001106320892135045e+04
2.001783255657043264e+04
2.021623140798271197e+04
2.022651776317171243e+04
2.017726824805596334e+04
2.018410069133227080e+04
2.022282406043741503e+04
2.022113033907734280e+04
2.026381752419254190e+04
2.027094811193233545e+04
2.029405832181656297e+04
2.030183471121361072e+04
2.040259767086084321e+04
2.041015377145837920e+04
2.041851216436324466e+04
2.042646881164399747e+04
2.039551000355281576e+04
2.040072140635771939e+04
2.033327593763242112e+04
2.034133692464256455e+04
2.044574004883802991e+04
2.045772264642451410e+04
2.024422383927929332e+04
2.025308262237441522e+04
2.039055095209949286e+04
2.039928279219649630e+04
2.047845301662370912e+04
2.044181491535769237e+04
2.027468303641302555e+04
2.028366927186396424e+04
2.052624666591135247e+04
2.053544454446130112e+04
2.032109296601983442e+04
2.033063250110346416e+04
2.026338193382845566e+04
2.027334779747016000e+04
2.039930545399791299e+04
2.043362023940765357e+04
2.038617540025568451e+04
2.039977373940014149e+04
2.065895089663788895e+04
2.066901127535951309e+04
2.061863821242530321e+04
2.062900543936256872e+04
2.067651385153452065e+04
2.068684546386010334e+04
2.084618542056847582e+04
2.079119836372145073e+04
2.076620511485433963e+04
2.077630250883374902e+04
2.086888197949325695e+04
2.087977067223081031e+04
2.069774598716949549e+04
2.070827262753589821e+04
2.076992070024783243e+04
2.078068632575633819e+04
2.116150196530896937e+04
2.116266336378574852e+04
2.095777957426565263e+04
2.096936354468455102e+04
2.077713930399218953e+04
2.078822466306751085e+04
2.081588323489034156e+04
2.082752019202115480e+04
2.115146981787774348e+04
2.116316979295957935e+04
2.134756918963950011e+04
2.131378706207483629e+04
2.099937342003076992e+04
2.100533575259627105e+04
2.104884912334283217e+04
2.105523384866066772e+04
2.134076018551592279e+04
2.134732165303383226e+04
2.111838823561082972e+04
2.112867708102208417e+04
2.115994239235366331e+04
2.104401824000393026e+04
2.123091849131575509e+04
2.123763398353257435e+04
2.115531479913513613e+04
2.116201437889509180e+04
2.098454072223572439e+04
2.099137371498134598e+04
2.114926489694352495e+04
2.115618994257515442e+04
2.123174759850073315e+04
2.125467260375049591e+04
2.131815479217072789e+04
2.132519344368671955e+04
2.120696357386431555e+04
2.121410084905735494e+04
2.144111398761666715e+04
2.145209854919445934e+04
2.149439719063864686e+04
2.150183549392477289e+04
2.134817608011630000e+04
2.129539579625071929e+04
2.138808715411251615e+04
2.139585280939605946e+04
2.132934104306049267e+04
2.133709452502697241e+04
2.145473899548871123e+04
2.146243583071127432e+04
2.128986478270024236e+04
2.129783536898072271e+04
2.160673411757019858e+04
2.162792120542432895e+04
2.137330940247076069e+04
2.138135636641170640e+04
2.155618380318175332e+04
2.156430217095989428e+04
2.154455913086294458e+04
2.155300063310946643e+04
2.157985633839449656e+04
2.158841327646750142e+04
2.148119777445812360e+04
2.158495528006890163e+04
2.199257269369574715e+04
2.200147068618013509e+04
2.210150512603384414e+04
2.211043920910692032e+04
2.183927524845794323e+04
2.184820859676720283e+04
2.167339693494506719e+04
2.168246170811492266e+04
2.160222994397617367e+04
2.163882383569261947e+04
2.197422469572996124e+04
2.198360713590480009e+04
2.210130118538112947e+04
2.211085011765236050e+04
2.212372603239150340e+04
2.213316658838309741e+04
2.187265838351909042e+04
2.188219783596303387e+04
2.177692812707479970e+04
2.180070422822334876e+04
2.183555505262806400e+04
2.184530965771231058e+04
2.192922084364895636e+04
2.193923039173713187e+04
2.200774284458461261e+04
2.201780173980878317e+04
2.229269865618978656e+04
2.230271202862139035e+04
2.223626434768298714e+04
2.226659416677890476e+04
2.214582432612355842e+04
2.215606537001341349e+04
2.230972239058747800e+04
2.232008382976772555e+04
2.228481058997176660e+04
2.229535744707111007e+04
2.221300798350192417e+04
2.222363540398059195e+04
2.235294940444293024e+04
2.239852951856466098e+04
2.220028232582821875e+04
2.221119940492560636e+04
2.220363152859363254e+04
2.221458170009799505e+04
2.226033586150617339e+04
2.227137172568728784e+04
2.242558746186141434e+04
2.243678185313268114e+04
2.229041888378370277e+04
2.228012388029017529e+04
2.270688852742847666e+04
2.271816457142120635e+04
2.254694022591879548e+04
2.255839194948538352e+04
2.285049668305437444e+04
2.286203468300621535e+04
2.252290014481196340e+04
2.253444651157326734e+04
2.280932944524786217e+04
2.277811310240756575e+04
2.250931553174943838e+04
2.252117177850889129e+04
2.271112301505637515e+04
2.272300480225097272e+04
2.291358672006031702e+04
2.292570424843166620e+04
2.286193956374249683e+04
2.287400067838408359e+04
2.291513703904955401e+04
2.294800539567283340e+04
2.301272904191038469e+04
2.302502699644949826e+04
2.315063872328240905e+04
2.316311659334951401e+04
2.302535914925284669e+04
2.303792833100870848e+04
2.285897869034122050e+04
2.287161394491833198e+04
2.288752552763297717e+04
2.291179607338947244e+04
2.316378127725170634e+04
2.317668117470854122e+04
2.333717489850389029e+04
2.335017782461208117e+04
2.308890495700094471e+04
2.310199845882384761e+04
2.311640352195745436e+04
2.312958015671244357e+04
2.308496189263439010e+04
2.311684428745367404e+04
2.320789269695319308e+04
2.322127201384813816e+04
2.353876734712356119e+04
2.355214853502447295e+04
2.313446965440931672e+04
2.314795641395021084e+04
2.325059181824655025e+04
2.326413397701211215e+04
2.342678524924124213e+04
2.355740399078363771e+04
2.352821853650683624e+04
2.354196135159775440e+04
2.344161029929047800e+04
2.345916354293553013e+04
2.380946244489836317e+04
2.382355130406930402e+04
2.344989556227902722e+04
2.346393866700238141e+04
2.405896634458828339e+04
2.407343406191769827e+04
2.384492848194967155e+04
2.385927253879667114e+04
2.386234302758552440e+04
2.387661618263508717e+04
2.400147991363986512e+04
2.401567029760043806e+04
2.400656403672711531e+04
2.402137005558199598e+04
2.401855558318835756e+04
2.398380103593138119e+04
2.405653568818938948e+04
2.407495551233268634e+04
2.441229174107543804e+04
2.442739813246370250e+04
2.404702738850289825e+04
2.406197070154916946e+04
2.422137008229724961e+04
2.423628592037496128e+04
2.447540165400265323e+04
2.442575937663375589e+04
2.431112843472423992e+04
2.432609021828391269e+04
2.411829900767149593e+04
2.413355649359534436e+04
2.427248622668660028e+04
2.428782483514538399e+04
2.435994040637726721e+04
2.437532714497083361e+04
2.435857083646126557e+04
2.442960818967924934e+04
2.448910139182062267e+04
2.450490009287253270e+04
2.463494329404496966e+04
2.465083319924844182e+04
2.467890135689856834e+04
2.469492270127296069e+04
2.488048941573244883e+04
2.489678877850699064e+04
2.518813442230867076e+04
2.520858811901834633e+04
2.471256092700891895e+04
2.472875460722823846e+04
2.497076575371090803e+04
2.498731696275448849e+04
2.509282479556263570e+04
2.510922063191777852e+04
2.477865826708139866e+04
2.479887373711990222e+04
2.518189926333441690e+04
2.512232117375699818e+04
2.514118159413887042e+04
2.515780089278468222e+04
2.522590376230941547e+04
2.524264260032888342e+04
2.524092138192598213e+04
2.525797860667919304e+04
2.533817022281691607e+04
2.535506350323393053e+04
2.512134503960163056e+04
2.511493477988119048e+04
2.537680380722755945e+04
2.539402111451362362e+04
2.536832580665164642e+04
2.538551595554765299e+04
2.542267303902220010e+04
2.544381742555834353e+04
2.541572281346998716e+04
2.543321460212436068e+04
2.557824776896999902e+04
2.566429755434752951e+04
2.539074175875880246e+04
2.540836606823114926e+04
2.560057959784794730e+04
2.561861884166220989e+04
2.579450356384889164e+04
2.581239726222956233e+04
2.581729911916502897e+04
2.583527869965700665e+04
2.608643213472830757e+04
2.607397456258733291e+04
2.611042573557197466e+04
2.612857872055457847e+04
2.612261726850958803e+04
2.614452785788595065e+04
2.600585642701097095e+04
2.602442148619778163e+04
2.623801700168550451e+04
2.625644004140687321e+04
2.626695074805456898e+04
2.621628731050546412e+04
2.599379552603517368e+04
2.601254380387787751e+04
2.620033089539558932e+04
2.621900830839187620e+04
2.646197085030156086e+04
2.648075844157761821e+04
2.622088692002408425e+04
2.623969317545276499e+04
2.634939250118563723e+04
2.627700400233619075e+04
2.633221618764286177e+04
2.635134310882558930e+04
2.666135136331710964e+04
2.668051754123613864e+04
2.668274652034219616e+04
2.670204499677303465e+04
2.699035457684642824e+04
2.700965242856044279e+04
2.681228346097762551e+04
2.684134823461598717e+04
2.704474864455541319e+04
2.706431294929692376e+04
2.682171119730739156e+04
2.684134869717592665e+04
2.674220245796136805e+04
2.676219530394039612e+04
2.700771617255330784e+04
2.702767437025189429e+04
2.675119278511033554e+04
2.680812151910052853e+04
2.713581978366955082e+04
2.715591192935914296e+04
2.728946163757165050e+04
2.730966587672619789e+04
2.708762249506065200e+04
2.710782045812448632e+04
2.732968359907032936e+04
2.735021042042730187e+04
2.709504604629811365e+04
2.707662958847286427e+04
2.711849425893543957e+04
2.713920325116755339e+04
2.747872099833636094e+04
2.749932678122635480e+04
2.734680892213805419e+04
2.736773183386615347e+04
2.719409107711266915e+04
2.721495025946739770e+04
2.732002367059438257e+04
2.735982595120128099e+04
2.756725435627087063e+04
2.758849958804438211e+04
2.773693701563382274e+04
2.775817208966489852e+04
2.776897974399576196e+04
2.779034300151695061e+04
2.771773111770963806e+04
2.773930193031143790e+04
2.827411039029870881e+04
2.825007132521902895e+04
2.793461173196480013e+04
2.795621494540015192e+04
2.808327496527536641e+04
2.810490089344445369e+04
2.819430107170654082e+04
2.821617877648087597e+04
2.829730526442752307e+04
2.831946023489948129e+04
2.818189737365367182e+04
2.824153366865247517e+04
2.811171865088183040e+04
2.813379109508511465e+04
2.834721053426372237e+04
2.836955572652372939e+04
2.861262817134731085e+04
2.863532146898871360e+04
2.863258234031968823e+04
2.865531057559523106e+04
2.864181103881305899e+04
2.869428748886780886e+04
2.863255671655137849e+04
2.865536364705803862e+04
2.902344069704290814e+04
2.904638281272152381e+04
2.879022429652285064e+04
2.881314630135671905e+04
2.864036710676950315e+04
2.866337641964022623e+04
2.887799417679335602e+04
2.889677358223688861e+04
2.927016951936934856e+04
2.929357362901751912e+04
2.903069848974784691e+04
2.905441979530477693e+04
2.939005811641799664e+04
2.941373063053358419e+04
2.899061810136785061e+04
2.901426607873051762e+04
2.936452211096259998e+04
2.937636174214255152e+04
2.961933468381455168e+04
2.964313445652051814e+04
2.937071298912120255e+04
2.939475254193805449e+04
2.934292322922771928e+04
2.936724113854463940e+04
2.963853642576639686e+04
2.966275801172269712e+04
3.020295498726116057e+04
3.034719078957304737e+04
2.966703463997970539e+04
2.969162412090741418e+04
3.008583398709188623e+04
3.011011882803919798e+04
3.007454357263780184e+04
3.009916124121727262e+04
2.999214838147347109e+04
3.001708239231080370e+04
3.006736760675771802e+04
3.011038864224925419e+04
3.030180423748090470e+04
3.033022208953736117e+04
2.985890512371195291e+04
2.988411471994123713e+04
2.994302107576260460e+04
2.996799905587039029e+04
3.001634268895302375e+04
3.004165846023155973e+04
3.022147713825802930e+04
3.023144536423336831e+04
3.081419889070708814e+04
3.083966211831812325e+04
3.043390936917741783e+04
3.045944548086072609e+04
3.082360839725541518e+04
3.084948211073827042e+04
3.062320506789531282e+04
3.064874320275787613e+04
3.059297875048531569e+04
3.064471452600723933e+04
3.111232084254383517e+04
3.113846201278599256e+04
3.071199931782216299e+04
3.073806669021398920e+04
3.106893760605575517e+04
3.109513437800121756e+04
3.164960360240324371e+04
3.167611514394131154e+04
3.137526215604749450e+04
3.133749844279453100e+04
3.130468617383758465e+04
3.133091671009942729e+04
3.157162271360382874e+04
3.159837817114577774e+04
3.174980004504415774e+04
3.177640584129893978e+04
3.170979739081359003e+04
3.174029128017713811e+04
3.196850442674790247e+04
3.195571463422588567e+04
3.178023812367170831e+04
3.180699898270966878e+04
3.145641873320146988e+04
3.148345195527184842e+04
3.180823153306672248e+04
3.183573356046834306e+04
3.227235051294753794e+04
3.229957691494198662e+04
3.189858641962895854e+04
3.197035744622552011e+04
3.230264318225445095e+04
3.233032550635572989e+04
3.225519415271300022e+04
3.228285843016130093e+04
3.234883496843263129e+04
3.238031273828975100e+04
3.250809685282280043e+04
3.253585456041937869e+04
3.276040329091935564e+04
3.279640083439813316e+04
3.267171556030106876e+04
3.269964374127361589e+04
3.286900897789943701e+04
3.289716997672069556e+04
3.248668046038069951e+04
3.251489133708289592e+04
3.295361995366228803e+04
3.298208873011401738e+04
3.297189060644722485e+04
3.306405627135458781e+04
3.339038440251559223e+04
3.341038922274902143e+04
3.298915291614434682e+04
3.301298819064495183e+04
3.300579777765256586e+04
3.302588270536876371e+04
3.313409831177044543e+04
3.315421203225748468e+04
3.349408142230084923e+04
3.359308884765885159e+04
3.361550254674088501e+04
3.363577444189719972e+04
3.351269194831946515e+04
3.353295710668063111e+04
3.365684474568682344e+04
3.367726056589558721e+04
3.373398098897410091e+04
3.375457435955039546e+04
3.398254307912626246e+04
3.396977171846801502e+04
3.364237502344015229e+04
3.366689701574003266e+04
3.409676420156338281e+04
3.411758860199991614e+04
3.415783563115299330e+04
3.417864644454252266e+04
3.358712140632703085e+04
3.360797698279705219e+04
3.384198362157426891e+04
3.381122468213667889e+04
3.430152370034958585e+04
3.432254245554842782e+04
3.456240406378758780e+04
3.458351415402191196e+04
3.454301453056558967e+04
3.456419208078980591e+04
3.413998525117591635e+04
3.416131987101494451e+04
3.459879111849656329e+04
3.461027963745009765e+04
3.479521224943781272e+04
3.481667219229133480e+04
3.469722482749915071e+04
3.471875016972908634e+04
3.489443192901748262e+04
3.491600811068489566e+04
3.543734102042819723e+04
3.545897105579570052e+04
3.471491298507973988e+04
3.471923567216863739e+04
3.525366433537351986e+04
3.527544638107005449e+04
3.491576515965510771e+04
3.493762122244503553e+04
