2.747358475286817647e+00
1.455556184133347308e+00
2.772236055364175833e+00
2.316981723378175761e+00
5.132722207841417195e+00
4.645290204055640082e+00
3.232255559193815131e+00
3.805211207584336730e+00
3.523782434354018722e+00
2.362484650915835704e+00
6.348783447983218586e+00
4.073476768788169444e+00
1.332729122349012085e+00
2.070206571556550301e+00
2.956018322236261042e+00
2.194897721283673331e+00
2.832846258038466569e+00
7.569530532375124965e-01
3.723753078661874660e+00
4.504628032730480847e+00
1.983908938677429123e+00
1.430478824640757152e+00
2.553234536067533256e+00
2.653933280621792790e+00
2.579669621402803870e+00
3.929919709866644961e+00
2.952928870802469241e+00
4.342927954498070342e+00
3.373915705549514588e+00
3.775823031725198398e+00
5.821702298323176983e+00
4.943138649237511117e+00
2.981448388876429600e+00
9.525207660479069194e-01
6.431991073525704650e+00
3.409567102420545393e+00
2.786198310685610302e+00
2.856430011222320875e+00
2.771907932507265748e+00
5.353812202782251006e+00
4.081805302178821648e+00
3.066833537355906358e+00
5.271464625933843351e+00
3.689396532301632003e+00
1.075983477887950102e+01
3.058576924625137750e+00
3.498429238410951658e+00
3.843498145769495000e+00
5.053549720937748013e+00
4.511267276496173650e+00
5.219518987022088830e+00
2.804652969690813347e+00
6.103706277744382902e+00
5.719995350095596010e+00
6.513146049708193885e+00
9.986162603023837292e+00
6.593923504021543813e+00
5.332563641661336895e+00
3.147377563692452807e+00
4.077972841171519924e+00
2.081004896531475801e+00
1.967402229763111299e+00
2.542435640663917695e+00
2.896478477570337162e+00
3.721780740353449524e+00
4.705422660620104836e+00
6.676222092182111822e+00
8.705471440567919217e+00
2.243819111726612636e+00
3.339172384453912734e+00
3.681528573254190917e+00
4.563445006962619566e+00
2.651034132667390519e+00
3.253760821039007656e+00
6.335837683333369164e+00
3.935802191711862186e+00
4.300958125885654404e+00
3.882199109869195031e+00
4.698293880407567791e+00
4.609510067897660157e+00
5.621299687897307606e+00
2.999035883403078362e+00
6.313153537280815186e+00
9.013468585669075495e+00
2.705541798541244880e+00
3.997570836527106763e+00
3.653120810790479123e+00
6.298803462535753184e+00
5.905643275203113163e+00
4.313722869704259111e+00
4.629973896251261323e+00
1.715136191456168469e+00
4.215865258056622267e+00
5.571683342511334125e+00
6.911688715252717330e+00
7.056471335416801161e+00
9.319837637244404505e+00
5.007752731202986141e+00
5.263316484443333110e+00
5.476419960448406954e+00
5.604558804842341146e+00
4.806889380232338027e+00
3.301029145328968184e+00
6.599678365845720762e+00
3.507828510703135283e+00
3.405702181722964017e+00
3.453658227441867457e+00
4.274169566926762087e+00
7.062505836757596356e+00
2.388357841100830825e+00
1.005837131042981447e+01
1.762347682131754523e+00
2.905386730297573106e+00
2.751799737916126531e+00
8.428724782229226165e+00
4.069723946299800055e+00
6.644694880462831854e+00
2.339250210712015665e+00
1.851258507379239804e+00
1.372856795609977310e+00
2.769706403921168292e+00
2.822084541648988587e+00
2.948474292576762412e+00
4.675066453706977931e+00
5.752055645075091483e+00
2.537710341779236600e+00
5.717980673223437726e+00
4.747377171702805931e+00
2.659932288721479132e+00
3.751585520956554731e+00
4.571380152706950639e+00
4.340625271283411912e+00
4.821948523407447951e+00
5.647329515851862602e+00
4.105905120125665775e+00
3.244812347602377134e+00
4.558948977497228938e+00
3.681543617905416621e+00
5.842863340092149471e+00
1.790541528241121672e+00
4.177481467008505867e+00
4.977462126522875785e+00
9.517641999175204148e+00
5.874626684573505564e+00
4.506619359245452650e+00
6.150481867515132706e+00
1.661921132109460464e+00
1.146335111499103832e+00
3.014187455568551055e+00
3.027630657291126681e+00
1.243890685243554506e+00
2.583094186639339096e+00
5.273795981972396518e+00
4.101897131684361320e+00
3.621966743729435834e+00
5.768175379356831556e+00
4.662877338776324265e+00
6.577019549742163740e+00
3.416923080050857209e+00
2.929816793883647463e+00
1.277955316615080328e+01
1.241199463256087299e+01
2.322656646618333198e+01
2.088131964837785404e+01
2.331255648619208287e+01
1.833452322450193606e+01
1.648152668335627169e+01
1.952325926164041903e+01
1.443942484569006623e+01
2.071531814482084499e+01
4.461038860335557388e+01
3.603459048456295477e+01
2.566120890588957337e+01
4.648681768590369501e+01
3.776084346554418403e+01
3.829924989269385094e+01
3.892089332361393872e+01
4.440362373299399934e+01
4.564831696105855485e+01
5.430974571007200069e+01
3.635195649756277447e+01
5.383387138611827538e+01
5.289547019864022559e+01
4.566260754042120595e+01
6.895214125371273894e+01
3.843863392451095962e+01
4.052224355835724623e+01
4.365398245134054633e+01
5.203539809499496727e+01
5.500801367351130011e+01
4.527418638544029506e+01
4.704885514143904146e+01
3.726374073360040029e+01
3.986895516274773854e+01
5.326063346430813539e+01
5.654712641017484742e+01
5.060993739075694009e+01
4.329006099064240232e+01
4.205422720791359126e+01
4.542173777762780418e+01
2.678316642197249564e+01
2.990368234658016533e+01
2.691400734033995690e+01
2.493110102681784213e+01
1.437873217776290424e+01
1.517779482369114419e+01
1.775206961999590760e+01
1.837772959151083896e+01
1.356447459502417807e+01
1.068849568349166645e+01
1.405069431073088815e+01
1.390536817433976502e+01
1.610567470207456253e+01
1.326443578016842650e+01
1.063995950462404672e+01
1.480853198823584727e+01
1.193487750570213812e+01
1.900120762896910165e+01
1.128279697204978760e+01
1.176229636838924719e+01
1.333244075493179004e+01
1.499683546218128427e+01
9.462337149337212594e+00
1.787704965125044509e+01
1.718523006616893767e+01
1.251495286744081881e+01
1.318131422538711917e+01
1.287087856116330009e+01
1.631014030862793263e+01
1.614000974577388092e+01
1.098882832595382730e+01
1.309921551134629958e+01
1.072862051773453373e+01
2.210256755271358031e+01
2.811688577384789056e+01
2.695135408883701089e+01
2.597380671286583720e+01
2.318164134548465327e+01
2.008591427148525455e+01
1.528260354594889492e+01
2.717713324730743807e+01
2.468367311302938560e+01
2.516904429712431224e+01
2.850724791594974050e+01
2.532052022205609632e+01
1.835258847666740323e+01
2.021459706962398428e+01
1.544045421738649360e+01
2.005093672446897557e+01
2.609823049316503685e+01
2.385391462943838548e+01
1.913542525807412531e+01
3.186194137278089755e+01
2.318162726233533277e+01
3.029025509978337993e+01
1.607668029741115490e+01
1.140679950365646711e+01
1.506651332664997156e+01
1.728921781158796023e+01
2.197835418954846176e+01
1.765239596352448359e+01
1.310876319325870476e+01
2.101389529224839947e+01
1.415273235334712787e+01
1.532536259731537065e+01
1.616755725995368920e+01
2.204907152212532040e+01
2.161871532981408706e+01
2.129280086577782427e+01
1.719966267500312540e+01
3.146644109578162940e+01
3.623001125060270056e+01
3.954591754402215287e+01
2.974465693218728291e+01
2.772222749627610483e+01
2.831907484827271659e+01
2.783277073445899319e+01
2.552046120406585317e+01
2.642960584758753484e+01
2.481806006701947709e+01
2.844082296952761268e+01
2.902541818890357916e+01
2.543022773404875636e+01
3.393683190040174225e+01
4.033081347969152120e+01
3.300481307676693632e+01
2.688974700918449656e+01
2.612524854674091301e+01
3.942055672597506089e+01
4.320359153317326673e+01
2.146907858373297628e+01
2.325699863339605145e+01
2.905449524657405647e+01
3.101499456266730448e+01
3.134834331051090217e+01
1.518658706518843715e+01
1.942213527426244468e+01
2.225278641680963787e+01
2.275898654780187513e+01
2.588878880923427417e+01
1.000035101112290548e+01
1.140071227435988455e+01
1.517484815378747598e+01
1.504792450128526049e+01
2.160647050599984453e+01
1.172411278498486809e+01
9.384475174752827442e+00
8.774256850997455004e+00
8.622720471841953227e+00
1.187783296732087734e+01
1.398222796537001855e+01
1.275457918502045729e+01
1.372129078795061119e+01
1.579868362987861552e+01
1.859365448841749924e+01
1.091536467022198309e+01
1.100846979170480111e+01
1.060071437569114750e+01
1.382692666787661828e+01
1.668054356636697477e+01
7.465632428249882935e+00
7.161351525436306709e+00
5.871755786237331520e+00
9.262551422233137544e+00
8.140671254925674560e+00
8.323757712686649768e+00
1.054421818245314135e+01
1.028152113076623309e+01
1.135086089832445211e+01
8.675602794188733924e+00
9.730572278772688932e+00
7.742526078490544528e+00
8.125341470902764485e+00
9.846777457457887905e+00
1.075381655151777949e+01
1.009140152957968262e+01
1.511303160716839855e+01
9.535080551879859811e+00
1.380441996828804463e+01
1.865922409491423650e+01
9.481952279565069475e+00
1.003238617385534859e+01
8.551499590506708159e+00
1.666394433215535997e+01
1.609527241614161142e+01
1.488603238064381529e+01
1.756185690120824461e+01
1.645685327089077887e+01
1.089265466231377921e+01
7.875712529568579257e+00
5.330958805272197232e+00
8.163203275681548021e+00
1.068344306218250672e+01
8.322304427223818024e+00
7.222221497179572403e+00
6.430454790811252153e+00
8.345647129728568814e+00
1.272180926516022659e+01
1.182162999966215544e+01
1.228899258528438843e+01
1.267920197094234425e+01
1.198304083084409655e+01
4.475468974165099922e+00
4.464129631855509039e+00
7.993109464891446692e+00
8.580843135120083787e+00
5.885083804592564860e+00
4.330652511307544472e+00
5.687805222551075346e+00
7.707760386987419388e+00
5.689120056078603049e+00
1.476790138178498957e+01
7.521756975113186527e+00
5.744668895398661768e+00
1.458001361996550393e+01
7.883968666424522986e+00
6.871843216872457027e+00
5.108292551435948958e+00
1.108150880883061795e+01
5.408590538167610262e+00
4.649117523430515320e+00
5.564176841412681540e+00
4.095498904088656467e+00
5.980238064726321134e+00
5.358321764747399740e+00
6.217178098209286574e+00
9.900978542118055614e+00
9.887485736330107855e+00
1.092106778176974657e+01
8.028019400580822307e+00
8.081009562286389780e+00
7.142941609696993766e+00
6.165892246631742069e+00
6.667118665401165600e+00
7.570123024259211242e+00
5.957476731999944874e+00
5.884726405670350324e+00
9.788055006455261164e+00
7.010902882927148028e+00
8.822412736335271788e+00
9.915964489226158918e+00
9.092313263524028244e+00
8.579839580310661518e+00
7.568586049366285096e+00
8.119759731996067487e+00
1.346888099713446962e+01
6.959349974711363629e+00
6.213164789057148418e+00
5.104741857044610143e+00
5.540327126564911886e+00
4.615836096393873156e+00
5.615954650884395605e+00
5.730122522141313013e+00
7.410435650238222038e+00
9.302792606910944784e+00
4.964337584457709340e+00
4.230282376594575844e+00
6.616514505473725549e+00
6.980092124644738938e+00
4.749005042665145560e+00
3.599238437735053253e+00
4.980129595340430981e+00
5.742877234088139105e+00
7.526086156068689803e+00
7.693377856762226408e+00
6.612788552258329844e+00
5.902712330576298072e+00
5.826508791775595775e+00
8.632890127593071838e+00
7.822545980162606050e+00
3.614034526040792894e+00
3.935915054036582372e+00
4.756788504311677102e+00
5.334257897396074810e+00
4.431017084815755958e+00
5.686602377189213797e+00
7.596582309153677492e+00
5.873963680312234814e+00
6.469990911069467998e+00
7.641821036264186517e+00
4.793460425601738351e+00
7.202837155810556169e+00
4.604790904667859230e+00
4.442334730344894567e+00
4.713098743924441614e+00
6.824233958570244063e+00
1.183417928428051447e+01
6.715881887859095123e+00
9.311309317824802534e+00
7.408763730589132734e+00
1.122510668352542673e+01
6.509042819253428647e+00
6.827690310051327316e+00
7.520575493972923908e+00
4.088059375003036955e+00
7.787357632366312288e+00
3.026258965110137922e+00
4.890457455348402149e+00
6.572182374917976411e+00
8.269317736088400039e+00
5.465241420318724508e+00
5.092240324446053457e+00
4.512725222999095287e+00
5.194023055355819096e+00
6.798483097267729924e+00
5.137812758897962517e+00
5.938027875395367694e+00
9.271188285382905292e+00
9.976403244315621421e+00
4.442506845280224326e+00
6.334843013046684845e+00
7.998357954988581930e+00
8.202014881807317082e+00
3.736298668680123392e+00
4.309138218964400302e+00
4.854940101815577336e+00
1.052789952826470632e+01
4.133101924656923387e+00
6.271991156176788706e+00
8.976618517670994279e+00
1.044759803393868935e+01
1.104561579889136347e+01
7.983941633668944604e+00
8.274727310629655719e+00
6.451378111063970522e+00
6.619423819108561702e+00
7.770196391674877745e+00
5.313480240264836674e+00
9.374205703151485380e+00
1.056261637462231562e+01
9.837507430653843699e+00
7.010309067104378400e+00
7.933103144119911576e+00
7.804444497856767526e+00
3.681184229755186887e+00
5.859759566852034141e+00
5.052923555751826612e+00
5.070888309554420381e+00
3.324700030304470477e+00
5.352544640744547166e+00
7.156326062634349228e+00
7.628617303684825934e+00
7.376515702678932307e+00
4.457882373699273870e+00
5.400834649185538794e+00
6.662139968154681569e+00
6.894781812278209188e+00
6.479574720613378247e+00
5.793156544453609946e+00
8.287423727790887540e+00
5.327523372169229887e+00
4.445992921527570196e+00
6.903582762903302417e+00
4.921225434208908567e+00
5.516543424838194376e+00
4.655517817684820869e+00
9.633406290580847298e+00
7.668094291194845979e+00
1.219763783030100868e+01
1.334750727785740487e+01
1.029376051421691152e+01
8.535289706578780056e+00
7.525493499764130512e+00
1.029806481281240949e+01
9.587201451358405180e+00
1.144130834812153097e+01
4.929010654392786961e+00
4.294443618876488955e+00
5.702228481138186922e+00
5.944801263835644889e+00
8.510261892803848482e+00
7.515708497775288599e+00
9.042687292650725794e+00
1.122827040898686590e+01
7.626979502573328240e+00
7.085151688295017181e+00
8.603259475386357380e+00
6.769804397395445150e+00
1.132997031907258290e+01
1.211947964002263944e+01
5.209144155286645983e+00
4.174391039104288659e+00
4.918229169250381005e+00
4.833543764782375796e+00
4.169799157019298264e+00
4.352111491231167584e+00
3.792949717817013955e+00
3.388990758498342082e+00
7.040513308148048210e+00
6.524460197101241477e+00
5.991632713087505557e+00
7.289549421930085593e+00
4.334934593601492914e+00
3.360890910419476185e+00
5.670328996886402351e+00
7.537170088323180472e+00
1.026023573349508133e+01
6.832137725673060658e+00
3.712745344864625263e+00
3.450468938307005295e+00
6.190439168597096753e+00
5.578081024451754466e+00
4.726969561486526139e+00
4.303709606734429371e+00
4.606175481620272016e+00
5.982275403915335410e+00
7.137056109497911471e+00
5.389848069951760579e+00
7.564460222781956844e+00
9.919073284148064218e+00
6.655233584722883400e+00
5.425208414883354813e+00
4.012157504848268275e+00
6.397316374523157378e+00
8.200003977822351686e+00
6.337062068057339737e+00
4.325664369134628373e+00
6.652918783899664845e+00
8.927950602357970666e+00
7.021940726346910466e+00
5.272253124065787944e+00
3.562011887513404140e+00
6.456003269961367863e+00
5.081079448277387556e+00
6.218627550962316342e+00
3.543662385231421741e+00
2.463140689579057074e+00
4.534555543700697910e+00
4.371109210359271025e+00
4.853977277977895355e+00
4.052073589724764169e+00
4.688849195236178602e+00
6.271936963050033675e+00
5.087390159565047476e+00
6.303149940454560785e+00
9.509229624049657659e+00
5.700623550925887351e+00
7.746308123159523440e+00
1.048885370150460439e+01
7.587195121480859505e+00
3.139301908398615115e+00
5.841134080870046041e+00
5.126543832281378776e+00
4.980396478710430230e+00
8.270546059675957906e+00
1.062687084802091597e+01
6.413642891427254966e+00
1.039140304715896335e+01
8.492323787838333971e+00
1.033571762730600518e+01
5.710312758247188647e+00
7.458838920444194720e+00
7.644641059787526061e+00
1.212367445369604191e+01
5.839905843257170659e+00
5.390221907726666650e+00
6.569971211204838291e+00
9.128262465486992383e+00
6.628782741234032549e+00
5.720901579080710952e+00
9.998418125723190997e+00
7.500031792627694927e+00
7.293856573946516875e+00
4.143649220571926861e+00
6.947043804409294587e+00
7.192960874514378489e+00
5.744662807598594156e+00
4.589973796298142616e+00
4.956523507576525489e+00
5.432369440109265923e+00
5.856571094409829037e+00
5.425632675927968052e+00
4.767034620798715316e+00
3.652870312608146097e+00
5.670186341589497303e+00
4.690846822621205447e+00
6.040704746151942750e+00
6.549842267878429602e+00
4.172112840054639449e+00
4.471493259255246322e+00
9.912378176020089526e+00
7.120106034101689296e+00
1.126632300798468123e+01
7.430410547817705158e+00
6.773122192961556820e+00
3.904234203988768748e+00
4.507514795952929809e+00
5.109432420241493134e+00
3.834922621697964829e+00
4.017082731380925864e+00
9.340460048323315334e+00
5.991813874947061969e+00
6.695038254811694678e+00
7.138403751026805466e+00
8.196025642830676361e+00
5.324643167496843077e+00
9.118058304757932220e+00
6.851723502557084622e+00
2.916776644459302847e+00
6.239136894452085080e+00
4.003194217448978520e+00
4.660330903366403987e+00
8.421243740610723449e+00
9.490411077643225113e+00
9.795090044426510545e+00
5.824247201016303777e+00
5.362087922469159551e+00
1.058030258687411518e+01
6.171033989573897927e+00
6.965245883403627936e+00
7.079486377114163176e+00
6.055120840339072608e+00
5.607036674372521290e+00
4.492631895080325677e+00
5.724877416617071724e+00
7.322871244630410281e+00
7.470536123532323103e+00
7.490088079565774493e+00
3.809619527650867088e+00
2.600877287657813230e+00
5.723799483147900879e+00
7.120438936934959884e+00
6.456329630056119484e+00
5.936717860896843391e+00
6.675866424376914132e+00
5.727431185446288708e+00
7.074812126728133421e+00
5.866491843731644451e+00
5.195805378291377785e+00
8.266039480167043152e+00
5.722197893727875240e+00
4.663261509294732932e+00
5.667825911453975074e+00
3.901601485183315177e+00
1.127755968319597457e+01
1.000786581478575599e+01
1.015397209900843478e+01
5.715337463699789566e+00
6.499060909542234477e+00
7.508591944204731305e+00
8.904993797469961336e+00
1.193951638076392641e+01
5.130215662971699508e+00
3.380367402381827535e+00
6.581171104910219505e+00
8.358239522700335655e+00
8.745746705172178892e+00
5.942588268673443253e+00
7.731963600785344504e+00
8.396942199663204320e+00
5.365545794249776179e+00
4.775142120043669003e+00
5.343763818170715219e+00
7.302013753630197890e+00
1.005730025186386634e+01
5.792472363189608231e+00
6.214902085782506802e+00
7.598073008035797216e+00
4.467387668471956452e+00
3.826444435309682035e+00
4.674541915788760882e+00
4.169145680376511898e+00
5.532379956596805926e+00
3.067766175572671727e+00
6.775833555376566508e+00
7.994950320333419569e+00
7.651598960229636148e+00
4.220263173163470327e+00
9.116577813818862452e+00
5.985017079344497226e+00
6.852970018655082818e+00
5.583018451020277162e+00
6.618531165106745995e+00
5.877576106430759673e+00
6.762953254206401255e+00
5.828690745874236967e+00
8.815390419663263089e+00
5.195412064912349415e+00
7.758173712997941784e+00
7.963103880925172184e+00
5.920675509816830662e+00
6.136519996214788719e+00
5.190946255190059588e+00
5.377385864599955489e+00
3.426682032273620226e+00
5.833037167066851936e+00
5.915171665843242721e+00
5.140900428648849108e+00
6.312667147335242035e+00
3.900489196512238799e+00
5.496543870425936618e+00
5.829259992606183438e+00
4.931197603887608416e+00
2.876546260499143415e+00
6.442780348907867882e+00
7.394453345796208943e+00
6.426670415545009618e+00
8.095813790652439224e+00
8.001264828864240286e+00
7.181215096836812251e+00
5.703103328400250582e+00
4.870469188722357679e+00
3.627823142960727942e+00
5.250871299222609423e+00
3.930137076618250624e+00
4.382865154447756595e+00
5.899277519276061810e+00
7.194763828456608223e+00
5.327251884604430110e+00
6.398123997173728483e+00
7.304700623412793803e+00
8.242377211707381690e+00
8.922159338034585829e+00
7.715343038497722183e+00
8.388483166160868976e+00
5.261883642531706151e+00
7.758654559452724087e+00
1.119453491094681397e+01
4.388645099956921314e+00
6.160851714060619599e+00
6.260193793827095732e+00
7.856794891198976671e+00
5.488925439620111923e+00
6.376751382683747416e+00
8.897839218744680423e+00
7.518355838829127613e+00
6.411722690147464654e+00
7.955199787497006625e+00
5.401446852208700911e+00
5.819427493574936605e+00
3.777646061890211016e+00
4.554350491118983157e+00
4.904241188054915490e+00
4.963780602076425907e+00
5.910300740613319448e+00
4.789060624573266978e+00
5.529020471676587611e+00
5.483969298483764909e+00
7.425586872712194975e+00
6.605916774417565307e+00
3.486214473839847727e+00
6.161022130922268580e+00
3.663147500804150081e+00
4.621519530631437611e+00
6.373358335762911331e+00
5.740158571431130063e+00
3.402908462157916425e+00
3.806244408096894905e+00
3.527981244247088366e+00
3.310352656770224833e+00
8.813236841636202357e+00
6.928610481571571000e+00
6.479047106375867671e+00
5.302192237813017073e+00
8.078583577539824034e+00
6.402814793895402978e+00
3.789703138242356495e+00
4.503868645328235054e+00
6.454194820128853927e+00
4.440562568503115592e+00
3.677675557937093220e+00
3.315676237265752668e+00
5.686379751154293061e+00
4.524342792969004101e+00
6.350836478537269514e+00
3.605623103467386681e+00
8.888104578207901341e+00
6.117931892032721919e+00
7.027050774659796772e+00
6.247637127176856708e+00
4.406358383684138680e+00
5.910234766138627194e+00
6.187195005772301748e+00
4.929256908715384355e+00
8.356550810738735180e+00
4.225159534486961910e+00
7.196693863164381533e+00
7.895294391576641146e+00
6.923331750323546530e+00
8.084295907631272371e+00
1.304260620350177291e+01
9.102089675267825086e+00
4.884139685676333720e+00
6.724315686189909158e+00
4.834610191243036148e+00
6.832218765770105229e+00
5.162759286012445159e+00
7.767120532271070132e+00
1.104160827769825559e+01
8.298402739603192302e+00
5.195257193130994544e+00
5.598876922461316852e+00
5.837472880818642018e+00
1.036714888440138793e+01
9.669617770347938901e+00
5.557392266539739722e+00
5.120179357883478666e+00
5.966688218255838727e+00
5.036873114132614404e+00
5.921653860495842636e+00
5.099758702954933831e+00
4.583420069293686616e+00
4.973715747619283256e+00
7.944454630611107682e+00
4.624344476355134681e+00
5.356464707116830759e+00
6.543516096611643462e+00
6.565970388670892888e+00
5.339444062337869390e+00
5.298022966136266554e+00
7.283055690735571019e+00
5.383883800242135642e+00
7.910342606591283854e+00
7.842803579738008679e+00
5.762688949896641155e+00
1.058112287922107164e+01
7.935570486527502965e+00
9.968752191679197239e+00
6.823280546241266897e+00
6.230086884341135445e+00
4.783265707721587212e+00
5.561540578585141503e+00
9.433077188606260322e+00
7.512371863799256033e+00
1.156967692390249880e+01
8.000950082709747946e+00
4.473095060673211165e+00
4.546567593963599663e+00
3.116711735891276813e+00
4.067574796162150008e+00
5.983651096584146067e+00
5.150429021669314267e+00
2.916866151438223476e+00
4.294999443725657784e+00
9.349030440658447461e+00
6.756070139629402505e+00
4.632756668809473233e+00
4.899963997735852672e+00
4.569746640344028776e+00
8.776152196647812431e+00
1.017575398886465976e+01
7.556497720713149846e+00
8.158490057139273333e+00
8.979206933174681993e+00
1.063832851030000270e+01
5.851182449635688343e+00
4.866676681050899234e+00
3.407604647381370810e+00
9.832996540019475873e+00
7.680809933443471849e+00
5.415380580224061546e+00
5.096127831466820801e+00
6.284806605872751639e+00
4.524981867597876573e+00
6.751342069652491062e+00
6.163833665616550661e+00
9.131905076494517104e+00
6.177115453904201026e+00
7.663800476245722137e+00
4.110136575202685272e+00
5.940986557752686359e+00
5.449126902601094002e+00
7.352971173894083279e+00
4.898072056013143438e+00
5.204857973734885235e+00
4.758674707173533136e+00
7.237356948018938141e+00
8.793907279977378977e+00
4.359008299041692958e+00
6.300483996584297586e+00
4.784189451876208921e+00
2.977336535832902253e+00
9.652110065719121224e+00
1.372116261239528967e+01
5.386680188865794250e+00
6.647764273947744051e+00
6.390368133399210393e+00
5.659151689694235543e+00
4.312589984005437138e+00
4.631671409829703379e+00
6.272653211140656104e+00
5.105620290567409292e+00
5.592016687739232772e+00
5.828600674400693293e+00
5.091514808101893053e+00
7.384051966028843950e+00
8.219156898667995037e+00
7.239679937820288735e+00
6.238228705346836378e+00
5.704970808097712620e+00
6.458943073769626508e+00
5.736211905573422420e+00
7.258769942642234518e+00
5.300601096804303580e+00
5.140223929559752492e+00
4.676820548827529400e+00
1.027067202276206714e+01
1.287748206913394178e+01
4.734861017865941157e+00
4.798551620869663026e+00
