2.248197636529749133e+00
1.271009311271027897e+00
3.455320211908356587e+00
5.442938291904964920e+00
3.255799202338060194e+00
2.607519772829154814e+00
2.701537083694373731e+00
3.537229554999073322e+00
4.533330022583321295e+00
3.609596170137512772e+00
2.422704750183112488e+00
2.514472461630353539e+00
3.964167488883060919e+00
2.915475985896258670e+00
3.934760812292510845e+00
4.336232244908019062e+00
5.672847034790557075e+00
2.943908520414465269e+00
2.589770076375305763e+00
4.019241820621034300e+00
1.369171608070170798e+00
3.158270922183158635e+00
5.378495709229004440e+00
3.248905260108819526e+00
4.718116600996363985e+00
3.244336217543284384e+00
2.120155122735398745e+00
1.595316531348210498e+00
1.858045697676723451e+00
5.270962384895097941e+00
5.963223727678281350e+00
7.389795820389134740e+00
5.567179607524363583e+00
4.727247447005991532e+00
1.633747075038971763e+00
3.544055910195369030e+00
3.308734679890415364e+00
3.144031664229951506e+00
5.928306841562174689e+00
6.891145317831589345e+00
3.372324376171074611e+00
3.357950307909323140e+00
3.408571723054955704e+00
1.819093397689580005e+00
3.353537811519718304e+00
2.672284701200004164e+00
3.366295064822316885e+00
3.275623585381792324e+00
6.525537604430485139e+00
2.859241959507172304e+00
7.971415517276577489e+00
7.650819105621912364e+00
6.997133285715667839e+00
5.651046331382808319e+00
2.875960566144760922e+00
6.967884862082770248e+00
1.799113325686614973e+00
2.673796914067463337e+00
2.164041276309398576e+00
3.998961266676825943e+00
3.316527784605568296e+00
5.324271003347759823e+00
4.450837420838616332e+00
5.750532605113165552e+00
6.415797521004048320e+00
4.322766882660975973e+00
6.409270126774684329e+00
3.908188335897367249e+00
2.613887989274161328e+00
3.966326639407871557e+00
2.505940585699305778e+00
3.860012207095602221e+00
4.000772155166937516e+00
4.942665304918466340e+00
2.779454540913588900e+00
1.290414335293295300e+00
3.860327417296816499e+00
2.750271463928640525e+00
4.841578708008298371e+00
1.273699858844232535e+00
2.275587359844603252e+00
5.797039946723915094e+00
5.482471201567615360e+00
6.733483664901415366e+00
2.525855137251121096e+00
2.237496894571615602e+00
4.063787611757434526e+00
1.398781640322605435e+00
4.385949345079754202e+00
3.549192512353976259e+00
8.035230938094523268e+00
6.043824764032159180e+00
3.681215394546137443e+00
3.074383008181529764e+00
2.895608054375274687e+00
2.726991667359485394e+00
5.126765802444630538e+00
3.223445157405818495e+00
2.935740630619840807e+00
2.387279012329850403e+00
5.611574415848603614e+00
5.113245005541739552e+00
3.551097147100359841e+00
2.775959376024236924e+00
2.545757303171554575e+00
2.103614147797380873e+00
4.459138670703387319e+00
4.571926662073993342e+00
3.052451727058531183e+00
2.469820970169836816e+00
4.002737060261609692e+00
6.771939531639621812e+00
7.553167203542695773e+00
4.504735027903141287e+00
1.073675821323897850e+01
7.893809967607483991e+00
5.162536357686571264e+00
5.346748688360561275e+00
5.877142595724948571e+00
3.810515216220612622e+00
6.719979410853419211e+00
3.314588577802246139e+00
3.049033998179928595e+00
2.499675542101217118e+00
1.707770925803242079e+00
2.824411349277937688e+00
1.500252286974675719e+00
2.649720337715630869e+00
2.623663384843832880e+00
2.160127244507319411e+00
2.628212824457773156e+00
2.549492172099887100e+00
3.646714445597325938e+00
1.810817273766877511e+00
3.317248514094486733e+00
5.654949790589259173e+00
8.317856924700640420e+00
7.218271393079824350e+00
5.646166918255300260e+00
2.859529859184950951e+00
3.938368544279263972e+00
4.257245366343757276e+00
5.028110624444214416e+00
5.600819091344319212e+00
1.551165652642506831e+00
5.708835987751396779e+00
5.851707060145113992e+00
6.203290815465687835e+00
1.960648190929466184e+00
1.757887946005435076e+00
2.456865213018610827e+00
1.715333215612581119e+00
6.044231316204302651e+00
1.718693983634771438e+00
2.252248501573185013e+00
3.909294734537116955e+00
4.326559114855528243e+00
2.232122473765744353e+00
5.240980721707188650e+00
1.807669986274008433e+00
4.659474325478298873e+00
5.170581328621606687e+00
2.081455495739550798e+00
2.316017202672835840e+00
2.966648467244647591e+00
3.365094258555317186e+00
7.307094837237959162e+00
6.153142052263623540e+00
4.122352351888926236e+00
3.746904619140432935e+00
4.602451684383781050e+00
4.866647534985498069e+00
3.737833543810850312e+00
3.681822460431656285e+00
1.775699550279979944e+00
2.467324706548588598e+00
3.650947661771556607e+00
5.084641772156872186e+00
3.261080695272022822e+00
3.643064839262474486e+00
2.593897883088932321e+00
5.145532334180769496e+00
5.572026335853091261e+00
4.918077392102124357e+00
3.670755218216032123e+00
2.623688403484929932e+00
6.993403122551574036e+00
3.734151728707317375e+00
6.160138070219908002e+00
6.193360142359359166e+00
8.848299045790330553e+00
2.396324369758559225e+00
4.392332506522883762e+00
2.948500479859112122e+00
3.844282039475677593e+00
3.899168564596668940e+00
7.712818611729627349e+00
1.306303645149158044e+01
1.222740336991070009e+01
9.755476602876807846e+00
1.519285915732023007e+01
1.516359015424792567e+01
2.978128029520245690e+01
3.334634449082221863e+01
2.518614827771054721e+01
3.269699216736598402e+01
4.900867613005697621e+01
4.924285146159823512e+01
4.980647455886465025e+01
5.824825761220080267e+01
8.090288601479556974e+01
7.733934426336720946e+01
7.232052746931651654e+01
7.498994409577211684e+01
7.830051544251330142e+01
9.994367175800377368e+01
7.946701811933550630e+01
1.064489937239460602e+02
1.076836701260981357e+02
1.180679141330563908e+02
1.111494610808418031e+02
1.238122246287828148e+02
1.248457264014161296e+02
1.226381014383827619e+02
1.101472204294758654e+02
1.144943751453615164e+02
1.176192018674482540e+02
1.160208074249004397e+02
1.102577582597266712e+02
9.694940005982559228e+01
1.235810191842495840e+02
1.159940527994214818e+02
1.194425750193364166e+02
1.050861601027439036e+02
1.180139607923404412e+02
9.422535160029964629e+01
8.975695960823151154e+01
8.565608711723521651e+01
9.881694054797428350e+01
9.026757897135043152e+01
9.382207370248082157e+01
7.997990549474234001e+01
7.702604879169216190e+01
8.200460540870240322e+01
9.032486996317476269e+01
8.532242050552650880e+01
9.146883208131622212e+01
1.068767941546157800e+02
9.288037746908273107e+01
1.078589457637059326e+02
1.050646548267164349e+02
1.242339856203247166e+02
1.196185774756220752e+02
1.427093590555345486e+02
1.341940942036962952e+02
1.119566431055975357e+02
1.363634445436547935e+02
1.311763306357530041e+02
1.523257648207747366e+02
1.546690538121587792e+02
1.664013269127322019e+02
1.854110590190167329e+02
1.793770491296228329e+02
1.975987067087572200e+02
1.926721632762568106e+02
1.956027138700319767e+02
1.848964551364472868e+02
1.922028833648854231e+02
1.818455455223824799e+02
1.951088927974392107e+02
1.832881359083347377e+02
1.925830988438887630e+02
1.816360079579930584e+02
1.905929567887765188e+02
1.737691792585611381e+02
1.677860997138215282e+02
1.771166627133188172e+02
1.645984677842319854e+02
1.619993224254170912e+02
1.721319044279092623e+02
1.320965621698447308e+02
1.327958437434167251e+02
1.165356891101339727e+02
1.212941847911971109e+02
1.211143460228336437e+02
1.069031663881457348e+02
1.019064701896750194e+02
8.766872817180502864e+01
8.337686800579591306e+01
8.056272592682209677e+01
7.660064517671024475e+01
7.534070850726197932e+01
5.964767300277642192e+01
5.978400400746338761e+01
4.462674874435720085e+01
4.681580261770129425e+01
4.019701354835114415e+01
3.793213968800416325e+01
2.974046836817441886e+01
2.629198723467948540e+01
2.784169365125170970e+01
2.276153907971554702e+01
2.075118099026603957e+01
2.113671850180070066e+01
2.603841530070052102e+01
2.208584440855424447e+01
1.084266647710802545e+01
1.212991128589909273e+01
1.511184328597542148e+01
1.329295988454799904e+01
8.799855134686259461e+00
1.074173372911761426e+01
1.498970753238219800e+01
1.432596654124449742e+01
1.055228593319801256e+01
1.034070554601235514e+01
1.224659175189307625e+01
1.098378409731079763e+01
1.374104235772823479e+01
1.141442009838893590e+01
1.738049591696074714e+01
1.618070164211605189e+01
1.285512877104782170e+01
1.866968524658371820e+01
2.024824483785669216e+01
1.745921595816672678e+01
1.708420362485851385e+01
2.506297923625993107e+01
2.951639371787278421e+01
3.185432437828312402e+01
2.060185094976748843e+01
2.691608033833445290e+01
3.671212229268694927e+01
4.123052761923774057e+01
3.904246827699538613e+01
4.242440611183150168e+01
4.624502559060461948e+01
5.704066661270096716e+01
5.200750223220883584e+01
6.035987774050731502e+01
7.556199644245924674e+01
8.228048535563783616e+01
9.031690901186645704e+01
1.024453192239901256e+02
1.224855334088368011e+02
1.386444956029007471e+02
1.434126912304576251e+02
1.881682665274572912e+02
2.298114563686627889e+02
2.484421303545558430e+02
2.341943255793758283e+02
2.678390807687818551e+02
3.365978053274138801e+02
3.512851977294452013e+02
3.634111979573364124e+02
3.594442401469424340e+02
3.973735798117212994e+02
4.033853964810871844e+02
4.049070030750673936e+02
4.473943845025200403e+02
4.568854783660525527e+02
4.747057629465958257e+02
4.714531644577516545e+02
4.724537286725011995e+02
4.639960834379366474e+02
4.905114363208277837e+02
4.668836612712169085e+02
4.299293600919510823e+02
4.167727860968566347e+02
3.965658336669424671e+02
3.928001125240710962e+02
4.045015397058472217e+02
3.632313575456666968e+02
3.538108917815587233e+02
3.475250520470511333e+02
3.000607558622876354e+02
3.205363951589764042e+02
3.042514012311970646e+02
2.409080012535922890e+02
2.372580648656889366e+02
2.406425319253277166e+02
2.348333116281413027e+02
2.155548494541003492e+02
1.834382753759241780e+02
1.672553583755476154e+02
1.670699826241051085e+02
1.670513416001402618e+02
1.543723551704188992e+02
1.421464771957107587e+02
1.396875771806458602e+02
1.648925238669039288e+02
1.490209970236672632e+02
1.403279848976682160e+02
1.438697063620456333e+02
1.464111492564937862e+02
1.434207715923228932e+02
1.242550456786370603e+02
1.306920097375550824e+02
1.429060201594722344e+02
1.349967610602818979e+02
1.202634422765933238e+02
1.249646280173740536e+02
1.305532173289037701e+02
1.432366450395066124e+02
1.230684002912488353e+02
1.178495278565068389e+02
1.249132145531575304e+02
1.296602787858123804e+02
1.322390416691325470e+02
1.352140545907246576e+02
1.175015279187243351e+02
1.224796665747915370e+02
1.318577787848474543e+02
1.351564253542650249e+02
1.434875884564112027e+02
1.205532924754222677e+02
1.290193205536445760e+02
1.505372652605348378e+02
1.346562845272883635e+02
1.628874867099590631e+02
1.315134590585817307e+02
1.374024399450328815e+02
1.219574053111332717e+02
1.267850361910240622e+02
1.428309744080146970e+02
1.596804960194067746e+02
1.354322079306126341e+02
1.477132418642824234e+02
1.592639829212223219e+02
1.670863031002098467e+02
1.576559418537781880e+02
1.807760658378556400e+02
2.235181222209112946e+02
2.169649194049870005e+02
2.105947095538352016e+02
2.123797926307409227e+02
2.485276701605906453e+02
2.565393270524218110e+02
2.720509559129206423e+02
2.681733521479379760e+02
3.804034424142508328e+02
4.055746924891850540e+02
4.406099269675773371e+02
4.214829081029439521e+02
3.953992474330876803e+02
4.237571589742776155e+02
3.821650415571991175e+02
3.590127198151811854e+02
3.363744862859740010e+02
3.073627944164037444e+02
2.619239219540600629e+02
2.474916297784790800e+02
2.470313712475134764e+02
2.225917686971774003e+02
2.315901134043014622e+02
2.110940722120838871e+02
1.907657540755303671e+02
2.257197010881086214e+02
2.374947122439801888e+02
2.972953792866574076e+02
2.379961668157432086e+02
2.880127075199457067e+02
3.927487840291504426e+02
4.588955855140984568e+02
5.321057474133483538e+02
5.147883517955673369e+02
5.788905545314781875e+02
6.253551994211760530e+02
6.892793761691891632e+02
7.257477066024437136e+02
6.919437429652788296e+02
6.999558163288742207e+02
7.733520193884013452e+02
7.957626505856678705e+02
8.100762650348121952e+02
8.112585007504309260e+02
7.965192908408531594e+02
8.029787605847377563e+02
6.855834307649618040e+02
6.537973918043695676e+02
7.260922808007297817e+02
6.840765212660369343e+02
5.720980534184066073e+02
5.680902690956288552e+02
5.237113945199945420e+02
4.520284890400515678e+02
4.586898715967095086e+02
4.298142803403936796e+02
3.971135600343848182e+02
3.480496058507249586e+02
2.908121458049583907e+02
2.530741857975596361e+02
2.516700686025096161e+02
2.124014567683712187e+02
2.052027863037805844e+02
2.023276226739776575e+02
2.003110616279540466e+02
1.629455230950211160e+02
1.340704411003960104e+02
1.183443743500889269e+02
1.360635108817500907e+02
1.105407396836441478e+02
1.053609981372828770e+02
8.969699376090775900e+01
9.234543225655828280e+01
7.544012350974441006e+01
7.145966117832351472e+01
7.159245051020609196e+01
6.794747404967148441e+01
6.371649915076213944e+01
5.811282559928451974e+01
4.955691163646777397e+01
5.245622237294639945e+01
5.322585587840993782e+01
6.165351859753432961e+01
5.180759307785353229e+01
6.399275622286603493e+01
6.257976947463240691e+01
7.381572542574774332e+01
7.547456707595277692e+01
6.334361023656857981e+01
5.981018689118634768e+01
6.149201442208483570e+01
7.009071111852716740e+01
7.286321439790086174e+01
5.600002868212155960e+01
7.150715023033515649e+01
7.662550572513637803e+01
7.304838832762079903e+01
8.823692419890528527e+01
8.207031904245879161e+01
9.046416566326260522e+01
8.893256407196948032e+01
1.079585383946512565e+02
1.426695030724593494e+02
9.457309594409247211e+01
9.894019921968941844e+01
1.196656535025166335e+02
1.462964493313406535e+02
1.543793218743494435e+02
1.341679105163198074e+02
1.483131534544116903e+02
1.391274317171326231e+02
1.556421350949136411e+02
1.577834711762845643e+02
1.675063533236852322e+02
1.753364145590259682e+02
2.050144567113601113e+02
2.000981523912563773e+02
2.201812007724815885e+02
2.223642563118041267e+02
2.425737604699037604e+02
2.157389317959517143e+02
2.292202959818952195e+02
2.334944620403133229e+02
2.388855475431387276e+02
2.390989097824711109e+02
2.464031489424497749e+02
2.609060354203624570e+02
2.499741881536291714e+02
2.971962036728872931e+02
2.526767633112325200e+02
2.756057540464224189e+02
2.631259881038459980e+02
2.660225240146260717e+02
2.517885947917497163e+02
2.789374074496842582e+02
2.427565871439318812e+02
2.699363263809286764e+02
2.190197799827047334e+02
2.508933796078060254e+02
2.178330078545831441e+02
2.210796486595638157e+02
2.001277041798774974e+02
1.987441562793012224e+02
1.962707377452178150e+02
2.067592604637120530e+02
1.799237720625843906e+02
1.530678086532101361e+02
1.358060148251880719e+02
1.464616120188164530e+02
1.340121535102220491e+02
1.288896187015744772e+02
1.209421115987609028e+02
9.926855963176113562e+01
1.097196965656930132e+02
1.087167029661232505e+02
1.115129389311292698e+02
1.116171962576320453e+02
1.193848194060478107e+02
1.164668981370567025e+02
1.573936470524331526e+02
1.601853475764016821e+02
1.898311182887729274e+02
2.076321371148252695e+02
2.634435238036807050e+02
2.755681272398213082e+02
2.950929603278959803e+02
3.287063555542583799e+02
3.678900833395068162e+02
4.595807006540181305e+02
4.950636464956071450e+02
5.518364123864674866e+02
6.254312526232761229e+02
6.718176410548821877e+02
7.387809661615921186e+02
8.302750410317338492e+02
9.092684866728127417e+02
9.946573656432643702e+02
9.941699691019548482e+02
1.159255697281959783e+03
1.171432061913652433e+03
1.237273149225308771e+03
1.221492310612915162e+03
1.218633483290781669e+03
1.300130791619819092e+03
1.310337002510653292e+03
1.265590949950064896e+03
1.296449581642437352e+03
1.241522913137475598e+03
1.357343289560144740e+03
1.312862391617919457e+03
1.196128333022048309e+03
1.173373751094563431e+03
1.091080579883769133e+03
1.143306182875100376e+03
1.036584107168396031e+03
9.868607804929140457e+02
1.018068862683905991e+03
9.321748079755243452e+02
9.180742661777640024e+02
9.112721663043214448e+02
8.696959019577983554e+02
8.450914970705023279e+02
8.080151105669598337e+02
7.481810758370776284e+02
7.815630113623802799e+02
7.854626139613991427e+02
8.180657307579737108e+02
8.895336925881557590e+02
6.942496616770461060e+02
7.677690804682820271e+02
8.294833439627431062e+02
8.983434386011373363e+02
9.701648410548087895e+02
9.537718465117344522e+02
1.106930115120486107e+03
1.217413153094527615e+03
1.426606191177711480e+03
1.518772990999654212e+03
1.543607613069466197e+03
1.674018431786773363e+03
1.747454179764850323e+03
1.816951655563966597e+03
1.885366097245291030e+03
1.898609555683652616e+03
2.005208212414747322e+03
1.941830080348010824e+03
1.921219801929770028e+03
1.868005410937824763e+03
1.887842961453248108e+03
1.844238142832557742e+03
1.713823335837569630e+03
1.628384037205197728e+03
1.565588788826565633e+03
1.496097580155938886e+03
1.281992228242039118e+03
1.231251105350566604e+03
1.041664796850282528e+03
9.540082323256416430e+02
8.840003041319920385e+02
8.328536842124311761e+02
7.200718843145756409e+02
7.029160791883641650e+02
6.206161093714380286e+02
6.070686002732732049e+02
5.729144560420227208e+02
5.340094675227245489e+02
5.450204507484800160e+02
5.498654457216345008e+02
5.667391515551231578e+02
5.490959134579121610e+02
5.273134184141106289e+02
5.442347501779958066e+02
5.689855433552655768e+02
5.647129663913635795e+02
6.058782288013265998e+02
5.744321975828505629e+02
6.226321022093760575e+02
6.774917524443966386e+02
6.728337153580421273e+02
6.533015617486291831e+02
5.910693416033711856e+02
5.662784218980511923e+02
5.111104636055083006e+02
4.521418295736997948e+02
4.336452200903644325e+02
3.963459326024835718e+02
3.637727231802510914e+02
3.701862677640821175e+02
2.625686733194509088e+02
2.690656455951763633e+02
2.326757276079760857e+02
2.242341439709734914e+02
1.744013114990119107e+02
1.689343380201295872e+02
1.227172574139591461e+02
1.170244383802351962e+02
9.676230998326866484e+01
1.115078580683239267e+02
6.805028940884123756e+01
8.606821653897071656e+01
8.611849570857792457e+01
9.003022551012192309e+01
1.201541114499622864e+02
9.600366067756930022e+01
1.050823183827667719e+02
1.447669109464713131e+02
1.166030825150191816e+02
1.719143363589363389e+02
1.649877526417471927e+02
1.818133957886007295e+02
2.030252564906453756e+02
2.477845967588857263e+02
2.922216211610714254e+02
3.602514091639544063e+02
3.873729843693417934e+02
4.228519852183036960e+02
4.550415721659593373e+02
4.855597627157550846e+02
5.419928064072249754e+02
5.338660066649783857e+02
6.113272855364883753e+02
6.160476329446713635e+02
6.207117964335413944e+02
6.830835605525104484e+02
6.589497748930151602e+02
6.545337924814587041e+02
6.352294899931813461e+02
6.768874791640976127e+02
5.877873721341230748e+02
5.912720015129619924e+02
5.981269499667918126e+02
6.263254567257748704e+02
6.143436936047639847e+02
5.022028419733166515e+02
4.771040885903746585e+02
5.172819389526358691e+02
4.681331883148575912e+02
4.679110594492592554e+02
3.559010539224046852e+02
3.638123694452066275e+02
3.510832416465649430e+02
3.629928284320090484e+02
3.686747473815486273e+02
3.220687189252461735e+02
3.141714500874438727e+02
3.407351470255205754e+02
3.320124222461825525e+02
3.806399582267898154e+02
3.499808281896865196e+02
3.778591514042580570e+02
4.475937310084705132e+02
4.981531498536273261e+02
5.316170984223357436e+02
5.604761536688906745e+02
6.275470395774209464e+02
6.841276662532324053e+02
6.869079463712670304e+02
7.480835213856769315e+02
7.994666914510878541e+02
8.400997493970397727e+02
8.215070083965903223e+02
8.973087610713571394e+02
9.916979011340675925e+02
1.015572823163613521e+03
9.787924396899963995e+02
1.035688483806975682e+03
1.084408784989899459e+03
1.065474119478082002e+03
1.127532400862979102e+03
1.112572301427345565e+03
1.041186996196330938e+03
1.045649812176082833e+03
1.046340895457311035e+03
1.023283403172801627e+03
9.729518556414924433e+02
9.278437804093048271e+02
8.800638347688570775e+02
8.727023289686510452e+02
8.775959813013283792e+02
8.206196838673245111e+02
7.466396567554958210e+02
7.019134462144578492e+02
6.678509895727819412e+02
6.253330478963059704e+02
5.586808571570068125e+02
5.580478692028543719e+02
5.574338660054414731e+02
5.404066161005127924e+02
5.192964843632680640e+02
5.087907455404696293e+02
4.753560175218199788e+02
4.620482258878387256e+02
4.778245272408907454e+02
4.670725835542535265e+02
4.740906994129787790e+02
4.655359231144998944e+02
4.624303268324962914e+02
4.624595117664134705e+02
5.036595787980339196e+02
4.961864766993390390e+02
5.179225750608509315e+02
5.029348141775879526e+02
4.842482517557209576e+02
5.180216582905178484e+02
5.579379155224689839e+02
5.381496608517290952e+02
4.566086955353897565e+02
4.501434697181925912e+02
5.170519270476913789e+02
5.097174389731802648e+02
5.387671814088030260e+02
5.220676315997695838e+02
6.442132044676842497e+02
5.876766690887463938e+02
5.856417877833347347e+02
6.086192125893589946e+02
6.472338592583693071e+02
6.918536771932401734e+02
7.417599872687251263e+02
7.825510627198981410e+02
8.544334715845242272e+02
9.032099398620773627e+02
1.027839269210870043e+03
9.423843709951479468e+02
1.007315927638300650e+03
9.989536616374480218e+02
1.013441354025977262e+03
1.019833097042133545e+03
1.058196949827333356e+03
9.972967799736030656e+02
9.133281684776264910e+02
8.644192424435861994e+02
7.764668903465023959e+02
7.662073518626915529e+02
6.709249327468857018e+02
6.036645079299652252e+02
5.439340238368509972e+02
5.508703192479786139e+02
4.698006197241701898e+02
4.805760298917399496e+02
3.683244145228554771e+02
3.713165575137693963e+02
3.279000517205001870e+02
3.936865239525284323e+02
4.564607382461007319e+02
4.800195289562158791e+02
4.528727266047482658e+02
5.055580125662387445e+02
5.462987460596166329e+02
6.787553279827253618e+02
6.489745870511860630e+02
7.412827524796155103e+02
7.636273625633157280e+02
7.630352763168320962e+02
8.052027170521610060e+02
7.926863029938020873e+02
8.561110499735569874e+02
9.118547617627131103e+02
9.356893692817008059e+02
9.714132690254772342e+02
8.961792021163596473e+02
8.409177605902783625e+02
8.379553294492449140e+02
8.098581687551179584e+02
7.899975723148124871e+02
7.828800482335543620e+02
6.412045732294252502e+02
5.855797156160266468e+02
6.072824598969318686e+02
5.522463457774254039e+02
5.126548617776181800e+02
4.411149233184666514e+02
3.890204500248325417e+02
3.345886074160791281e+02
3.064177866206698582e+02
2.885031967188783710e+02
2.615040457238748104e+02
2.243894685438425540e+02
1.860044206806779812e+02
1.694668609177231531e+02
1.257033453649002013e+02
1.164475983735349445e+02
1.511902828091429853e+02
1.338196580218723000e+02
1.567378457119179416e+02
1.611896801485614219e+02
1.373178623691168809e+02
1.220721516139318510e+02
2.201548699493432935e+02
1.789269330701525860e+02
2.148892379260988719e+02
1.745571274846048198e+02
2.042605712504004316e+02
2.622386311771608689e+02
3.125347131750236827e+02
2.845664366318450220e+02
3.089102966277403084e+02
3.063620763284183113e+02
4.098019840302630428e+02
3.967589404862160336e+02
4.689826800839286420e+02
4.526296192511026106e+02
4.279927383165744459e+02
4.200602723640614045e+02
4.288607772139987446e+02
4.468614902975352834e+02
4.746019523785165575e+02
5.051312593171849130e+02
4.431500229448426467e+02
4.773660482789881030e+02
4.334816205574496735e+02
4.663885259065556852e+02
5.179961740323736876e+02
3.694301975813339709e+02
3.365561399094846706e+02
3.375278075047744437e+02
3.389125834678695810e+02
3.435234138173080396e+02
2.197860861276083426e+02
2.170219515791547451e+02
2.430033047722552624e+02
2.619165509701576866e+02
2.733433292844082416e+02
2.188669737285751751e+02
2.312305950480909473e+02
2.582583075785224196e+02
2.320883872818751570e+02
2.750464317855477248e+02
2.777040833936886770e+02
2.949296573149096616e+02
3.116043630765107082e+02
3.453771506008443453e+02
3.679658190308962276e+02
3.374147525097449716e+02
3.678347201460159681e+02
3.516630001889270147e+02
4.048606392317392988e+02
3.778252826658230674e+02
3.911149377553722957e+02
3.726576060279975309e+02
3.470072666371062269e+02
3.209696321220774280e+02
3.803163465691243914e+02
3.491245838213374100e+02
3.009807976459964607e+02
3.008958577894041468e+02
3.907799996813874372e+02
3.873284312949692207e+02
