2.377273402083492471e+00
1.624580262514480067e+00
4.267540091845287265e+00
5.284438346567035261e+00
2.911904749607272969e+00
3.879182357739244580e+00
3.433917821479538723e+00
3.144189752609677591e+00
4.956281638102433718e+00
9.996572746033224988e+00
3.320187733532955932e+00
4.005384616967444522e+00
3.580460077474500125e+00
2.850105376751637998e+00
5.549399091551037166e+00
5.981369206404361982e+00
2.934701158271162846e+00
3.078560961530328655e+00
6.395289341191949362e+00
9.099782257330948809e+00
1.861926254546566906e+00
4.926742410553330842e+00
7.758118712722303023e+00
3.158417606481170647e+00
4.666723616733285063e+00
4.610609391365578347e+00
1.070301594886932772e+00
2.901492758286130957e+00
5.785687733181235082e+00
7.005909446377466487e+00
5.723470529373821947e+00
4.207295134487734956e+00
4.323468987451622780e+00
6.315664314329128004e+00
5.810995602087645651e+00
2.576174666546085401e+00
2.287805422259515442e+00
1.748225510588165665e+00
4.185904487504206628e+00
3.183434200920668644e+00
6.386344417320012568e+00
8.010215482655068442e+00
4.669897910044428890e+00
3.737648756527794269e+00
5.134619406596833358e+00
6.239576500394708347e+00
5.409493586670282461e+00
4.296867949920870622e+00
5.370969769591937393e+00
4.406335036806813044e+00
8.004181338671118695e+00
6.451376298625452144e+00
4.061368386500814331e+00
6.286701044182911424e+00
5.388472621246164884e+00
4.353364845833668895e+00
2.092608203384926924e+00
1.401166644646665738e+00
5.591232418524521464e+00
4.613631000515849401e+00
1.687884855354022218e+00
2.397762855623763123e+00
7.354785306963356639e+00
3.632229851817718291e+00
3.722901978208173368e+00
4.087387050177446746e+00
2.583166335896475374e+00
3.366901053247621345e+00
1.892877969435143415e+00
3.230405440366322267e+00
6.256804190992808046e+00
4.872246208212549945e+00
2.216563337984926552e+00
1.690419506835479035e+00
2.168664626511597859e+00
3.741179531973873207e+00
6.089126902135283181e+00
7.540209074656421429e+00
4.814836680360452981e+00
5.725966331956187538e+00
1.026788411411104818e+01
4.149814548379459289e+00
3.251126271644722898e+00
3.547109425534383131e+00
4.678298541765103735e+00
3.124277517034805829e+00
3.493559320464172835e+00
2.086902695093057591e+00
4.510305636014177999e+00
2.778849650446283182e+00
4.962423167361616372e+00
8.385968357907749748e+00
2.739295044992505090e+00
2.473790120708082796e+00
4.290897249613227160e+00
3.558927070939425175e+00
3.856030239764055789e+00
4.463845829357162565e+00
3.783196131835105724e+00
3.478066292730220166e+00
4.286400313583340171e+00
1.394637048664607137e+00
9.629508446457176518e+00
5.070544180579320326e+00
4.365217247323633920e+00
4.670681967606818752e+00
2.984534365084696272e+00
2.317740695043737809e+00
3.348800704738819523e+00
4.568016658996449486e+00
7.823642218309829310e+00
3.519137202520834062e+00
2.100904863392433430e+00
3.596400214866426914e+00
7.124596012959256264e+00
3.939141689743139274e+00
3.385872810622618800e+00
1.719125456573643795e+00
9.030126742312580390e+00
6.937653896779082174e+00
2.276520501025045995e+00
1.870721332616294585e+00
2.221702220571994957e+00
1.158994000110160849e+00
3.150165244122759667e+00
2.966070365499230199e+00
4.954037009900516431e+00
1.895730308236071249e+00
4.483818909731487778e+00
3.817704590079096238e+00
2.981620795717704553e+00
3.783822635938208112e+00
4.996291947350194995e+00
7.171899933983802988e+00
4.603822581933703084e+00
5.992645226691860394e+00
6.338655340075702860e+00
6.537753482418239059e+00
3.301656400574886074e+00
3.918026597501590658e+00
5.109241845269087534e+00
2.472888786793136617e+00
9.016098908439971638e+00
6.387141336264098079e+00
4.835661606985842020e+00
4.630209074696242766e+00
5.016318684242797588e+00
3.077455346976101680e+00
1.942872558382824577e+00
3.073347702270544435e+00
7.815551768699344315e+00
6.350079099507694558e+00
5.704812531955973931e+00
3.513564129142255243e+00
4.627323043071010389e+00
3.512537854098724210e+00
4.085953119603184192e+00
3.212790611138118368e+00
5.827624387161955077e+00
5.776937721364646450e+00
2.732449926121701900e+00
2.407598832861547855e+00
7.382815319128027909e+00
5.308143665079397167e+00
3.632078494896822551e+00
3.764784612041990997e+00
5.997521139572813631e+00
7.639041970914317581e+00
5.754632374490727287e+00
5.581608079832956371e+00
5.036793978343291123e+00
5.597142087293087265e+00
4.671719222113614123e+00
2.327619483585069204e+00
3.683318122039965115e+00
2.961447564900761442e+00
1.795585124201614535e+00
5.208375926316399784e+00
3.923694578080207052e+00
3.449778330431256368e+00
5.954346880597484848e+00
5.066940233710369057e+00
3.127455056056685834e+00
4.176521435339256350e+00
3.377140660037760700e+00
3.829935520151379613e+00
3.517736176464337561e+00
4.564086570834979817e+00
6.416789670411064961e+00
7.266610372971228138e+00
2.836280776331438158e+00
3.431907280380015024e+00
3.564337221259293642e+00
2.591978961016529137e+00
2.850081030647121594e+00
4.408181498372918838e+00
4.211024501382649277e+00
5.884072141761088837e+00
3.582501207091812301e+00
2.691343837022644347e+00
6.022417807206411844e+00
4.758298522273767261e+00
4.591369452921346905e+00
2.626688897441859183e+00
3.814445638587242282e+00
4.179941480972510170e+00
7.064859473703034354e+00
3.232782584561717520e+00
2.685768577616319153e+00
3.648057674588480737e+00
1.061794468633183541e+01
7.376663271866945593e+00
1.305209006867694654e+01
1.425766517128398192e+01
1.346364723302191813e+01
6.145835633474142412e+00
4.071500264658471480e+00
1.245586632221654177e+01
7.409632365406278787e+00
5.145254797542106573e+00
5.918251117087764079e+00
6.919351048448066699e+00
6.173307204803289316e+00
9.084329969356309320e+00
1.507027329204900568e+01
9.894476334387142913e+00
2.724730514515507185e+00
3.115456624661886220e+00
2.981750776957860616e+00
3.110350336800141502e+00
4.044773507477479768e+00
5.025775133461214850e+00
3.713645007002774889e+00
5.339357032777093615e+00
4.706752232625666998e+00
5.083164736742348033e+00
4.838156966910039714e+00
4.837628986361966810e+00
7.809256276204539660e+00
7.243731179758721161e+00
3.006146886964949694e+00
3.127932922694181883e+00
3.255482708084823429e+00
3.429787111881890116e+00
3.026176094916461778e+00
2.768172400049894399e+00
4.599965200268288257e+00
4.345586806609734509e+00
5.350650187672622238e+00
6.193481552676063373e+00
6.443889144651141265e+00
5.796862490073286800e+00
4.226140092298857454e+00
3.194101562999806188e+00
3.282813732870683232e+00
1.633694867025086150e+00
3.238673084123750101e+00
6.694852919459964191e+00
3.913192229291374336e+00
5.428067309929061501e+00
2.738262955870216953e+00
4.196665649863987824e+00
3.758578518318200778e+00
3.999839109722709285e+00
3.693604249592758570e+00
6.073474254064580968e+00
5.518901525528877805e+00
1.036029241180483140e+01
2.705889663220157448e+00
4.203801388502276026e+00
4.401532566427391657e+00
4.631533232267558198e+00
2.160776042516792117e+00
7.194063048469375943e+00
6.868528052189660116e+00
8.489631002125175741e+00
5.264183714214413889e+00
3.316364406052517477e+00
5.978193792214786306e+00
4.936999374227472259e+00
6.263295985427826729e+00
4.413046799541890053e+00
6.855418359840887987e+00
4.886413686330691064e+00
6.563249485272201866e+00
5.753929241293546326e+00
2.238814999906933778e+00
2.837067509215904781e+00
3.852940414006543968e+00
2.720808422819164907e+00
9.713185584423952079e+00
5.668121305392014975e+00
6.415953987851759521e+00
7.630492345676020527e+00
8.694339407343949944e+00
7.862128975008290332e+00
6.274596144499852812e+00
3.158351065126944412e+00
5.911830362194304023e+00
6.184521475308759619e+00
3.027141488301192673e+00
2.531776454419391698e+00
4.235499714733643728e+00
4.885926362406492807e+00
2.955299424473944558e+00
3.863192662215062079e+00
8.961196559779969206e+00
8.737846068271270639e+00
4.670263306623089861e+00
2.917085674923588723e+00
5.096820114381521272e+00
6.108864997263971475e+00
1.679323832745969192e+00
3.112252804661372885e+00
2.520246814804282032e+00
4.669678975527207676e+00
3.328269702686553977e+00
1.745154549520890219e+00
5.414337712557820481e+00
2.725244677245960201e+00
6.007004026475103231e+00
4.645041183202913260e+00
6.958548146486462471e+00
2.779085405652736540e+00
2.400183275343843015e+00
3.447976822173237643e+00
3.725554297791040081e+00
2.658446797505977788e+00
5.536366596483732749e+00
2.290007139826838678e+00
3.065927284235537176e+00
3.237148606206438739e+00
6.311258443395138862e+00
8.927213220585434428e+00
3.769080254026631049e+00
3.190169849758162535e+00
1.653714822593328471e+00
3.767405926644840974e+00
3.284921800616255272e+00
3.034963094877476841e+00
8.629175608790363938e+00
5.420245278307518788e+00
5.039102791375286827e+00
4.160332325332405823e+00
6.420680329879376202e+00
6.780836080621749140e+00
1.920325219978064490e+00
1.550638125742902940e+00
3.373939305459535021e+00
3.897789384669856361e+00
5.117724416573124380e+00
5.613033604383820929e+00
6.722308288953653843e+00
5.719034281811981479e+00
5.480815736751399214e+00
4.169661973403071542e+00
2.232007012502373655e+00
2.918709296405633147e+00
2.087320554532382300e+00
3.516971824985738682e+00
5.174681561173385624e+00
9.513273179956758696e+00
4.413201348144951019e+00
1.876768219018167594e+00
5.341347368988910382e+00
5.141305732388919303e+00
5.312069137320334811e+00
8.653995759601524895e+00
6.189558606718522427e+00
8.192269030362325566e+00
1.550786116019202687e+00
2.266253075494997216e+00
2.177041319674471787e+00
2.857819614930313001e+00
5.017208487922524718e+00
3.391672105549521365e+00
1.866332822920447221e+00
2.998307567428802667e+00
4.208552993395231034e+00
4.954781018223444633e+00
2.851428046141893713e+00
3.972064597578099043e+00
3.122593803523419975e+00
1.810713787140653563e+00
3.718314259684742495e+00
2.225356894257209728e+00
5.229869689044408965e+00
3.449852495638563443e+00
7.043296352003091343e+00
3.904207894338213247e+00
3.875624090801824018e+00
4.216347587794203378e+00
2.812315218141921314e+00
2.648245675315294090e+00
6.498779360033716479e+00
3.399823944651817698e+00
3.866274794552078564e+00
1.733972864659942825e+00
4.248366074092771782e+00
6.261435526371636584e+00
5.292470552010339446e+00
6.944051211473812657e+00
4.347028858690089592e+00
1.904589717606926413e+00
4.563595126921534906e+00
4.524051677597451970e+00
2.302939460933743465e+00
3.163578143870528603e+00
2.937624491105262692e+00
3.358931327173811265e+00
5.791974617600093467e+00
6.459958448465060954e+00
4.708871249391472169e+00
3.774173528953450596e+00
4.255833319588980146e+00
4.997661308307839612e+00
7.715553626207363180e+00
7.904627151205255942e+00
4.618688256975290507e+00
4.889609261844745092e+00
7.482480718903742556e+00
4.818465850422933627e+00
5.865842395423157107e+00
2.094090698693368946e+00
6.411972095755327672e+00
4.590065692374109219e+00
3.224183594695138044e+00
1.510104971582269417e+00
4.704367684528528493e+00
7.636324252244923727e+00
3.562347066297832043e+00
1.822542118587312743e+00
2.885476439501529544e+00
5.070679520988445432e+00
6.584587540896447599e+00
2.312634004098764962e+00
4.702184988242223973e+00
5.934983741991877615e+00
2.977956089356230684e+00
2.552283084461748341e+00
7.001896803865352403e+00
5.319836459269734696e+00
6.537272042132358685e+00
3.466323737874308808e+00
6.894965109718513396e+00
2.848852223771086933e+00
6.108823836174597233e+00
3.887065246215845260e+00
3.986958079297505453e+00
4.040165312619465432e+00
4.359744393921893391e+00
3.789444208053911023e+00
1.827713196834830800e+00
3.873896177497414328e+00
6.976382357863295525e+00
4.778014856899617691e+00
2.840647912994754609e+00
4.537109995122846406e+00
6.011214402393291856e+00
4.813712819546998922e+00
4.068948148927458597e+00
6.943889369796636402e+00
8.082388426230622258e+00
6.050693134367941539e+00
3.715421366516201918e+00
5.963282205990583229e+00
3.838628437060991772e+00
5.302924139921405100e+00
6.249275488233500653e+00
5.717327116140406673e+00
2.451745930312304367e+00
3.160737841580602225e+00
5.659571140249099130e+00
3.747196235604963288e+00
5.296930232063372657e+00
4.519713704837611701e+00
3.639006862861902558e+00
4.655224539457021748e+00
2.803809388539037162e+00
2.451795132758091356e+00
6.125466169688609241e+00
6.286864352119864385e+00
5.333274507679430343e+00
4.364458978369355258e+00
9.242081096655537564e+00
6.673730979186049517e+00
3.299799170663193060e+00
3.823821072520110942e+00
9.957893671957068094e+00
4.601561285460515904e+00
3.993471523560600200e+00
4.637148296370614098e+00
1.254393568236289447e+00
2.972320344796186120e+00
8.226049140915238311e+00
5.547580319861717513e+00
3.389076845628182788e+00
4.669617435803893990e+00
6.723464720166638209e+00
9.251445339420071079e+00
2.609307310627591470e+00
3.660481865134794788e+00
2.367162815888129490e+00
7.042656260416935154e+00
2.028169594064063386e+00
3.738859350231872547e+00
3.072327949586071139e+00
3.416329832431429292e+00
6.090004172292038831e+00
7.559642617149248345e+00
9.006170391543635745e+00
5.246680344532803630e+00
4.686191842715589750e+00
3.743964823064749314e+00
5.138463414444749411e+00
6.129327955038569087e+00
4.596532193080070883e+00
4.756720945596075723e+00
6.418113803901318803e+00
3.596554402776348969e+00
4.725697485208924853e+00
2.816880432828859693e+00
6.452884007169766178e+00
8.978912343808955754e+00
3.609840076537742082e+00
2.681716032027666508e+00
1.541695565149805214e+00
4.443589366742569879e+00
4.938593699474575160e+00
1.336399662703351199e+00
5.527222853152155224e+00
4.410071850556027684e+00
3.189011795676095939e+00
3.586302724664817809e+00
3.270423305826061444e+00
3.887903226681134861e+00
2.699526230967105089e+00
2.068315888881862907e+00
5.947131103962148835e+00
6.092209721506513631e+00
2.819340225827363433e+00
3.749985266351781199e+00
4.792002628768150529e+00
2.478417534125910482e+00
3.046255096647202176e+00
2.771384493454379427e+00
1.641018168731692706e+00
2.785300640294131380e+00
4.096220307451772236e+00
5.718895989398925295e+00
4.137956317191227917e+00
3.377938261685547339e+00
5.775770097726375063e+00
6.953909103909778011e+00
4.049517721306426843e+00
2.882229169720786466e+00
8.540154999081899234e+00
4.407895549197570872e+00
3.396230885924051979e+00
3.309602741076142607e+00
3.227909621652063521e+00
3.540836573173308466e+00
4.951392605088050125e+00
4.924937656796200436e+00
8.831012195497249806e+00
1.982659067077180204e+00
3.306850061235653282e+00
1.084854689233288649e+00
1.890583934215915862e+00
5.437601888397375127e+00
6.843193289672575119e+00
5.661978017615229675e+00
2.135540550349345423e+00
1.538610253244512061e+00
3.005008207024265854e+00
3.878661843277269483e+00
4.629675837185319942e+00
4.790333825022885073e+00
7.430744457583528195e+00
7.125694062904625703e+00
4.248791643734160850e+00
7.691024955649309547e+00
5.157429068675108752e+00
5.741217861928840982e+00
4.516569981044660231e+00
4.416620733937648424e+00
4.016341304559682968e+00
5.486920634906742755e+00
6.164117648599106936e+00
4.409734953040985062e+00
2.274372363945959652e+00
1.919612717277746627e+00
5.920814134186644928e+00
5.046388056771140995e+00
3.970704744887931348e+00
3.458996133959112207e+00
4.009247830012593106e+00
2.449299183373532252e+00
5.174144387891513652e+00
5.551037736131920752e+00
4.187455669788120893e+00
1.406072713525788886e+00
4.005747463458600777e+00
3.975547491377527720e+00
7.843882507336713772e+00
7.072537035635518166e+00
2.203620511042821306e+00
6.133953056691372474e+00
2.664908901774542205e+00
3.472523488729635677e+00
5.309237449134804443e+00
4.490829321270327412e+00
5.970123041772358086e+00
4.514384519661224893e+00
5.570813692098074199e+00
5.600871452648815030e+00
7.890820044497033336e+00
6.393314555348434958e+00
6.156633221432953107e+00
1.069896697271884456e+01
3.696804363987843622e+00
3.213762249848636898e+00
2.784754448276561156e+00
1.862101403787988163e+00
5.207507721209451823e+00
3.319013728869722346e+00
3.104948454276772463e+00
3.689634073055673813e+00
4.417266241963492490e+00
2.935096769143975770e+00
6.308196746954646272e+00
5.804543787001896327e+00
4.796400474915134993e+00
3.827904533377002760e+00
2.967470937856356183e+00
3.574299572774104039e+00
3.704103947111131223e+00
4.440488324495173167e+00
2.105685308614500428e+00
2.271324059526218075e+00
4.931400175384490936e+00
7.987524761676231044e+00
6.964340262084879107e+00
4.717999037370145921e+00
4.189680476900163875e+00
2.201132431214435137e+00
6.715156719112223449e+00
4.153858082029899812e+00
3.376759296872030358e+00
8.391387263983018485e+00
3.033714140983264862e+00
2.168945665021181579e+00
1.385815090250599724e+01
9.648361230381496512e+00
7.533154773408431204e+00
5.954841523100620648e+00
3.695323465282342568e+00
2.466262830051289878e+00
4.430739795857376429e+00
4.093737150248872858e+00
3.987065344658003330e+00
1.712816758793413552e+00
2.038120909838103234e+00
3.677534217934104177e+00
7.641477234488679215e+00
2.671799539546448887e+00
4.186793870741229107e+00
2.019900388839174887e+00
3.601641824355504173e+00
3.077201416084818675e+00
3.118403958377584662e+00
2.819065817435096655e+00
2.175156002223390672e+00
3.249500035331224446e+00
1.929846208888246872e+00
2.900817865883161595e+00
2.300871602793848503e+00
2.360741775667225095e+00
5.104968292205115610e+00
2.263577480737269720e+00
4.260667272805793715e+00
4.651110776884448406e+00
4.586180491888739219e+00
4.175517409264969615e+00
8.753198744307145063e+00
2.554366973426032583e+00
5.760809506117136713e+00
7.520753382321522906e+00
3.523657063343910600e+00
3.508848744443844314e+00
5.081665573125460966e+00
4.281029539250682525e+00
2.615983260720072590e+00
3.393945722944506915e+00
5.651596497544543851e+00
3.199708456203491647e+00
8.381043059250290028e+00
1.222183071899893925e+01
7.056286075531631674e+00
7.270992674636790554e+00
6.004674295322978139e+00
3.698735991533426137e+00
6.059048181753281526e+00
2.942463764850413721e+00
4.538203764724380029e+00
4.481400942181571700e+00
5.776100889233269697e+00
5.588986767150629476e+00
1.891897233233169162e+00
2.403543042107135541e+00
4.343841091898425155e+00
7.177434577196077470e+00
2.230554204014880693e+00
7.044248776539884460e+00
6.711277421241974572e+00
7.261986944721995130e+00
4.380887281279405521e+00
5.538840691274003802e+00
3.361937746211403955e+00
5.783750897018864023e+00
3.899838541544609960e+00
1.975839332670419113e+00
3.113954473026779191e+00
4.507350798271852810e+00
5.417648323469346217e+00
7.034665160238140480e+00
6.361255863438961988e+00
6.470893904964890808e+00
1.047231694921685552e+01
9.225971591153570017e+00
9.852022148964952208e+00
1.061197848954887668e+01
3.590404204798247623e+00
5.877335246695949422e+00
4.290924049850310062e+00
5.332411119681679246e+00
4.105914603915873151e+00
4.206054096791321584e+00
6.682618958248411900e+00
4.229951365658409124e+00
8.956884459955071875e+00
6.613286205809891349e+00
4.890002939152499728e+00
4.768833579535244560e+00
8.891789173030481663e+00
3.814860102505488459e+00
3.811022126184371750e+00
1.767503286893890024e+00
1.527638551236350839e+00
2.091157445046150087e+00
5.799114489388169424e+00
5.140128935171229152e+00
5.691005543297680269e+00
5.942492931456758498e+00
7.201031835753305188e+00
5.860068540553188932e+00
6.521807088198654512e+00
5.697678248658590405e+00
2.270805171004240730e+00
3.020772699709139530e+00
4.371632733015843542e+00
2.545751303565550128e+00
4.804295643299267837e+00
2.999718982418903668e+00
5.265833179371231410e+00
1.835871182661353629e+00
5.612226897005956339e+00
2.077935136649328829e+00
4.124650109058821457e+00
4.362822149535330318e+00
3.401206566944095844e+00
3.553360203532060613e+00
3.155720756499472923e+00
3.106590196652806224e+00
3.308770801349000923e+00
2.572361432981060236e+00
4.042287444353380721e+00
5.402592747334524326e+00
6.683380346862721311e+00
4.130664525789295993e+00
4.000642723753092156e+00
1.925064194775892412e+00
7.565480075249397807e+00
3.505857786509923191e+00
2.383732024942906591e+00
3.524013095231351755e+00
3.245596742880678676e+00
5.570537304140687596e+00
4.352142890754596039e+00
6.330015385495702418e+00
7.484133969250946095e+00
6.069517242713746263e+00
5.628139787499370605e+00
4.317145215193626484e+00
4.084396080024381703e+00
4.707482682119803918e+00
3.541417514596850058e+00
3.494249291061600537e+00
2.624972554168687022e+00
4.199235813453742416e+00
5.831884359795328265e+00
5.103474000614033557e+00
2.980475626751135199e+00
3.761120432447781159e+00
7.088080490873740480e+00
3.566626513026500689e+00
1.690100031466017727e+00
7.627231323495567317e+00
4.888229999608792120e+00
6.118538405044921191e+00
3.222842988748340520e+00
1.722269283200655421e+00
4.382879632615403587e+00
2.795341073901045803e+00
3.486793021353676192e+00
2.338170898129787290e+00
7.186931094504695139e+00
6.973270444418677272e+00
4.603629385521102790e+00
5.072299235194671851e+00
1.959307430815898199e+00
3.426354710105365520e+00
5.642167939781863595e+00
3.453234646625932491e+00
4.042230508493950047e+00
6.160721487235996108e+00
3.437455931963136813e+00
4.603184411153957711e+00
5.621217713474877975e+00
4.820237389344627310e+00
5.771379897332862718e+00
4.710688073041263912e+00
6.230192118573336657e+00
5.688719399202335048e+00
3.183648598504615457e+00
3.150254788557286911e+00
5.514522564671171523e+00
6.634536735003170982e+00
3.182672424378297560e+00
2.858511676754306841e+00
5.606011807055248930e+00
1.068217870810043024e+01
2.365505613214991421e+00
2.869081206207881873e+00
3.978098436356784173e+00
4.826625207970839604e+00
4.569626694431711655e+00
1.850433338051250987e+00
3.965667953121160938e+00
2.693754550411320725e+00
3.679442396392643033e+00
3.157898366275632362e+00
3.356101600180235955e+00
2.874400137591597293e+00
7.798726638427808666e+00
3.618459751049475592e+00
5.698672527566659873e+00
7.460062709054529506e+00
3.540267298178891409e+00
2.407898193557486355e+00
4.544234910953730555e+00
4.938326525499438624e+00
3.364384802107470929e+00
4.604636667564220964e+00
3.758137565537123415e+00
2.087583515291296710e+00
4.643504298834457700e+00
5.002051419319910153e+00
9.166914015023706952e+00
5.086800177774411402e+00
5.275124716667107805e+00
5.483421278772435237e+00
2.325111222359915519e+00
1.756851747524972307e+00
3.861560257813428709e+00
3.399136475453766515e+00
5.442680751990419452e+00
5.172488161688659325e+00
1.052007939907661616e+01
9.700461068474350412e+00
6.664342290301826566e+00
5.236847836732472672e+00
5.093984231288386511e+00
3.890923516306523666e+00
4.717143123592984821e+00
1.839623408753632283e+00
4.044884226064771937e+00
3.071204363729648890e+00
4.489996326029205065e+00
2.844377280061610502e+00
1.061579557107133809e+00
1.767483579059201837e+00
6.973753178844781964e+00
3.021010653516160716e+00
3.679177721417318914e+00
5.787604194097585975e+00
8.090905009573933215e-01
3.139866558772640204e+00
2.896498314147101905e+00
2.237114865831063337e+00
3.068038592725526481e+00
6.983942492663617330e+00
6.504849971233277905e+00
6.767674414623062518e+00
4.821618135490267854e+00
6.000473262032723909e+00
3.987909364236180476e+00
3.390711084233032135e+00
5.917982722095654680e+00
5.348908845653697952e+00
4.580534217414746756e+00
2.721991617840942901e+00
2.667571065124693330e+00
3.884792180312953480e+00
3.494696299518449401e+00
5.291627289960662672e+00
3.227795556573185731e+00
8.017594693363667702e+00
6.447839883355095836e+00
3.734584862454771947e+00
6.919134913717845059e+00
6.642542273795769781e+00
3.615968879294599425e+00
3.562101092329861274e+00
7.023187249778041874e+00
2.854710887505000905e+00
4.338308416914962606e+00
3.673055872712210235e+00
7.039411800074459435e+00
1.376892784104508394e+01
4.236814363498383251e+00
5.615626597134514952e+00
9.634003289694611283e+00
6.629203707825517711e+00
1.906393719763663563e+00
2.189894358885712933e+00
3.068776791817680483e+00
5.174843632697468720e+00
4.176237940122337733e+00
5.803937935803423542e+00
3.927228021133394087e+00
5.048262757692340230e+00
9.326983985244527986e-01
1.840281492721305590e+00
2.534082137861719985e+00
1.316693174218465101e+00
5.073608144156576572e+00
8.824355698529547709e+00
8.244143331611780923e+00
5.965583867129253370e+00
2.643655429333847895e+00
1.957746661828543733e+00
3.106623711973344637e+00
4.346913394532986530e+00
5.178367203501317739e+00
5.887047396757749240e+00
2.234416481418945111e+00
2.749436513472134358e+00
5.976818318293931398e+00
4.230351065241156228e+00
