9.234764508624714319e-01
1.136256874284439222e+00
4.050205483968509768e+00
3.020933313190889979e+00
2.248808369921316164e+00
3.115064994328966552e+00
3.017960855133706932e+00
5.010885904265407476e+00
3.267730255472680145e+00
5.305043615111876498e+00
2.682626359301809593e+00
6.748981487904784693e+00
3.790962737745311451e+00
2.701655033363832725e+00
8.818915758168815344e+00
4.753296315297549590e+00
4.141667866285347444e+00
6.635795115878219796e+00
5.985253253824348363e+00
5.162013943488849677e+00
5.886164449498066276e+00
6.897508220754938080e+00
7.308041749057996306e+00
9.286013899655788606e+00
7.424465760862274166e+00
1.299815717825047345e+00
3.004862726721996058e+00
4.946838559191929718e+00
3.858194447800405325e+00
4.853892403284375767e+00
2.679771133444038611e+00
4.659238685715020090e+00
4.065723303556703527e+00
4.147686130386433412e+00
5.248194801714650026e+00
3.175652797883465883e+00
4.231020069028024189e+00
2.836456738150184620e+00
3.789113871683890356e+00
4.490711101220241197e+00
4.607261524428271748e+00
5.733748504579524230e+00
3.100713207934231885e+00
7.087308500415612222e+00
6.827837106164259318e+00
7.613780389998266784e+00
5.648421327537223924e+00
2.216685671361728005e+00
3.416237908706513782e+00
3.602658155161074571e+00
6.093838591329441279e+00
2.979238750185793538e+00
3.000756970943719626e+00
2.258418928266358705e+00
2.069591411345147680e+00
1.085246117915983799e+00
2.754610269609080841e+00
3.855140822338393392e+00
1.346097382324568992e+00
4.702662258615184498e+00
4.346196874661653275e+00
5.207721390221593971e+00
3.484680719535427684e+00
3.406730409572460871e+00
4.157517523124997005e+00
4.300272353388276514e+00
4.321237950771390501e+00
5.664073640318292746e+00
3.752477557569366073e+00
1.702308776532402756e+00
3.545500186061288694e+00
2.610849940950425996e+00
4.821585160253215818e+00
5.207427745662426943e+00
2.605387810922773273e+00
1.213870110630742793e+00
3.104374481213839410e+00
2.369992624515121271e+00
3.671889728362259575e+00
2.527620056337609888e+00
4.424354486079828952e+00
1.885368276751319350e+00
5.472104928666102097e+00
3.363018258710847697e+00
1.885853087316549770e+00
3.698078387253885158e+00
2.518377625120017171e+00
2.622359797231105905e+00
4.185313543341517395e+00
2.225858703455745768e+00
6.514470244386353137e+00
4.897276751262562122e+00
5.770730599980690378e+00
5.206578452968633641e+00
4.477166509896248314e+00
4.076771348792936678e+00
4.827480720550999749e+00
5.640849598390688335e+00
7.061928335178930816e+00
6.190154413083236662e+00
4.781810471791349215e+00
2.322658253765800040e+00
3.828130509054859409e+00
4.933942584277073884e+00
5.567359307639831556e+00
2.161218104728907186e+00
6.389502529368074057e+00
5.125601626421662615e+00
2.227892997667429320e+00
5.076994371372239634e+00
2.634846212680309385e+00
3.169200929485676888e+00
5.908985587176024623e+00
5.112999627232479583e+00
3.247762046564017790e+00
4.039318963144730823e+00
3.833629183331874746e+00
5.573014433148228086e+00
4.463361499116566655e+00
5.995320736825763497e+00
2.516216133527858112e+00
4.582566366633678889e+00
5.988759569468656174e+00
3.111351581297222335e+00
4.067889790797019955e+00
3.612163212183418626e+00
2.387037388861885656e+00
2.789891850328377387e+00
5.652363306377798935e+00
5.427618645944842335e+00
5.135143628368873614e+00
2.879352702644990547e+00
7.101179298782766658e+00
4.586953905579150614e+00
8.371933262837734091e+00
5.459025886419436979e+00
2.828312288752246051e+00
4.638052271988012620e+00
7.424278959502792041e+00
3.871744241710397993e+00
3.826566875853447680e+00
4.499531025481335433e+00
1.143720594422482151e+01
8.702636080821342546e+00
2.384169852567928238e+00
2.699077462819843731e+00
6.145253818083878272e+00
4.335792929059539169e+00
5.702402176643793119e+00
5.685191562802867971e+00
7.225155200079157680e+00
9.389897045287989741e+00
2.447627720012095054e+00
3.397359452756690157e+00
4.838335590117492480e+00
3.866335529416749406e+00
3.640231946739048929e+00
3.988887762881759613e+00
3.735735719162696533e+00
3.873439222095852230e+00
4.816800973340995107e+00
5.566783736328485332e+00
4.590505340862045536e+00
4.685559506888584913e+00
9.317098621008765846e+00
4.399160349691590532e+00
4.805653919933881468e+00
2.626711729273165208e+00
2.353975810657057188e+00
2.936468770110897797e+00
4.754902092964232274e+00
5.107109175229721743e+00
2.507991453742024035e+00
3.707207698728001599e+00
1.331080400044737155e+00
4.299470841537317511e+00
3.455255820400433109e+00
2.620104555022321424e+00
4.564596606631955211e+00
1.996590808458801991e+00
3.911158464914631594e+00
4.336309779258932018e+00
4.406976239654176730e+00
4.605875989918430058e+00
4.942269801631864468e+00
4.288744642394510365e+00
2.306917696618204783e+00
2.524566271508156046e+00
2.455305477932841818e+00
3.692918655506148617e+00
3.738491218894556489e+00
3.056087524454068838e+00
6.561661589654086413e+00
5.570278410023625781e+00
2.673412904569033799e+00
1.848504577211863786e+00
3.987511491877506309e+00
3.031827224945007337e+00
3.900873199649042888e+00
3.868635447657007287e+00
2.361284827836427347e+00
2.816782323619297035e+00
6.513708736802168886e+00
3.566051217732757461e+00
4.531625512523093313e+00
2.390798059243918416e+00
3.281823851716871410e+00
2.276338704967531879e+00
3.100257697387157396e+00
3.142450787823509728e+00
3.904624572800371674e+00
4.524369717578659689e+00
2.420612581369075755e+00
2.480501704873345759e+00
8.282624275364726785e+00
1.327608876614961098e+01
5.580328660209416647e+00
3.223425145059930497e+00
7.401978426524015831e+00
4.771618513872073919e+00
2.943778476508342123e+00
2.248651936093293280e+00
1.701486769991834569e+00
4.922571045334962037e+00
3.093386727331785213e+00
6.208203544895999570e+00
6.332106707353281294e+00
3.065355526368574335e+00
6.082934392635559462e+00
4.365562906877619831e+00
6.123993238875885758e+00
5.680768805241802610e+00
5.787446999925730751e+00
6.293257587460142410e+00
1.710057321405255903e+00
2.158352744335474416e+00
3.742239624833715972e+00
2.859529297358428757e+00
7.174896542732885685e+00
2.072161768972022422e+00
3.299603098421286518e+00
2.974747654703949529e+00
2.849226709257912660e+00
3.577892353175545548e+00
5.321368208787168541e+00
4.227006063089001842e+00
3.232464957513685899e+00
2.192525363296419449e+00
2.996536006647780415e+00
4.056210311820342085e+00
5.484298833454926303e+00
3.786780550024383629e+00
2.014069325942203559e+00
4.416908663595700446e+00
8.000341620613102833e+00
6.968569176696019163e+00
7.575483361871651056e+00
5.215580045499695672e+00
3.327489116394876323e+00
3.693631959880405269e+00
6.379596933846696238e+00
3.074307380383817012e+00
5.153858796185964763e+00
4.541901711837954991e+00
4.714195422586671569e+00
3.305869977971929163e+00
1.101313855692189492e+01
5.489199670615506399e+00
1.578123127472488951e+00
3.768319746294397365e+00
4.457365831776014531e+00
2.193941649289819829e+00
4.385609086041627691e+00
5.626448863192670125e+00
4.098176034893302067e+00
2.657569501280304891e+00
3.130093501082654051e+00
3.562480030462817027e+00
5.008397686591225195e+00
4.126962687863163559e+00
6.425735807642267261e+00
4.621699735760542715e+00
4.002676235374416969e+00
2.739787594650177294e+00
5.433893064914008697e+00
3.451133991266776668e+00
3.267781130482334984e+00
2.203562486920741303e+00
1.735565085416258757e+00
2.334475366054403533e+00
2.650174554014324890e+00
5.439614086861277009e+00
4.310470352315758369e+00
4.353844715195425152e+00
2.981330038155185047e+00
3.166418931215167376e+00
2.851748776455862000e+00
3.014453534864349304e+00
2.427393585794962227e+00
3.405632855909438206e+00
2.649942375724832377e+00
5.482011492020046894e+00
6.374752439391603076e+00
3.142780306432363169e+00
2.593540769481413211e+00
5.072115025764894369e+00
6.159348413543114020e+00
5.059447317156763546e+00
4.876179170627287007e+00
3.864644630894858768e+00
1.586634340857853820e+00
4.701578435128344502e+00
3.872367865342297932e+00
3.307092163452508338e+00
3.893459956106230635e+00
3.291639568665007953e+00
1.025416313359165166e+01
5.499664789286716982e+00
2.224059569273065584e+00
4.231981233977502477e+00
2.912302588975747231e+00
2.720470167189497079e+00
7.545741615356081233e+00
5.710581607948129523e+00
6.005174046679398359e+00
4.023053478768666480e+00
1.785193080574465574e+00
1.927541202079366744e+00
2.752829316272123350e+00
2.510139718923768637e+00
3.372417103661168536e+00
6.284877365519070835e+00
4.406141522373956398e+00
1.818108237655430726e+00
1.000326586252989181e+01
9.375877294515795768e+00
3.108356775532863825e+00
7.077746297858681146e+00
9.823077587532981880e+00
5.665129002336020569e+00
4.878136715582423122e+00
4.457673367344425763e+00
3.804351592296506102e+00
4.109775051728123074e+00
1.931662030211640957e+00
3.728089863717285457e+00
1.005263996534461768e+01
1.040500973020784592e+01
2.862289564500614336e+00
6.515219856485553684e+00
5.863660080214503800e+00
5.091327963639033172e+00
4.866942721190832266e+00
4.915382593437125358e+00
2.519805488055363085e+00
2.936248107390896589e+00
2.869708236198165174e+00
5.102610188762830568e+00
3.966767976183577904e+00
3.434686636725484021e+00
2.412327362753722060e+00
3.391161804933539692e+00
3.284049320579139231e+00
2.966077876078217379e+00
3.602706804389443906e+00
3.060612281042089933e+00
4.584164861546987879e+00
3.702993296141943169e+00
4.603262701786171363e+00
3.183897502500282251e+00
2.048297726581989942e+00
3.470960734809168446e+00
4.192256768469519557e+00
3.212907404393549271e+00
5.986053603539552626e+00
2.512678456118107917e+00
5.143080320153234020e+00
4.431596367941474490e+00
3.004879248408090842e+00
3.171446977828797031e+00
3.768945681228296873e+00
6.305875390543846493e+00
2.921858356327109441e+00
2.954336275179021420e+00
1.902957508568310807e+00
3.909856560430590822e+00
3.574268161026953550e+00
4.519720090810493751e+00
2.472888913530675747e+00
1.898280099706327384e+00
2.498500613185713704e+00
8.233915911658305831e+00
4.010535827749083460e+00
1.740515163286530331e+00
5.231155353282538556e+00
4.486488378941126065e+00
8.824338417522978872e+00
5.391678580799881715e+00
5.086190826177032775e+00
5.067186751157854552e+00
8.799664700540498430e+00
6.144011549750320711e+00
1.362747665702799083e+01
1.302471576353869231e+01
4.027334437315717608e+00
2.788320361679400783e+00
8.081074526812072278e+00
5.819994253719976030e+00
2.167537420030827278e+00
2.873698049591993264e+00
9.958780968600363437e+00
5.414928593720983230e+00
2.587924726732088843e+00
3.430663178203623875e+00
3.036451181746304240e+00
3.956460457827294608e+00
2.715415351491987206e+00
5.170080383820463865e+00
7.571614044350236661e+00
4.723726222467601765e+00
3.123205433245271223e+00
1.565558001980430047e+00
6.444563416655776145e+00
4.920456282784794411e+00
6.528823859740406910e+00
3.073712486244892794e+00
1.036929143726806402e+01
1.066609206586566216e+01
4.476122398635942190e+00
2.124139721583386375e+00
3.897552551029557222e+00
3.955123091765748722e+00
5.325713130179113186e+00
4.838438056686518607e+00
2.736036152093526574e+00
2.611905391442005175e+00
1.888181727841565793e+00
2.409339942083815522e+00
5.161846819781654716e+00
6.308328975098142166e+00
1.975952091951143297e+00
2.810456162347508613e+00
5.446986830165188032e+00
6.349498818556440938e+00
4.662998803510624235e+00
2.791456813181460106e+00
4.047036769912678800e+00
3.462766695991697397e+00
4.347950575392068195e+00
4.655673916243703303e+00
2.283196111091659652e+00
3.157536971069137888e+00
3.064558349324427500e+00
3.777766620825981025e+00
4.915813672947787261e+00
5.294334478148450707e+00
7.334909567289079391e+00
5.236555262775939745e+00
3.214955176671797421e+00
5.515349021446032118e+00
3.872724968545122159e+00
4.930809429651624498e+00
6.063976932104346851e+00
4.385566470126773808e+00
5.180042177860145536e+00
5.153549511092733404e+00
4.095698588639973714e+00
4.363520469639449395e+00
3.850179878794607546e+00
2.620615534748040876e+00
4.124199450542575640e+00
1.504665323837943980e+01
2.611659798962618240e+00
2.621337202041955639e+00
1.026054261665816547e+01
6.202188763996266729e+00
3.813042592080441384e+00
4.039647045237636291e+00
5.338822043932547778e+00
6.009978457920308159e+00
4.105360114817736772e+00
3.554672120777914834e+00
6.717016481344174395e+00
5.110683933689316838e+00
2.282116816712733698e+00
2.674357862524293417e+00
3.029799735526387483e+00
2.521821605912416331e+00
3.014960754338376514e+00
2.830079446278794375e+00
4.481021561508426565e+00
6.217623471816501990e+00
4.898575861678580168e+00
3.093383117518124781e+00
4.602899138926406231e+00
5.108220574598965946e+00
6.103337011135161028e+00
8.376710468374415797e+00
1.452472932389297311e+00
1.869765592140899990e+00
4.652801268895301767e+00
3.798711431176514886e+00
3.314178550690191738e+00
2.446460292938759551e+00
4.188239876861610256e+00
5.523446046610912319e+00
4.432505811997760503e+00
3.233133585527513176e+00
5.101341091897499069e+00
8.163734383120310412e+00
8.375113779621587540e+00
1.118430706736279845e+01
2.771656529809474190e+00
3.161669465876987051e+00
4.701317155275035908e+00
7.791100205285271585e+00
3.020693939014718499e+00
1.371763111837436488e+00
2.830915836887513581e+00
2.483291937029549423e+00
3.163974026368603809e+00
4.399849859723630630e+00
1.694929445360549014e+00
2.340361756500267010e+00
6.330634656317086773e+00
3.975647557843289270e+00
6.481212915858550083e+00
7.406462284379665029e+00
3.394123894549609055e+00
1.466577608475263750e+00
7.493624767560993050e+00
5.831930668863877010e+00
5.938239801256712802e+00
1.996090354792477983e+00
2.182843926634383092e+00
1.830418583125780430e+00
4.672002131164206595e+00
1.846205304241995249e+00
3.655062787927876755e+00
5.830377884910617148e+00
7.894175734905508612e+00
7.912183598006137686e+00
3.774135943236951451e+00
4.165676685279458447e+00
7.550331800949879657e+00
3.058287006776025940e+00
3.155505058545070352e+00
2.373082817977289594e+00
3.926201866571434440e+00
4.263553825722332213e+00
4.390305891087224133e+00
4.626663769252472136e+00
4.390832623494849152e+00
4.221029091171921266e+00
2.712673258709554336e+00
3.687371220941981331e+00
2.834977263050091789e+00
1.885840666752670369e+00
1.249804129678851794e+00
3.303114820529769347e+00
5.923612031793232369e+00
4.155299655590957819e+00
7.125191749054659240e+00
7.847876290797781706e+00
1.770505277573020564e+00
4.550506931887428941e+00
4.246623414148205988e+00
3.135771170484712655e+00
4.958587161261017506e+00
3.896111706918445439e+00
4.625874235977744497e+00
5.145928078123876759e+00
6.093745592326624383e+00
7.516539946386969540e+00
2.544907634070136204e+00
2.310556139249095864e+00
4.961100039571872067e+00
4.098669692222536298e+00
2.462949809612879459e+00
3.649323127166558045e+00
1.092426225667640161e+01
3.095925128543437044e+00
7.847409310334758636e+00
8.281597938003312009e+00
7.465186656156891587e+00
4.705617124128841589e+00
4.248518319251253672e+00
4.348259804267406103e+00
5.827310623678917167e+00
5.542699320280357611e+00
2.519893868341396725e+00
2.686738293998863547e+00
6.094241182144148006e+00
4.922743214848305016e+00
5.119244364875259024e+00
5.141537199844470329e+00
2.541280438548263021e+00
2.014197755898938791e+00
5.626205289851523794e+00
6.706491036099744285e+00
4.119823314672167669e+00
5.350738227023666305e+00
1.909149506831153031e+00
1.643895359919108179e+00
3.456557153043436692e+00
3.655702807255452935e+00
3.031165578277968731e+00
3.476975724014350622e+00
4.495331236404372710e+00
3.369101662180435053e+00
4.326209474747737538e+00
5.835311090832963288e+00
4.025345857997918664e+00
5.734140213827241261e+00
3.245443034877349309e+00
3.096794947827925970e+00
2.176988512648117435e+00
4.873169878105191977e+00
1.601606975042306313e+00
1.859529612968910284e+00
6.612966542376552681e+00
1.068006066925635444e+01
4.306022557873590451e+00
8.061778424011434296e+00
8.592821204575985305e+00
4.952046729730472663e+00
3.488901953025101310e+00
6.384935390500930730e+00
3.262234188334791174e+00
2.430704664038269236e+00
7.117224363121486874e+00
4.125076923359698888e+00
3.057567034454533594e+00
4.286573291888011283e+00
1.246300080909978458e+00
5.383940541729356433e+00
1.710124339463669596e+00
4.629972799730587951e+00
2.168571814603857284e+00
3.539738505052672846e+00
7.126401729577156452e+00
4.056928927028881304e+00
2.918559468696155346e+00
4.096106242820673593e+00
3.964863723037460819e+00
2.196009316871044170e+00
3.840807210705346364e+00
4.892914217118907061e+00
3.679814579418680509e+00
5.388937318495657713e+00
1.593179495131543888e+00
4.032514767060850325e+00
3.293888847007937049e+00
3.969008140033503995e+00
3.371825265240005365e+00
3.016840363762613553e+00
6.416685811881304602e+00
4.170321751964960910e+00
2.227815731735400373e+00
3.054612648481697779e+00
5.688668561397147272e+00
2.468096320838696567e+00
3.769982053152601598e+00
4.820125015277921143e+00
7.511402428230860018e+00
7.539063668385096229e+00
5.997698012389757416e+00
7.800042342699951448e+00
2.872490358984881365e+00
2.290119272256676553e+00
6.023490963832625056e-01
3.818762697922835958e+00
4.489821491572562273e+00
3.285379143272863178e+00
9.045635610194104004e+00
4.621946623575591495e+00
2.606110345061337874e+00
1.665416695463667551e+00
5.635902833515858745e+00
4.827301585351713165e+00
2.842976862447474051e+00
4.507002442741189441e+00
1.027211113944861332e+01
8.914642672071831697e+00
4.800709675173410851e+00
4.524254945460899791e+00
2.684444869203368889e+00
4.683976877082006496e+00
6.130807940876960238e+00
4.406229345514202755e+00
5.211675691232024121e+00
5.313081824919086316e+00
1.019661930281263196e+01
2.283434872126479220e+00
5.258784571446223133e+00
5.159566733355138268e+00
4.346080011820778743e+00
3.728986432819253238e+00
5.243326268355691155e+00
5.935061691243959991e+00
4.176892770456282378e+00
4.326266733872693671e+00
7.373379569744074935e+00
3.613307163859333482e+00
8.357209308792120650e-01
1.162053226833203334e+00
5.071230576195901563e+00
4.152887862776049488e+00
2.959689366953818457e+00
4.674604006393289879e+00
3.492857097276697687e+00
4.725338655742849170e+00
2.943453598847027397e+00
5.583131163826514864e+00
7.263286048156706975e+00
7.666755331162777409e+00
6.289020276727217862e+00
6.315365844893824132e+00
7.559982465560461051e+00
6.682174545011661415e+00
6.297576925360293565e+00
3.907436220912173130e+00
1.560395194000620211e+00
4.043581942419843145e+00
4.059557180666972798e+00
3.892028131069662944e+00
5.267008494905930149e+00
6.637148623050666885e+00
7.008679058968030340e+00
1.319003021458206071e+01
4.798043716747298681e+00
6.497835082612069435e+00
4.796232484789893391e+00
2.687677207274711488e+00
4.366929505177842508e+00
3.463266935222495846e+00
3.381778774495469264e+00
2.731427048316066308e+00
6.241224659372382355e+00
5.692552456649942805e+00
4.109425443954648038e+00
3.620144147593366224e+00
8.282588497220894297e+00
4.957967705626217025e+00
5.124500155750608243e+00
6.007122495921151106e+00
5.163451410221892246e+00
1.751143334623532111e+00
8.232890741298053427e+00
9.384224084019381351e+00
5.430431542508671328e+00
5.800605233095664559e+00
4.248651707247058873e+00
8.592918580912433768e+00
3.092162664396524541e+00
5.217682650947081058e+00
4.936788156750782974e+00
1.099095073574671844e+01
3.226461072470084623e+00
7.161651125625118297e+00
5.205656261131569984e+00
3.103499859581561715e+00
6.302762457138633145e+00
3.540853914723093965e+00
3.721998122730072911e+00
2.821450651845318625e+00
4.770800295739459962e+00
5.258937575679298426e+00
6.051946241391612524e+00
8.080336511386123632e+00
6.849851851064522101e+00
8.889604636721566422e+00
5.820134994296580544e+00
6.216482421985217499e+00
2.607317348150436587e+00
3.988184491646055374e+00
2.033477921593460636e+00
4.628717828968383685e+00
3.036699522087553227e+00
2.596280057557798226e+00
1.930039723501379312e+00
2.015343870671942650e+00
4.597613054774431163e+00
3.193020495784751667e+00
1.500466775239214900e+00
2.969905326907487542e+00
4.114449155862168084e+00
7.966504706618672493e+00
3.802395386855006887e+00
5.066264988220752663e+00
8.068868567393172597e+00
7.125417579552356884e+00
5.284293277460730742e+00
4.155691331447900261e+00
5.575728573075783956e+00
4.920774360401738434e+00
4.064238767106035155e+00
6.554364131444551766e+00
9.073958987602244619e+00
7.408314063596791677e+00
2.184996138302761626e+00
1.953928510558858189e+00
3.240590958137004041e+00
3.730640763691285944e+00
5.309945396042464516e+00
3.880259526871373321e+00
6.593359090750014140e+00
7.597336114925178130e+00
2.823232539589965562e+00
2.122854127066241325e+00
6.586835527440321414e+00
5.344559990056040988e+00
3.120912659177493165e+00
2.980157575752027554e+00
5.197723862553395691e+00
7.004109799743206466e+00
8.994278865930501965e+00
4.553974104943702805e+00
3.860465596981665470e+00
3.238112458240365310e+00
1.602196882171192938e+00
2.702198062022878489e+00
6.130534908692278684e+00
4.543763207918575908e+00
3.782150413417009194e+00
2.271355144816652682e+00
5.390161950057714257e+00
4.985505358318086166e+00
4.774347152522372184e+00
2.204557825513990821e+00
6.124722726235645176e+00
6.951350108044045406e+00
2.163611851671072284e+00
5.776250481327970476e+00
1.930722727794078164e+00
5.868737838129655771e+00
2.965057998200014033e+00
4.323595200147515527e+00
4.476364936744914758e+00
5.715899818838217072e+00
1.009500001998436858e+01
7.954293309085417540e+00
3.927770551223390250e+00
4.168589209481345925e+00
6.699905463907671610e+00
5.911525322839120022e+00
5.808258601486635087e+00
7.962122458218367171e+00
4.414886480856774043e+00
4.478834248022732112e+00
6.326613575768552877e+00
6.158677586362355072e+00
3.369667034901822511e+00
1.929055984683449188e+00
3.445722416133412569e+00
2.689756533913233216e+00
9.103211263719721558e+00
6.537442164150295554e+00
3.661708751238091253e+00
3.418230369185375483e+00
8.190327847306029696e+00
6.374100123505255233e+00
4.836069258449909647e+00
3.788038619943394636e+00
8.106295185169798856e+00
3.674935957626397798e+00
3.573026020817374970e+00
4.123055518032908928e+00
6.924850554482095077e+00
9.092290835206187083e+00
1.035851990378364285e+01
9.855459823511168338e+00
8.401789952642678472e+00
9.148474004925947867e+00
8.880195980302550751e+00
3.790354609475580450e+00
4.967322134364151154e+00
3.936592721721852151e+00
3.078603358864891781e+00
4.323642428061175380e+00
3.493327537869772570e+00
3.231052165853137925e+00
6.947063001401931892e+00
4.522098667547780337e+00
1.212038608782648375e+01
7.421796054009452526e+00
5.366624510780517276e+00
6.320805529233178177e+00
5.254091059693190680e+00
7.879822850323035865e+00
6.439004553751876081e+00
5.198638281286762641e+00
5.525371993433006779e+00
6.929065629027985729e+00
3.940982863798113023e+00
6.092164619763219768e+00
6.392275056031163416e+00
4.384573354107485166e+00
5.969061446161455287e+00
4.656190696242950011e+00
4.045255578517622297e+00
3.749456677632948320e+00
6.814251489347490143e+00
1.032376155627335557e+01
7.333901678549817227e+00
3.685989747161459551e+00
4.366644291252742782e+00
2.402106121832880525e+00
3.903612494508501563e+00
3.963445445708580817e+00
6.431830013054421258e+00
2.375139405097281831e+00
6.429730852836134325e+00
6.296500787458128023e+00
3.044585210117044749e+00
4.388879502901586349e+00
6.839746903314458670e+00
8.850112168460054107e+00
5.422488562805381385e+00
4.923379717459419602e+00
7.335748412510416649e+00
8.644503987544775114e+00
3.301807863831334178e+00
1.344522945199074559e+00
8.099529883698590282e+00
5.299340783720164261e+00
3.911133054017555288e+00
4.130173101372569988e+00
6.016367391189739955e+00
4.101345382690646524e+00
3.446535964041081090e+00
3.870064657399488350e+00
6.718575179626431471e+00
6.394031795326723611e+00
3.694371865911555641e+00
3.555808199518039281e+00
1.986074893703138944e+00
2.297104387062419040e+00
3.006882631122058669e+00
2.081109028220284873e+00
5.168651223250782856e+00
7.952125084315427195e+00
3.053438285727660073e+00
4.244315015321510565e+00
7.888315389279729750e+00
6.222312504936125421e+00
5.991945325045669790e+00
7.422686523234983902e+00
7.230139780604017297e+00
4.160181451988436585e+00
3.849984940057860072e+00
7.708809084916640408e+00
6.805926195767681541e+00
3.016546241405419160e+00
1.537302443633031590e+00
3.225357229465887876e+00
5.269847326529728093e+00
3.116733169798915792e+00
6.410645940320240932e+00
4.491111036432593018e+00
