1.368992959626684325e+00
2.409196272504300573e+00
2.068425060983059005e+00
1.739553951138445687e+00
1.523655091217041457e+00
1.814676618520802753e+00
3.883997653340867107e+00
3.763742789828605773e+00
2.567708788811593479e+00
3.313709425154220956e+00
4.683210981393997052e+00
5.137813955090798856e+00
4.881155830075165625e+00
3.368827918838602553e+00
6.510302020180296800e+00
2.334680726598658662e+00
2.277253960468321292e+00
1.910110739483894982e+00
6.605731097309901934e+00
2.883737241003658802e+00
5.697313831517138993e+00
7.880660192304551614e+00
1.195612519567278653e+00
2.041304011106977345e+00
5.732921792972491382e+00
6.653658794788327668e+00
1.031080440278424781e+01
2.819130176873100080e+00
3.828838911675213286e+00
6.257061909411322453e+00
4.604888282396654375e+00
4.911295543218401782e+00
6.462116090676070179e+00
4.353313040931515943e+00
4.639641133405594253e+00
7.500262935317071999e+00
3.395817516060126717e+00
3.498063158349365764e+00
2.651935235519585099e+00
4.105989153260209079e+00
4.856423073318632433e+00
3.881528483405652263e+00
3.941673703322486233e+00
3.484904887329175693e+00
1.609806991709838542e+00
5.260579241298738218e+00
1.615619218992959683e+00
3.398485583890657136e+00
4.616512122795489503e+00
2.549932604832417571e+00
6.310992363391137339e+00
4.989099067640748508e+00
3.243385995148561740e+00
3.000572916639006049e+00
2.277002100705896481e+00
3.149478586458284823e+00
1.933505105040578709e+00
2.932779315418882149e+00
3.450447022580875878e+00
4.384696366414399193e+00
2.219210608264185147e+00
3.456420137283086280e+00
3.988805115832155579e+00
4.608575569339717681e+00
5.288528109298400892e+00
3.496179945083963680e+00
3.356370241220915762e+00
4.628856815951037262e+00
4.570499220969393761e+00
3.081001143409362264e+00
4.761348070975397917e+00
7.937747111530676136e+00
5.240779438163960968e+00
3.628282518997845596e+00
1.128841045922220943e+01
8.272435763504935480e+00
1.796098380295490848e+00
2.319742335600339711e+00
5.221577912014192968e+00
3.715475345140717423e+00
4.275629545657836594e+00
4.938446365752732881e+00
2.642830226593378296e+00
2.502939262924821051e+00
3.335292746434627809e+00
4.544372725693444970e+00
5.757183598770671651e+00
5.721479703302996711e+00
5.356059763571428434e+00
2.856556071980266509e+00
4.628828092108126846e+00
6.360256551205960562e+00
2.689729107413546316e+00
3.197723703913093907e+00
3.148806291747654917e+00
6.283022806898499013e+00
4.424271740956321253e+00
3.657836497150271704e+00
7.301037663789636589e+00
4.924177144606758816e+00
4.646928054165629263e+00
1.181057218338180226e+00
1.715720028856307922e+00
1.516633004021729070e+00
5.625474440070414417e+00
4.658069780230158941e+00
5.972303379252128508e+00
4.642047943541490973e+00
4.266369259123210078e+00
3.448185303156635850e+00
3.290982897196263135e+00
2.641781720397573086e+00
3.216631276794323924e+00
5.939419741460947755e+00
7.051882071333047008e+00
8.080252526631001686e+00
3.993315859091225217e+00
4.675900617192264797e+00
3.504028574572754184e+00
4.373051725463914075e+00
3.145577490350818461e+00
3.382080540446285699e+00
4.769915282216707908e+00
5.578234096363128280e+00
4.622159456132806099e+00
3.774314202936512874e+00
3.991668646555538214e+00
1.312526514403763445e+00
7.276132402616928729e+00
6.004795575526566509e+00
3.103678287773819378e+00
2.780214182461926864e+00
4.407729508170360688e+00
1.305085236000117499e+00
4.200202651572483070e+00
4.406789230510648636e+00
2.064291484678743238e+00
2.911001902141156172e+00
1.756991363808560136e+00
3.234456947998383125e+00
5.259918527086313134e+00
5.624179143108914758e+00
5.677127996740606974e+00
3.129288542840481302e+00
1.885202534361048343e+00
2.286341730412414730e+00
4.107362224316029042e+00
3.342227707017040750e+00
3.593817277913175179e+00
5.430188127454766089e+00
4.449717423745599199e+00
6.822012993659383184e+00
2.105614893110305363e+00
2.112608507152265336e+00
4.096744173860496829e+00
2.896532262272878633e+00
7.571035838422424114e-01
2.172496870246597211e+00
1.993767185490021410e+00
6.888972571531626343e+00
4.411587800704150908e+00
2.206579269610381200e+00
3.196381645584475351e+00
3.562138677096239103e+00
5.353046371631968725e+00
3.595763245463245550e+00
6.158509404108339247e+00
4.352089315641815226e+00
1.828813081214525127e+00
2.286464116937304780e+00
1.087915221774803065e+01
7.213566677208741673e+00
3.934030166713815557e+00
9.830192235462778427e+00
4.186549123158826546e+00
2.383359026880278009e+00
2.255076719916214056e+00
3.945685849564684045e+00
4.742710707125350034e+00
5.448029497946219379e+00
3.315398238782056417e+00
4.955807960966803982e+00
4.310472972512580547e+00
2.407868085715817230e+00
1.378073448567582515e+00
1.961575730668982276e+00
6.701311132592969955e+00
6.618304880480865293e+00
9.454340828431728738e-01
1.260576123747664923e+00
3.417868309106629532e+00
3.608413280208213170e+00
1.254645787269132562e+00
8.821207291529051808e-01
7.366408845643777958e+00
6.306342176247674125e+00
7.306018135777872402e+00
6.820443795886953708e+00
3.936335930775284542e+00
4.513664888706847123e+00
5.944363886655134266e+00
6.431504222584323749e+00
5.332257340296832737e+00
3.471043800632085397e+00
6.532067768275434005e+00
4.341225264884930546e+00
3.723881517870606395e+00
1.851421086580268938e+00
3.226327470263111952e+00
3.266658256478017108e+00
3.795074939603972908e+00
4.489225846103654938e+00
3.776092135949209005e+00
2.567348351700224907e+00
4.475217711020657241e+00
2.534516597732327625e+00
2.213746170237087529e+00
2.942351921948650695e+00
6.908451503234195989e+00
4.529230145645742667e+00
2.214755202472430184e+00
1.752477201728779743e+00
6.462783977819876569e+00
1.993311952353239214e+00
4.454488773479592822e+00
5.201615766688865605e+00
1.389298847075958410e+00
4.802224239940874995e+00
5.105364364965179647e+00
4.691998133492949030e+00
4.723593842115528574e+00
4.690160216642141222e+00
3.451320620759654734e+00
5.319830707809177994e+00
7.193136053586488110e+00
7.223201828667447089e+00
9.495704491935059721e+00
7.213278455251219690e+00
8.355219878135150324e+00
4.875106260644437306e+00
1.217407624177221948e+01
1.489948895068373247e+01
1.484518884196420352e+01
1.424942126884339011e+01
1.453242230626404741e+01
1.600726025730257263e+01
2.711149319609406660e+01
2.566364854207490254e+01
2.344763766499616153e+01
3.214308514553757590e+01
3.456023355653916695e+01
4.467072799351257828e+01
3.982098831893569724e+01
5.088416207638181277e+01
7.908209169934099236e+01
8.140448644404791878e+01
7.894581945804993950e+01
8.860043880748509082e+01
1.015149868004446887e+02
1.045861943663934142e+02
1.244349219487631331e+02
1.406348596285502310e+02
1.773948909783323415e+02
1.868513132396591629e+02
1.906418394877992455e+02
2.456997402817407590e+02
2.414498013758916102e+02
1.146282750139917823e+02
1.498554732381043308e+01
6.298711384793939771e+00
8.072364433131982153e+00
9.296123959387017521e+00
1.015414673590426808e+01
4.018175152797780925e+00
6.509082095938505397e+00
6.569301790468374591e+00
8.526501495551807253e+00
7.310544872155507079e+00
5.449077970337497412e+00
5.403513174555250487e+00
5.178100394810748242e+00
3.612151923438220447e+00
5.867437297285943210e+00
9.835165009958267035e+00
1.569044424934981663e+01
1.316537175736586107e+01
1.351690304117336794e+01
1.709017881871654865e+01
3.004752108818818002e+01
4.097836317331903189e+01
2.356541982600439056e+01
2.552291886392662335e+01
3.311111469770481364e+01
4.618227743344859704e+01
5.800957377304871443e+01
8.045880334560690983e+01
9.107669265441012385e+01
9.390421113761865968e+01
1.077996855995836682e+02
1.242372343551711680e+02
1.517713324899037559e+02
2.011449550970360747e+02
1.827856949608008676e+02
4.664119529281821741e+01
7.637384477622384260e+00
6.079051838430424404e+00
6.902832415781257502e+00
6.445735146424941497e+00
1.941814116850923755e+00
5.112939228697488403e+00
2.869634675550577718e+00
4.540647950646296671e+00
5.048413242113036326e+00
4.167394206040794913e+00
7.732251257433656377e+00
1.347998865174788286e+01
4.275123672539917763e+00
4.451744164835614193e+00
1.406740521441195213e+01
1.484413370332854498e+01
1.270622397043406693e+01
1.429946494078611607e+01
2.286087935660468773e+01
2.588653425432311295e+01
2.917376994516411415e+01
4.495964793183455299e+01
6.942627619023296859e+01
7.449782995513376704e+01
9.302574835619805071e+01
1.000759483330082134e+02
1.270538766814208884e+02
1.685063294188522036e+02
2.207403150253052786e+02
1.919980219616961108e+02
2.717980175872310866e+01
1.936491554360231859e+01
7.739367983536610929e+00
7.835583648319658145e+00
6.412328904809485586e+00
6.068742658908145238e+00
5.304443574267270201e+00
6.741472698304087352e+00
7.234245344605533035e+00
1.256460524829294911e+01
9.944197783668471402e+00
3.171881121309737761e+00
7.168370471614059269e+00
7.674086940039594573e+00
8.449737066930754992e+00
8.690927979097040179e+00
1.345578435365495551e+01
1.178212050227648255e+01
9.749437408538053518e+00
1.503943020367707284e+01
1.340037317923940741e+01
1.511482902834977793e+01
1.587226539876487585e+01
2.103338036575796721e+01
3.239784558890900001e+01
3.801888806958558575e+01
3.362431777969030833e+01
4.004323806831172305e+01
3.951745571569182403e+01
5.880322706666332522e+01
7.929184342044852940e+01
8.421314847014463112e+01
1.122869262760533786e+02
1.124177699942605955e+02
1.316177898938764201e+02
1.667646628193079437e+02
2.034005482959676385e+02
1.037963573236401231e+02
2.616914264385875555e+01
1.125590319067953970e+01
8.368689011298087621e+00
8.259936556457400769e+00
2.542393125176827251e+00
1.970656259757232576e+00
2.695386580907130458e+00
2.297028584753169067e+00
8.166406125826560114e+00
8.408079032908037931e+00
6.704034579346832778e+00
7.663978123589909153e+00
8.131801450126141972e+00
6.192039098689970267e+00
1.055985825637210773e+01
8.997615761183814342e+00
1.170944311912708713e+01
1.391733236795763062e+01
1.504994696913686170e+01
1.554033042887203209e+01
2.180118369354578789e+01
1.957237589265196931e+01
2.414213208200143157e+01
3.148854427788726085e+01
3.593199935472269857e+01
5.058658173249041567e+01
7.480132561772256850e+01
9.114568793481318210e+01
8.971960450820623123e+01
1.195845610153592844e+02
1.320606142069343036e+02
1.780898208471592739e+02
2.272041803732433323e+02
1.916142721556470860e+02
4.784490575421064307e+01
1.327762613030114558e+01
8.259607732494389509e+00
1.117534183824341021e+01
5.743979792368565818e+00
7.729360400822767652e+00
4.591878808374585397e+00
5.687912178054561174e+00
8.043167561035430069e+00
4.816315765126876869e+00
1.055015552638167975e+01
8.423885884136701918e+00
5.327361184240228198e+00
3.146719921964585165e+00
7.940938625639782700e+00
6.502868828234451115e+00
3.697515177805875020e+00
3.516369385936563674e+00
5.772291121248094292e+00
7.743440578179735745e+00
7.412525449187373994e+00
7.912211120077199844e+00
6.332075218674876105e+00
4.972322335834691742e+00
1.402656387759363632e+01
1.041803795067468741e+01
9.297945249116072119e+00
9.787793613424641492e+00
1.350408683526627307e+01
6.017509733409559303e+00
6.218136453894714144e+00
6.236396347236320636e+00
7.893711674956010782e+00
8.969484730275127049e+00
1.531021204576613393e+01
1.246539542289052882e+01
1.154202151072430738e+01
7.386682450197046279e+00
1.364641868377911216e+01
1.968367747025257231e+01
1.743862363866252707e+01
1.271070633719167553e+01
1.757957775411461654e+01
1.542323640015450437e+01
2.830511918842884356e+01
2.746170255627147228e+01
3.326981556614322244e+01
4.668054825231038052e+01
3.845894855147321323e+01
4.341236951400044575e+01
5.070462180618800119e+01
5.589942538441439979e+01
5.173971374234761811e+01
6.382345141376063680e+01
6.954076619693488226e+01
7.649630320697922059e+01
7.795172946033338235e+01
8.684760383412860563e+01
7.977534305002848214e+01
9.871023832729210312e+01
1.173375904037530972e+02
1.366380582967543091e+02
1.324662234731716524e+02
1.316756041890050142e+02
1.674197162086151707e+02
1.979325888069698749e+02
2.265652712208697892e+02
2.358890135147019009e+02
1.631936269756293711e+02
3.668948406029422671e+01
1.093210586393668216e+01
9.161815653108618562e+00
7.124234238991718371e+00
9.319089112351266024e+00
3.942918797970662137e+00
4.695048688456324726e+00
4.017276621125408731e+00
4.657128576016225097e+00
7.285947003991310567e+00
1.096344318513799898e+01
1.200080116313978174e+01
1.196423412706719702e+01
1.005557893852778406e+01
1.302069830218692026e+01
2.175668229843433465e+01
1.552356054496769389e+01
2.964374544241968934e+01
3.165092501323275442e+01
3.344091645574282978e+01
6.455611146976978887e+01
5.505639147286491664e+01
7.388285649662077503e+01
1.119540215680339799e+02
1.397996602449669297e+02
1.731830590376267196e+02
2.040981326705388312e+02
1.540785608624302938e+02
2.097226657135581007e+01
2.885320102521172991e+00
2.983457461774132291e+00
5.346782740023738434e+00
8.239089768319676210e+00
2.386339585833923582e+00
2.863584499263963412e+00
3.063199179548899753e+00
2.364261247688427048e+00
7.793674097966169612e+00
5.394606603081345320e+00
4.588265649482998754e+00
8.012484076519934106e+00
8.383638250713829621e+00
6.294855341426928597e+00
4.205023917539546296e+00
2.702708669860468760e+00
4.382624034561120929e+00
6.360186911363294726e+00
5.856283948960270713e+00
6.707216800816924618e+00
9.941772853971874824e+00
8.332412707717290701e+00
8.347331319103838965e+00
9.777498847858430153e+00
8.486094607519191868e+00
8.076877936944502068e+00
1.126374957011301348e+01
9.999923201909949100e+00
1.177609733410498727e+01
8.859536293168998711e+00
1.102759959543475077e+01
1.415440897566817036e+01
2.058190416652423593e+01
1.913969201115468977e+01
1.462052678008165252e+01
2.327550465003097813e+01
2.370670186909289612e+01
2.569332103887525420e+01
2.386571719770338973e+01
3.396156333390720050e+01
6.102613624753254129e+01
5.934637375497989353e+01
3.696500617791558341e+01
4.509916601763029576e+01
4.623870120843746179e+01
4.898724907516566418e+01
6.680000321245169914e+01
7.734661209567333628e+01
7.880050652033780523e+01
9.426401893441406799e+01
1.099162293280868425e+02
1.066424522691498424e+02
1.223564614874626955e+02
1.459457049504716224e+02
1.451408635966505187e+02
1.666776911955116702e+02
2.529480130165187859e+02
2.601739609180833099e+02
1.703227693228951125e+02
2.956429662828027460e+01
1.157906127011424147e+01
6.137933393954315697e+00
1.437204249175291437e+01
5.692009930703520126e+00
5.774161651189064770e+00
3.314460663194222168e+00
6.896269725004319007e+00
5.743146703737419756e+00
6.035038278964207414e+00
7.082620151534411157e+00
5.414176672450532912e+00
3.831525717989085145e+00
3.117708812893992043e+00
8.657583658746414557e+00
6.939583487977730059e+00
1.095128004099248642e+01
1.056297269392508831e+01
7.314899865398944101e+00
7.664457505582445762e+00
3.307280143265305394e+00
5.340137163127314679e+00
6.918879184521179226e+00
5.537440799952884518e+00
8.173047909662029653e+00
8.225517152935356791e+00
6.664430483984954634e+00
7.190994963870513956e+00
8.004735431535472401e+00
6.767762674432066028e+00
8.168509071729438631e+00
1.609744403484053521e+01
1.177375175225862591e+01
1.637257067342267547e+01
1.225496434293592252e+01
1.481832627477358599e+01
1.737697433269079994e+01
2.683372157775664490e+01
2.146205952502682024e+01
2.719750011054083316e+01
2.523563611917968785e+01
2.597492079645553531e+01
3.150495546131575253e+01
4.458758906379084408e+01
5.487120577611391070e+01
4.768501313435708511e+01
5.111651316235553821e+01
7.492698937463669040e+01
7.469020520171099520e+01
6.762750545008593406e+01
9.815857075180868208e+01
9.787244662022401087e+01
1.282962687850140640e+02
1.183964435621940652e+02
1.254043867452127472e+02
1.634550881239905777e+02
1.671672732096979530e+02
2.283100514776992043e+02
2.323114843508579384e+02
6.299844888983351865e+01
2.403458756210518033e+01
7.412497991172383394e+00
1.005639480835773192e+01
5.324529743027897055e+00
4.746100355196069209e+00
1.146844255397358303e+01
1.062592355343266348e+01
4.659006150900512289e+00
6.966403604708248487e+00
4.442039403409533627e+00
4.795705406598554710e+00
1.379867637505043731e+01
1.687083469308952743e+01
2.405474555656022773e+01
3.024056759792382110e+01
3.581538190228944529e+01
5.454275804017967744e+01
6.896856320409642649e+01
8.948985219405136604e+01
1.211367370257957674e+02
1.398028147216359685e+02
1.899873191740538232e+02
1.488236346720615870e+02
2.752365802222544744e+01
8.945674064308775542e+00
2.030538107483251142e+00
4.586456034558024975e+00
6.620914702587267442e+00
4.698684407239550609e+00
4.059552584408822717e+00
3.800020209711339803e+00
5.429526910417723506e+00
8.135525213444797288e+00
6.613901603305154531e+00
1.071016072291624610e+01
4.671542876051483439e+00
9.475723881205153631e+00
4.215352630591608474e+00
6.682290732763480179e+00
3.635711250524456428e+00
8.174429599113038236e+00
5.952310839718603752e+00
9.812010458021312331e+00
9.778349686276424535e+00
7.299108556951909854e+00
9.143617285989757093e+00
8.294528590856971917e+00
7.534778118909981615e+00
5.549008471792015840e+00
8.293408387107476187e+00
1.178457179145345712e+01
1.715709979313691136e+01
1.948445932912649070e+01
1.581330587574051094e+01
2.270527222942623524e+01
3.526560503337253749e+01
2.860671613750292153e+01
4.343061961559710227e+01
4.252333927678037639e+01
3.381997044164406674e+01
4.681623185266686704e+01
5.559738704727912051e+01
4.970596921547271307e+01
7.303349228483858724e+01
8.436089146843218600e+01
9.877870559869501221e+01
8.118494973659468883e+01
1.197015722052586142e+02
1.610883353328374596e+02
1.456794875266677138e+02
1.574735009801801198e+02
2.109509190358022863e+02
2.388270976110779316e+02
1.401340535148401045e+02
2.796108614316834817e+01
7.699710782871628467e+00
6.028659909444133547e+00
1.254617360500008516e+01
9.383032631728067230e+00
7.995672533819996985e+00
5.547587885193491886e+00
5.974654501520285876e+00
5.008857047481776625e+00
3.065090585047152594e+00
3.232057491058982102e+00
3.059966519643046112e+00
3.218231466732011992e+00
2.574763649075793470e+00
2.332332705924860861e+00
3.071206099876770512e+00
4.832275235619770015e+00
6.506101468012291278e+00
6.744583401238724463e+00
1.187429983465540673e+01
9.509369374032932143e+00
4.370695702018119633e+00
3.772726121596533311e+00
6.515261292557727124e+00
9.216924951046278736e+00
1.169597890018912700e+01
8.083639413636930726e+00
8.729814235863706529e+00
1.574752920016365643e+01
1.223861358933256227e+01
1.511743306325658587e+01
1.620685410751969258e+01
1.545776184101120521e+01
2.513411721160353096e+01
2.801105718685137091e+01
3.671625224134704979e+01
3.317666676771843726e+01
2.974920421461919418e+01
3.106039461267297241e+01
3.985837209675039361e+01
4.738796862576596425e+01
5.820895720944644580e+01
6.572418182841136058e+01
6.219364045209989911e+01
7.579112103334597350e+01
9.956680862917465902e+01
9.301087603089841593e+01
9.525296270846436641e+01
1.013755230128324030e+02
1.372527826886790479e+02
1.579744249433823313e+02
1.574548885179709430e+02
1.594107393445997616e+02
1.907246573922104460e+02
2.224418219533363015e+02
2.473246098479889952e+02
6.822010911466540506e+01
7.841815765051234344e+00
3.270496280066378159e+00
8.395853391928667975e+00
7.889690151360349013e+00
1.035187611644697370e+01
9.181747789946404836e+00
4.773686016881377725e+00
7.920937207202063846e+00
2.959573171720924822e+00
3.313596517009262055e+00
7.759578264132778180e+00
6.219964416074629021e+00
6.324497172151835045e+00
6.901876714214100872e+00
5.647943902127658511e+00
6.067332584213736446e+00
9.118214167877576770e+00
9.309587098980609099e+00
5.660918582674075772e+00
4.531125522091395297e+00
6.485415533515156206e+00
6.859123305662444103e+00
7.904770123912313373e+00
5.899753647430477699e+00
6.743050799473742529e+00
3.294343223451179359e+00
8.782433357910548466e+00
8.340363417369044186e+00
5.391940994649273122e+00
5.193718268239738478e+00
5.256209218278101503e+00
3.976539590366036325e+00
9.082980677228631450e+00
1.189525531334516550e+01
6.981986364452631655e+00
6.651015563572526545e+00
1.262484532099519896e+01
1.184596084611256472e+01
1.166189981806874165e+01
1.464486207903549442e+01
1.739147861892521618e+01
2.753031189735948203e+01
2.838615950060268034e+01
3.616681994761832897e+01
3.269232638339038743e+01
2.869637730103478646e+01
3.419538064426585322e+01
3.357803038320678013e+01
3.285226163051009252e+01
3.746313794689516641e+01
3.918304756937629918e+01
4.326201257103422648e+01
4.459267126368298051e+01
5.105704830165388586e+01
5.174449782458661673e+01
5.347027782410063423e+01
8.254782060890350692e+01
9.120661012851282123e+01
7.379510835606619423e+01
8.792938080175851212e+01
1.155597261221472678e+02
1.096982998657812374e+02
1.083050282873997929e+02
1.251816910347893383e+02
1.628794722838858036e+02
1.686427637403286610e+02
1.835573278027397635e+02
2.420573642710282058e+02
2.210787342170175691e+02
4.500904749406332428e+01
1.068147127871051083e+01
9.012053519306922666e+00
7.986171248808759948e+00
5.988511532592945663e+00
6.965555420403901188e+00
3.215806239883441275e+00
5.802166398218777665e+00
8.782824969811152016e+00
5.088848588013569874e+00
1.201380885228233275e+00
7.272055755737826921e+00
9.066926157386099305e+00
6.256925001518364837e+00
7.288299941658373804e+00
4.544924406933529504e+00
2.781845106607417240e+00
7.243372974607265036e+00
7.079106774707028649e+00
9.227271103780712025e+00
8.497008566793477158e+00
1.594613102067520138e+01
8.468598146938541404e+00
6.350678287251494858e+00
1.039631547469619655e+01
1.138799292674730168e+01
1.740806306091861089e+01
1.359929198073409040e+01
1.287551762511141717e+01
1.907398095234234603e+01
1.714225087129667813e+01
1.401686350145224935e+01
1.444545604926948990e+01
2.704199173223005914e+01
3.258795249614848188e+01
3.474023847771623252e+01
3.027123859157854469e+01
3.131957587389082676e+01
4.488218541912580406e+01
4.278854472699583056e+01
4.831917144417003129e+01
5.820608343998993206e+01
6.991343002717519539e+01
6.883362923402872013e+01
8.524253781624332760e+01
9.896194501556287548e+01
1.048600152943861872e+02
9.618198931703530263e+01
1.077468771831301950e+02
1.436522611317572284e+02
1.681832407996347172e+02
1.494597553338140870e+02
2.036783113344617107e+02
2.459579879371179914e+02
7.196971418574959500e+01
1.197979466625606548e+01
5.658201207760735763e+00
6.704769388604550073e+00
5.836972665397229143e+00
6.903237798942422287e+00
4.071045472674494903e+00
5.918512128840295539e+00
5.631356978256797596e+00
6.216907019784502886e+00
5.699331951476418467e+00
1.163795337435007848e+00
2.151403298405576869e+00
7.227502619721958510e+00
5.965281837901575734e+00
6.006753399790815351e+00
7.374795265421288271e+00
2.464514835599533438e+00
5.128477922382882248e+00
3.434831400599997586e+00
6.807961218200406783e+00
9.333255218999680025e+00
1.110783476393218194e+01
1.625298503819780649e+01
1.706292764151859487e+01
1.483728983363995546e+01
1.416449841011741029e+01
1.523150569875077487e+01
1.164029364668810906e+01
1.243511868435085432e+01
1.256679585164908630e+01
2.658824405083548470e+01
2.015977140542717194e+01
2.444556394917320574e+01
2.790501802256455122e+01
3.010674464071383127e+01
4.334182653467889423e+01
3.984894578317800296e+01
4.386988458205568264e+01
5.103461975072422518e+01
5.257848512131835150e+01
7.308418484771246426e+01
8.175402198800921383e+01
9.207517970843760224e+01
1.060534751001602132e+02
1.103675634547414148e+02
1.388944632154725980e+02
1.530960085658894343e+02
1.670284524239744428e+02
1.865052098625584733e+02
2.375346088838878700e+02
5.628995623511773516e+01
1.725883043084230906e+01
1.050621370754679518e+01
1.001989110099772695e+01
3.843192085554748338e+00
5.546961696866962832e+00
5.664910824887495977e+00
7.693940090247209262e+00
3.057714260661719585e+00
2.573444653508960123e+00
5.390441042887560208e+00
8.648304777110990216e+00
5.871326953677579397e+00
5.034743392309828813e+00
4.120248786600964053e+00
6.541474417219253823e+00
5.277802407868901646e+00
8.069105962973990742e+00
7.507291003094208826e+00
6.341901583248408691e+00
1.166163142236206163e+01
1.433463647593720935e+01
1.745197809151225599e+01
1.698929978319336698e+01
1.763581778007979395e+01
2.112568397736648151e+01
2.476985000949899529e+01
3.197838167426999689e+01
3.170817846815259955e+01
2.871796839716172300e+01
2.981045522434893513e+01
3.937505849163390081e+01
