1.937774983694696029e+00
1.456720149454530100e+00
2.055567173260842484e+00
1.492278077734984221e+00
1.749754636572758537e+00
2.550695018600718456e+00
8.626617864022227522e+00
1.203797895895726455e+01
2.615707925369621378e+00
4.231508460425057017e+00
5.045310041513697108e+00
4.782945656675685164e+00
3.990331737803053169e+00
4.610307171145509919e+00
3.300342969617402034e+00
3.268344129669901399e+00
4.624841898027128195e+00
5.179234906084070111e+00
2.156533614577898383e+00
3.100932520680808935e+00
3.622580184267060854e+00
3.482234878292026714e+00
1.690356064969845695e+00
2.613036911630148840e+00
3.405031547046920348e+00
2.248632709399087215e+00
4.105499922772215982e+00
5.051073971816911090e+00
5.224895660518661167e+00
2.996503433965212793e+00
8.461405874645029357e+00
4.919454976271456559e+00
3.331335404362544494e+00
4.222282607504561192e+00
7.992507644843451331e+00
3.675193978147322849e+00
2.516008383653526526e+00
3.949493634156360677e+00
4.264919103589495109e+00
4.686618021162006542e+00
4.008181064437433605e+00
4.269047337201974379e+00
3.092991496350630864e+00
1.402753108945470339e+00
1.531489892220453397e+00
1.298333619699273411e+00
3.998995959809431344e+00
3.082148434884635080e+00
3.134632580666386392e+00
6.765217942361588577e+00
1.749656016014892179e+00
4.414223480499129160e+00
3.329599573312080452e+00
4.205931892537615013e+00
3.213388143304120259e+00
4.893543228886938934e+00
3.446315622809956292e+00
6.945359483023597846e+00
7.198677929520086671e+00
4.457499613190374355e+00
4.305111144303159776e+00
1.434618256126743097e+00
3.382857791297311678e+00
1.291082737823729731e+00
5.054972517836675117e+00
5.068049991661948361e+00
5.230640876576438281e+00
2.985986533400825316e+00
2.039014202720764501e+00
2.826057801399794567e+00
3.880694846924964025e+00
2.430682652320895087e+00
3.080105457580059714e+00
3.629155574672839446e+00
8.362976409186858362e+00
5.477595920893512549e+00
4.680068975820064203e+00
5.643764952307740224e+00
6.395806139012495173e+00
4.905076944201319122e+00
2.046367209098917783e+00
2.671036959597686167e+00
7.918066799445389492e+00
6.848185225129712173e+00
2.531751201873743806e+00
3.879326588795608988e+00
4.155262425726943931e+00
2.207233525412521935e+00
1.624094691321579687e+00
2.517231015751720147e+00
3.353712303424390750e+00
2.008733510965673208e+00
6.945384994460636285e+00
4.356360080802230250e+00
4.191274330736937337e+00
8.179253087543091993e+00
7.158465156099454774e+00
5.042160961988638945e+00
2.695509775763478721e+00
3.139094567162850957e+00
2.608353580048721643e+00
3.969429195082896822e+00
5.106478456115141284e+00
4.098554025542260781e+00
9.293099884186304394e+00
7.857784131637432168e+00
1.592370136099175770e+00
4.484086579436987741e+00
6.414578561865623030e+00
6.049615821215770239e+00
7.361959413589982404e+00
7.497227404049570332e+00
5.009390199155721923e+00
4.404718135946549040e+00
3.354769231895056159e+00
3.703927078891295910e+00
3.049891400431120392e+00
3.480208817808954525e+00
3.594907122150678536e+00
3.021806419250240516e+00
1.061559646809827662e+01
1.086959468583168231e+01
7.945611997162513873e-01
2.519197878734077189e+00
3.397837430819584892e+00
2.438803056496895660e+00
4.884299340730223982e+00
5.550635765563911583e+00
4.874770642471992765e+00
2.755084030820051044e+00
3.684381050264193824e+00
5.235903652502098993e+00
2.027938401770729815e+00
4.730709340420901299e+00
1.690195604044850475e+00
2.047941286350967172e+00
2.567131551842928516e+00
7.623150057833470994e-01
1.954517235677329046e+00
2.613185461176641855e+00
1.000417993206045253e+01
6.047582725078140875e+00
8.900857458512696496e+00
9.550927117901483854e+00
4.529142539432317704e+00
6.533135420494064149e+00
4.580255553025871507e+00
6.374805802642725006e+00
5.572364000816317109e+00
5.118357646669049466e+00
4.329393661102292512e+00
2.865266414110743565e+00
2.850260555220533121e+00
2.544955431614100316e+00
3.293691096933480278e+00
5.102600092623938544e+00
3.352084207740600341e+00
3.684288947399913194e+00
7.336783239051754002e+00
3.529327542565639408e+00
7.033319584469174934e+00
2.367122058821316433e+00
9.381208218722667525e+00
5.077056078320401511e+00
1.933534263471250680e+00
2.935435009723949218e+00
1.781649975564358224e+00
3.927814038559535703e+00
1.450639584047940911e+00
2.979695968276943496e+00
5.763423650233453266e+00
5.323094646108851080e+00
2.322421896478601422e+00
9.746685601677235411e+00
9.451908999989136362e+00
3.464443291180985707e+00
3.118459888631185617e+00
4.524251828826217015e+00
4.191239389330546850e+00
7.211392063670594155e+00
5.158724209233029434e+00
6.607029671157920170e+00
3.809953246680531258e+00
5.223045548181486808e+00
6.763087226065368718e+00
5.309041027503105248e+00
1.040072283524166430e+01
4.436820211915138756e+00
5.581196577655037849e+00
5.183214662702115838e+00
4.310070766057809699e+00
6.885519805743805399e+00
4.905043555918077836e+00
7.985328386715745630e+00
9.114926490953653371e+00
9.957613768700126045e+00
1.255948363418501579e+01
9.315470101815126469e+00
7.430161120841681566e+00
5.771623171111486705e+00
1.129736626257202659e+01
5.597028784892740028e+00
1.172580559281036372e+01
6.069309968480609108e+00
1.096296966464224631e+01
6.456152807111008585e+00
6.362212449077987664e+00
8.639092123852517346e+00
9.310588115765019879e+00
1.247950050723638782e+01
2.000139175805591663e+01
1.767581359779793004e+01
1.743523945264615449e+01
1.475425710709995109e+01
1.659681347054355172e+01
1.434375300817873722e+01
8.244791022824108140e+00
9.403634104377303515e+00
1.137683342556266375e+01
5.863490158308653832e+00
6.755484764264008568e+00
9.136630048905104218e+00
1.003798330532393024e+01
7.920716512255947528e+00
5.431063913083135297e+00
3.331678821257379131e+00
6.664972790722379692e+00
7.313385615182244059e+00
8.123623370441382718e+00
7.118683574725159779e+00
9.941622575239302151e+00
7.511973840273875602e+00
6.378177037161322893e+00
9.820920848856511398e+00
8.074571564510517163e+00
1.061902977426572647e+01
1.169324731561648889e+01
1.273317441497803415e+01
7.146588636123343719e+00
8.288813920780029321e+00
6.750155112783531308e+00
5.971932907476964481e+00
9.471164834668224231e+00
1.157662373092197505e+01
1.350369618171687236e+01
7.580375313234999801e+00
7.479823498431533046e+00
9.867878525834335335e+00
9.367676537365992928e+00
7.090658304014230140e+00
6.391452409600510975e+00
2.928447964989903785e+00
9.843888383146001786e+00
9.031974150015892988e+00
4.730818455273080758e+00
5.869836102663268385e+00
1.918780337979002049e+00
3.549685889608655831e+00
6.120113054478077963e+00
9.105941393821339602e+00
1.368044385353047154e+01
1.626086619699725588e+01
2.014610874642874450e+01
2.093692456384123446e+01
1.654969953412036077e+01
1.372450021752083948e+01
1.333239669616129497e+01
1.316183517527529467e+01
1.639862045847126737e+01
1.621922750425413895e+01
2.685066747030550971e+01
2.500400503830451981e+01
1.895291464829259453e+01
1.697224339873096710e+01
2.345064758292230422e+01
2.213675943980615202e+01
2.347147001849682724e+01
2.278759511474518007e+01
2.059279400760776468e+01
2.168556226903000095e+01
2.811114776373733903e+01
2.452262075922231688e+01
2.968627834803508136e+01
2.574822482721643979e+01
2.918430814976611032e+01
2.370145014772480607e+01
2.520844490659543169e+01
2.377316191192326400e+01
2.646414804324851389e+01
2.582249569363055741e+01
2.405299462574477332e+01
2.336373670183515117e+01
1.456463014582671711e+01
2.034207064686666655e+01
1.822791560862552984e+01
6.813576782750553562e+00
1.109061951254442668e+01
9.626569525430932472e+00
1.304421861607606736e+01
1.404509247999292931e+01
1.128050128220552217e+01
1.061820144658121912e+01
9.100787684237470643e+00
1.130760998216216784e+01
1.603378542072650959e+01
1.002533076308945503e+01
7.666358866698243624e+00
1.223574715504803834e+01
1.060160100866205823e+01
1.052708243618466888e+01
1.010751259985273265e+01
1.132961315217475473e+01
1.024525734090115670e+01
1.491087657309948611e+01
1.318067253791828186e+01
2.121105031079211045e+01
1.725771850552902720e+01
2.223949067029930049e+01
1.373071625624717562e+01
1.684164546911499016e+01
1.572871698898341997e+01
1.304907397445358264e+01
1.373767840380555327e+01
1.528196927244201220e+01
7.992602578407074887e+00
9.731640554653624875e+00
1.320932696256215877e+01
1.454999190172088852e+01
1.291483229964405766e+01
1.367268470241976175e+01
1.804475664134178814e+01
1.274480832022106647e+01
1.605280095655202999e+01
1.636715280823316832e+01
1.827039702233051699e+01
1.428296714692699076e+01
1.391182283127688990e+01
1.185264035024805551e+01
1.122137060288100230e+01
7.502302580665331178e+00
5.218722107285170608e+00
3.405595496032892022e+00
9.123320080412065991e+00
1.116174024853492774e+01
2.764260222002464573e+00
3.108390192166595956e+00
4.458540031049560426e+00
2.034206720320960837e+00
4.462224633212538372e+00
4.798175498923368032e+00
7.506590332317337300e+00
7.097060499040768633e+00
3.440724976160316473e+00
8.258511461130703779e+00
5.116904312578574476e+00
8.463071869822215376e+00
7.816707279160575617e+00
7.025825703599505978e+00
1.169945800851042073e+01
1.171190016104732834e+01
7.715437568799718093e+00
7.188683290902154077e+00
7.978777693066402499e+00
9.897196856714828073e+00
9.775248916654804887e+00
6.517269124445019379e+00
7.257076456914543172e+00
1.116095030618667217e+01
8.612348656174619421e+00
6.269963666382190937e+00
7.916842378992339668e+00
7.576640701231347030e+00
5.011768998875385073e+00
4.725853888690742188e+00
4.047164118092284824e+00
3.161661408324002220e+00
6.084067465669700248e+00
5.227053986874197200e+00
4.504697310558754886e+00
1.244680167681476313e+01
6.273801364274919301e+00
5.894357318172587235e+00
8.362177119025915317e+00
8.381874538687627663e+00
9.740627213373949544e+00
1.052099722872247156e+01
1.212100076125999415e+01
1.179447644209701451e+01
8.487923316242463656e+00
8.560358499536485866e+00
1.100207493301131301e+01
8.547118880452055478e+00
7.906005232272003802e+00
5.430462244558638574e+00
8.216587496198718199e+00
4.350305262640877579e+00
1.058475686162013396e+01
1.218248450735632460e+01
6.639011286434558734e+00
9.354499907109465440e+00
1.038569244076166243e+01
9.637062587553726800e+00
9.318102431156912502e+00
8.940626521934799342e+00
1.055671776727604616e+01
5.317686694451393414e+00
6.169815457228082778e+00
4.046307672140016187e+00
5.593383436034586431e+00
5.527111322806091742e+00
4.040865356400854758e+00
2.798281568058521351e+00
4.693340781956281127e+00
4.876896665352147942e+00
6.490505190023890592e+00
6.473824390745814839e+00
3.462270658383099331e+00
5.926016309031111540e+00
2.654071559983398387e+00
3.297580803267321059e+00
5.349805880390769097e+00
3.908403575965945009e+00
4.614783141825905766e+00
7.844858608085520046e+00
6.296124390933774961e+00
8.176981399451506149e+00
2.902292871259855467e+00
6.607507881025816765e+00
2.594844756149697673e+00
3.498600894473889777e+00
3.520766139277370144e+00
2.956323243678366186e+00
4.186313519150069773e+00
4.597969138482552509e+00
2.346915212646024429e+00
3.272175963927672626e+00
3.295879681336099765e+00
3.697079919793584857e+00
3.812084662624746656e+00
6.897916810331315318e+00
5.894815093193077615e+00
5.595717149790636391e+00
7.099967995082586469e+00
6.544083630338499269e+00
8.520362979032483963e+00
9.516305617424132279e+00
3.105500034120967090e+00
4.513330334724127368e+00
4.988574455991631851e+00
5.549917105334698952e+00
5.262257581678336571e+00
9.283090973359151121e+00
7.105439903922620815e+00
6.722766223434243571e+00
7.393743577863199690e+00
1.046872317540384678e+01
6.837374103458942365e+00
4.369494760618453100e+00
4.046521683110606560e+00
3.077430063489236201e+00
4.515413606126768897e+00
2.311927833433679247e+00
3.609950796392458638e+00
2.763923510330818178e+00
3.989721893826226218e+00
3.843555723045519290e+00
6.942917910828234618e+00
8.662719039401332921e+00
1.032501383861303879e+01
1.091921374757361995e+01
1.116338131895516916e+01
1.047718700664147740e+01
7.970331332204827923e+00
9.192723451551314540e+00
1.113254762350471871e+01
4.619456865030524106e+00
9.899142241850096724e+00
9.457647231697354329e+00
1.614286319234091138e+01
1.791259377815671172e+01
1.051369325413098998e+01
9.175553053101655365e+00
1.002946131055654355e+01
9.299030961690055719e+00
1.151532287107511898e+01
1.298465789221097921e+01
1.100383071324016093e+01
8.283766503859810726e+00
1.078706486635658202e+01
7.988818586187805160e+00
7.128529671957124947e+00
1.003077958135434677e+01
7.884276778519346607e+00
7.085223011125599157e+00
8.113142919575411227e+00
8.743869835043323491e+00
7.739439575879474731e+00
1.020604755914441242e+01
5.717872927991127341e+00
5.403201032140708016e+00
5.873488444927191132e+00
5.625474610168947898e+00
6.364779196723122645e+00
5.323067066074394837e+00
9.053000222576001121e+00
6.179438077733624191e+00
7.038631719077713456e+00
6.538707633540266073e+00
4.687203048342142075e+00
6.408050429439445139e+00
4.061601404400091653e+00
6.138411612251661431e+00
6.512837597256768696e+00
4.017949979215985401e+00
7.059694241139305326e+00
4.457187455804861642e+00
1.386564446592436717e+00
4.063357740615376912e+00
2.953718374543628400e+00
2.697830471777214800e+00
2.642154577656192771e+00
3.978360782511829896e+00
2.660626786403477162e+00
3.920497345590685523e+00
3.273213544184456758e+00
4.188315185406655594e+00
2.529792930548512064e+00
8.030141125295697790e+00
4.901108112003933925e+00
4.386205742877775648e+00
4.371454505518304501e+00
3.572389812928941311e+00
5.438654497192964676e+00
4.832959993987138603e+00
3.990340566985632442e+00
4.108095817501233427e+00
2.023203463688531656e+00
1.974687302329727556e+00
4.076173230418793203e+00
5.750547319587020034e+00
5.644330268051795940e+00
2.827097657782049911e+00
3.101576566261493806e+00
5.710392711033874136e+00
3.344289238684936549e+00
2.515128985584434762e+00
4.673542677261060874e+00
4.123753255686823493e+00
4.539435546123382181e+00
5.517190023508106833e+00
1.107408746298759183e+01
7.202454207563460109e+00
4.698521089205514478e+00
3.798987274389251656e+00
4.352775874344952278e+00
4.607521951345556310e+00
7.923074279200737813e+00
8.593385475694757858e+00
1.000355203635178292e+01
1.214796068569975951e+01
9.499886612024843302e+00
9.033266509802915678e+00
9.010715989101655055e+00
1.186617291106668581e+01
1.180011592010486332e+01
1.065616047265082322e+01
1.459000978860039233e+01
1.499787244519657392e+01
1.539798622881117218e+01
1.486931347172373385e+01
1.702092480977379196e+01
1.684316521282834955e+01
2.079489198574001563e+01
1.687730106461898671e+01
1.548299545103670916e+01
1.521435239666776518e+01
1.394468639116254138e+01
1.500881733028156795e+01
1.147552965712063155e+01
1.126978146267867409e+01
1.040354411129206724e+01
7.348328253228173068e+00
7.142724418316039880e+00
9.278473111016056762e+00
8.554878978155079139e+00
5.799882728306387847e+00
6.605160946401317013e+00
6.831049903363424214e+00
1.231097071812362209e+01
1.144428366212664372e+01
8.758502668516710443e+00
9.506352885409141251e+00
9.877714613978428204e+00
1.264449623637370479e+01
1.802679545206344613e+01
1.418869672842182439e+01
1.500960161278607430e+01
1.859918298021996819e+01
1.861679405015544120e+01
1.697229230161524427e+01
1.103731686722433381e+01
1.148803203622577662e+01
9.147281704669804725e+00
9.373555753470657947e+00
9.050374355156639794e+00
1.354133339604364572e+01
1.476782168312259635e+01
1.757431727323374560e+01
1.740882811495953320e+01
2.073709216235157982e+01
9.427461749109133038e+00
1.331187598605751354e+01
1.877541976203759688e+01
1.686163058441277940e+01
1.929991218751161242e+01
1.054401003852544960e+01
1.323996505336542384e+01
1.316024126753757173e+01
1.071953143936932484e+01
1.221218315335275584e+01
1.611409099131174472e+01
1.427124281371010639e+01
8.374153951488938930e+00
1.150514935970483066e+01
1.069016118061838405e+01
9.810803256391171345e+00
9.631594385055334939e+00
9.556343415429381594e+00
7.442168214784516067e+00
4.004687621332363889e+00
8.241528580149573457e+00
5.043049903213229435e+00
4.634431600455703126e+00
1.371125687789863656e+00
3.173350492468181905e+00
8.011103992403137752e+00
3.246869238844880989e+00
3.994936823797827774e+00
5.971853656662671206e+00
7.603599737911061140e+00
5.676488631502087046e+00
8.956974728708859246e+00
6.708618902751080526e+00
6.144986807450365518e+00
7.989751731198402318e+00
1.141313718555884016e+01
1.151723524102560070e+01
1.072576487364899833e+01
9.588825156134973327e+00
7.567582269523746241e+00
1.637467554732592134e+01
1.100746879089439645e+01
1.858225593370379158e+01
1.976362362709458864e+01
2.164265590918709137e+01
1.342717702152838477e+01
1.870714439819532515e+01
2.121076705387657668e+01
1.908567349482457587e+01
1.929759004692918012e+01
1.793602409546089760e+01
2.209607355218898661e+01
2.155328093643139553e+01
2.033757588012069917e+01
2.316243717954678871e+01
2.054617834868766835e+01
1.296938497631677478e+01
1.170710450011973514e+01
9.993961234907645874e+00
8.755878542831258216e+00
7.186628558304498426e+00
5.244972866660553734e+00
1.204189089955489322e+01
7.321254953830058199e+00
4.275631955639368265e+00
5.096054629512712708e+00
6.535972193406379915e+00
6.491644473537669491e+00
1.119321972581315272e+01
1.277351240843048785e+01
8.708385788401933780e+00
1.203806596573997467e+01
1.698109231771874761e+01
1.215507995863218405e+01
1.648241940606566303e+01
1.243301413760721807e+01
1.020831759463635002e+01
1.019985260635902335e+01
1.330143516659341074e+01
1.651425669135145213e+01
1.940426147632899756e+01
2.338153953086280978e+01
1.790325207442662503e+01
2.347327630567308177e+01
2.804048275648449362e+01
2.304401282237119730e+01
1.918657117738780116e+01
2.165513115166815084e+01
1.589748786154671478e+01
1.892560966859710803e+01
1.172310073628397831e+01
1.043486934970288971e+01
1.662339597818793635e+01
1.445676715368515097e+01
1.792538833340717375e+01
1.762819233177967249e+01
1.582326784064931502e+01
1.729374946993170070e+01
2.185609522591607856e+01
2.168510896341840422e+01
9.812312496103650972e+00
1.266980719391766108e+01
1.275493494878122469e+01
1.081476792876759951e+01
1.220723199949357785e+01
1.655707116050281869e+01
1.304110024248835131e+01
1.316138253268104208e+01
1.665693844273146240e+01
1.720507785870392681e+01
1.425280751495050424e+01
1.634889847877175839e+01
8.208983198766283351e+00
1.099000515358071262e+01
1.104963441050206541e+01
1.069962307102287191e+01
1.178444866807683411e+01
1.137579193184569526e+01
1.753029851398806471e+01
1.563642562870216501e+01
1.256733792647349190e+01
9.626542324315630950e+00
1.377528058447807879e+01
1.236184212824089101e+01
1.100023072990534345e+01
8.393418273621414016e+00
8.277258795525252566e+00
8.487011736924584326e+00
8.743826934313322141e+00
4.768027379749775641e+00
9.840929998372375920e+00
9.982149677048521852e+00
1.128150964969981906e+01
3.906447894805903598e+00
3.978080294733033817e+00
6.342980729036251653e+00
5.515127858644570225e+00
4.559994499288470671e+00
6.178320773496039031e+00
7.890460715587313878e+00
8.941913584037585849e+00
8.211032690719983762e+00
1.048489782945848958e+01
1.063361737832155640e+01
1.191573147250586651e+01
1.313081402405626363e+01
9.423490124992470740e+00
7.751098262145425188e+00
1.017303252966944527e+01
1.311990691822179578e+01
9.181398907165451817e+00
1.156833794746291311e+01
1.195407812507959555e+01
1.196006007581244113e+01
1.375658729509715883e+01
1.438520697890692546e+01
8.917213325492552300e+00
1.297186412566135161e+01
1.118221914612114709e+01
9.991090354584338584e+00
8.856386719747678882e+00
1.236373635528128290e+01
1.109093284815721780e+01
8.361260270257490745e+00
1.109507496301236351e+01
9.569466378869947221e+00
1.077905999465059494e+01
7.133032740461895393e+00
7.815021300771538115e+00
4.944270658403735474e+00
8.066477969183326380e+00
6.343285964095365159e+00
4.580084733752638471e+00
4.622370488341911887e+00
8.711747657326720073e+00
8.375034979472362195e+00
4.706714864497569373e+00
7.604907722274756310e+00
1.446624597700764703e+01
9.064149883005569563e+00
7.254523831725351535e+00
7.306494835338499527e+00
9.067991292368519751e+00
6.581809212807904430e+00
7.832426327586550663e+00
6.516700632312979025e+00
5.543634560412534107e+00
8.532534617985428227e+00
3.721340324044469572e+00
4.179778303228403047e+00
1.036117192408655541e+01
9.034789023029096811e+00
6.586080059629943584e+00
6.767501311113622187e+00
1.047793951147505709e+01
9.277626472892020359e+00
5.473740743470732362e+00
4.950410642397199190e+00
4.683445708483001901e+00
8.683541699454510265e+00
9.418095812960892488e+00
1.043250567747204549e+01
1.200232946729856565e+01
1.413288296949898992e+01
1.525526871213334168e+01
4.601028792490914121e+00
1.198545581814365768e+01
8.589747676101579188e+00
8.854448906581453116e+00
9.325318822351224668e+00
1.225107431139310954e+01
1.149834663166542192e+01
7.125234206575666640e+00
9.215290024283188330e+00
1.224095900098091505e+01
7.036457828538333459e+00
1.093215578304203284e+01
9.881251817492753275e+00
7.615219449095580906e+00
6.151131548510621272e+00
2.932603050397421640e+00
5.128675803972620351e+00
8.305056217637218907e+00
9.668054619321621246e+00
7.013697853587785858e+00
4.448448900945666473e+00
7.013057667614006618e+00
1.481730216039599490e+01
1.152689567990363351e+01
1.438084842577430322e+01
1.351924866456870866e+01
1.399823908427042163e+01
1.397101098939651820e+01
1.117668134189241691e+01
1.650092960365430983e+01
1.630474078378989944e+01
9.578889201205010195e+00
9.714144679899828105e+00
1.011481674610692494e+01
8.280554454372934359e+00
6.705799405897583831e+00
6.369416168380696242e+00
1.013752479738975509e+01
8.855352116698485432e+00
5.548950998894271791e+00
5.909075432165776576e+00
3.841040536678204553e+00
6.522354802107212635e+00
9.278105311755963314e+00
4.877329958318496139e+00
4.788132384029021082e+00
6.647928504047738052e+00
5.462935819814307870e+00
5.750733431887415037e+00
3.899930540457247297e+00
7.998624094898214132e+00
7.764338715571868832e+00
3.817372091601453743e+00
9.150347979610524263e+00
6.174685143085035577e+00
6.564606243010188358e+00
7.172591005175903867e+00
2.778873460121203287e+00
2.695431293655836225e+00
4.281031764671145545e+00
7.435196862987823785e+00
3.790233921448272092e+00
4.911534821542935525e+00
3.474883436802929104e+00
5.193003675437259936e+00
5.278608987857971613e+00
6.064859534744198477e+00
3.378547197271302593e+00
5.553500154919404075e+00
4.614649438152631511e+00
4.236908237670677480e+00
4.529559496015999720e+00
3.279609563670202288e+00
3.231675952670240548e+00
7.062381198295135221e+00
6.647546231281265428e+00
4.999891147249072354e+00
1.053097838764644045e+01
9.429538058556907743e+00
5.709504178663536322e+00
5.213303396256291578e+00
8.401655017890606203e+00
8.482322131503401863e+00
6.131763037928860349e+00
7.305433455085895922e+00
7.684305916898832578e+00
6.913451921326104532e+00
5.183641127692675710e+00
5.078184621272606947e+00
7.441452047108773726e+00
8.161050529997027070e+00
1.008798683887771830e+01
1.416411531844604177e+01
2.029882407654931242e+01
2.298056831950486156e+01
1.965337330855182074e+01
2.291725160716292464e+01
2.097493494628852062e+01
1.987443133668691786e+01
1.628755309402653850e+01
1.102687693912871936e+01
1.306570514495586721e+01
1.139468513077457601e+01
1.211978693000465590e+01
9.346893434343288121e+00
7.435946910476382676e+00
9.271236110575911127e+00
9.565358263020593554e+00
7.318135184816753736e+00
1.631543882374718279e+01
1.286332618539145933e+01
6.877471066607870220e+00
7.798059043435343618e+00
6.760371702240072445e+00
4.794969876128849506e+00
6.695071510425937511e+00
9.198194839432746406e+00
8.029770069942685495e+00
7.384829879114182205e+00
7.864522322037821311e+00
8.743343851173136727e+00
1.083507429982915227e+01
1.070715679571776313e+01
7.189740232524102659e+00
5.965883335783260577e+00
5.042218508966479718e+00
4.668735384760824836e+00
5.408422425067664463e+00
5.237635579345647940e+00
4.630187798561514079e+00
4.217797684148315795e+00
4.508519114705547004e+00
7.009091971056077064e+00
2.281477075325430537e+00
1.807808982117048213e+00
1.417187793676964791e+00
2.425622105261193262e+00
2.318274124593301178e+00
2.916689567704694674e+00
4.821391965046864847e+00
1.896036861345196778e+00
8.744590401693084658e+00
4.846137606180652924e+00
4.949227808061596789e+00
6.520811585243716735e+00
