2.747358475286817647e+00
1.455556184133347308e+00
2.772236055364175833e+00
2.316981723378175761e+00
5.132722207841417195e+00
4.645290204055640082e+00
3.232255559193815131e+00
3.805211207584336730e+00
3.523782434354018722e+00
2.362484650915835704e+00
6.348783447983218586e+00
4.073476768788169444e+00
1.332729122349012085e+00
2.070206571556550301e+00
2.956018322236261042e+00
2.194897721283673331e+00
2.832846258038466569e+00
7.569530532375124965e-01
3.723753078661874660e+00
4.504628032730480847e+00
1.983908938677429123e+00
1.430478824640757152e+00
2.553234536067533256e+00
2.653933280621792790e+00
2.579669621402803870e+00
3.929919709866644961e+00
2.952928870802469241e+00
4.342927954498070342e+00
3.373915705549514588e+00
3.775823031725198398e+00
5.821702298323176983e+00
4.943138649237511117e+00
2.981448388876429600e+00
9.525207660479069194e-01
6.431991073525704650e+00
3.409567102420545393e+00
2.786198310685610302e+00
2.856430011222320875e+00
2.771907932507265748e+00
5.353812202782251006e+00
4.081805302178821648e+00
3.066833537355906358e+00
5.271464625933843351e+00
3.689396532301632003e+00
1.075983477887950102e+01
3.058576924625137750e+00
3.498429238410951658e+00
3.843498145769495000e+00
5.053549720937748013e+00
4.511267276496173650e+00
5.219518987022088830e+00
2.804652969690813347e+00
6.103706277744382902e+00
5.719995350095596010e+00
6.513146049708193885e+00
9.986162603023837292e+00
6.593923504021543813e+00
5.332563641661336895e+00
3.147377563692452807e+00
4.077972841171519924e+00
2.081004896531475801e+00
1.967402229763111299e+00
2.542435640663917695e+00
2.896478477570337162e+00
3.721780740353449524e+00
4.705422660620104836e+00
6.676222092182111822e+00
8.705471440567919217e+00
2.243819111726612636e+00
3.339172384453912734e+00
3.681528573254190917e+00
4.563445006962619566e+00
2.651034132667390519e+00
3.253760821039007656e+00
6.335837683333369164e+00
3.935802191711862186e+00
4.300958125885654404e+00
3.882199109869195031e+00
4.698293880407567791e+00
4.609510067897660157e+00
5.621299687897307606e+00
2.999035883403078362e+00
6.313153537280815186e+00
9.013468585669075495e+00
2.705541798541244880e+00
3.997570836527106763e+00
3.653120810790479123e+00
6.298803462535753184e+00
5.905643275203113163e+00
4.313722869704259111e+00
4.629973896251261323e+00
1.715136191456168469e+00
4.215865258056622267e+00
5.571683342511334125e+00
6.911688715252717330e+00
7.056471335416801161e+00
9.319837637244404505e+00
5.007752731202986141e+00
5.263316484443333110e+00
5.476419960448406954e+00
5.604558804842341146e+00
4.806889380232338027e+00
3.301029145328968184e+00
6.599678365845720762e+00
3.507828510703135283e+00
3.405702181722964017e+00
3.453658227441867457e+00
4.274169566926762087e+00
7.062505836757596356e+00
2.388357841100830825e+00
1.005837131042981447e+01
1.762347682131754523e+00
2.905386730297573106e+00
2.751799737916126531e+00
8.428724782229226165e+00
4.069723946299800055e+00
6.644694880462831854e+00
2.339250210712015665e+00
1.851258507379239804e+00
1.372856795609977310e+00
2.769706403921168292e+00
2.822084541648988587e+00
2.948474292576762412e+00
4.675066453706977931e+00
5.752055645075091483e+00
2.537710341779236600e+00
5.717980673223437726e+00
4.747377171702805931e+00
2.659932288721479132e+00
3.751585520956554731e+00
4.571380152706950639e+00
4.340625271283411912e+00
4.821948523407447951e+00
5.647329515851862602e+00
4.105905120125665775e+00
3.244812347602377134e+00
4.558948977497228938e+00
3.681543617905416621e+00
5.842863340092149471e+00
1.790541528241121672e+00
4.177481467008505867e+00
4.977462126522875785e+00
9.517641999175204148e+00
5.874626684573505564e+00
4.506619359245452650e+00
6.150481867515132706e+00
1.661921132109460464e+00
1.146335111499103832e+00
3.014187455568551055e+00
3.027630657291126681e+00
1.243890685243554506e+00
2.583094186639339096e+00
5.273795981972396518e+00
4.101897131684361320e+00
3.621966743729435834e+00
5.768175379356831556e+00
4.662877338776324265e+00
6.577019549742163740e+00
3.416923080050857209e+00
2.929816793883647463e+00
1.841782323824769563e+01
2.126006320490978041e+01
1.936606746437215776e+01
1.763380584377463123e+01
2.755174221130680934e+01
3.718375507918878498e+01
2.265822214146090019e+01
3.219007478058810534e+01
3.544105680747730247e+01
3.201789902729630199e+01
5.169110364945282754e+01
3.634416172134720568e+01
4.015449614157291336e+01
3.311514107551227681e+01
3.287017691582597934e+01
3.080054480406361961e+01
4.123304393406765200e+01
4.388785932377732024e+01
3.157374941416406244e+01
2.882131896423997830e+01
2.480250984763305055e+01
3.109094178643882955e+01
2.968673529214760620e+01
3.113618193009753554e+01
2.936950345321122668e+01
3.686910516655639469e+01
2.232510577541635399e+01
2.779956893774567206e+01
4.280728650049785955e+01
2.869633976754228399e+01
3.540174188042501413e+01
1.625923804959894881e+01
2.786763305555408721e+01
3.100014175112705317e+01
3.664317527811095232e+01
2.662778014217532885e+01
3.283049835564887076e+01
4.639951995983150823e+01
2.976256618178278046e+01
2.783249807627190009e+01
3.591097401525073707e+01
2.413752998690884155e+01
4.284670679972169438e+01
3.193519214902407199e+01
4.024904392518477181e+01
2.679942428509000507e+01
2.469981495044917352e+01
4.246258000253780551e+01
2.385559085448930006e+01
2.433022425715880743e+01
4.144449629329148621e+01
2.822336063326570610e+01
2.434297070338370617e+01
3.131550290501479239e+01
3.076371553623994615e+01
3.258192372750233545e+01
2.829620087847843379e+01
2.907504539843111857e+01
3.089923358325173908e+01
2.379215272559874705e+01
3.604020025966421059e+01
4.126139379304456156e+01
3.397422641381941588e+01
4.082212659716311975e+01
2.711779408711176487e+01
2.721209628104836042e+01
3.425996531763622244e+01
3.635107086819802902e+01
3.927029355920774378e+01
3.334210663852977774e+01
2.978356027273651208e+01
3.463624513861303456e+01
3.884848414396643079e+01
3.114441082437743091e+01
3.386499938787611796e+01
2.059753522758029476e+01
3.148471651714581299e+01
3.876596992043017309e+01
3.906009723157241353e+01
2.812967000680453822e+01
2.899449297940454429e+01
3.799698830615292167e+01
2.547334468936288943e+01
3.315803384168877699e+01
2.520711804784104970e+01
2.419889296067830742e+01
2.025431502544754281e+01
2.215371245553925661e+01
3.285411639349091928e+01
2.504457584045562513e+01
2.753752289081086602e+01
2.847652246309193202e+01
3.005820032048988466e+01
2.638238620018830716e+01
3.891394831720970160e+01
3.748989028714397875e+01
2.270789456322008348e+01
3.624460522319847655e+01
2.275412197341562148e+01
4.189548273536519929e+01
2.452625881296808785e+01
2.801073235603094602e+01
4.095231690370824396e+01
3.235909746767617889e+01
2.397618041392248145e+01
4.142450936911408377e+01
2.037913535537328613e+01
2.430152725228791155e+01
3.050103594189128131e+01
3.757681227279502423e+01
2.889201426756142510e+01
2.885217080550827262e+01
3.055586896721197476e+01
2.017916794590947660e+01
2.542759183614161245e+01
3.188814089893364212e+01
2.889789222996752116e+01
3.275786039532548699e+01
2.812398576042904352e+01
3.145574823356815131e+01
3.218046834988784610e+01
4.184830418686249942e+01
2.639493101635165218e+01
2.429457790142889095e+01
3.174986156366240309e+01
2.191525444333175088e+01
2.889854072155587517e+01
1.924993788081365054e+01
3.011956593425144035e+01
2.316968438402700059e+01
2.817783909652212060e+01
2.822915687977257804e+01
4.002973819486927454e+01
2.353035053445560365e+01
2.602026885773946319e+01
3.527608926167550152e+01
2.864454911554739169e+01
3.693861866461088539e+01
2.246845016961638564e+01
2.722819760180225046e+01
3.295836413132268916e+01
3.799117397388355499e+01
2.254978848080149945e+01
2.735621076130899709e+01
2.318490351866821442e+01
2.797712378053469351e+01
3.788923783331465955e+01
2.210841802152027924e+01
2.229971194658416778e+01
2.599460391687443561e+01
4.032579422639459210e+01
2.357274492039945102e+01
3.330875886195017443e+01
2.326281321091072130e+01
3.456899278212881654e+01
3.349175088508027898e+01
4.447262879220846088e+01
4.062947528896276594e+01
3.794353828201206369e+01
3.105960689631666938e+01
3.007861610946262587e+01
3.567593396577103704e+01
2.440127246055136467e+01
3.853485526500427483e+01
3.164942993958210948e+01
2.757356419786249546e+01
3.345547891720951128e+01
3.035102788605468760e+01
3.134048927981946875e+01
2.962221414014950938e+01
1.905113474052339129e+01
2.817828034185931330e+01
3.062052129006862344e+01
2.719402246695612391e+01
2.140803017347775494e+01
3.153150038854707304e+01
2.698411844741137955e+01
2.071577220688271836e+01
3.425610147919513082e+01
2.553093364634460016e+01
2.352552852820176810e+01
2.792967483157280384e+01
2.643767706875748758e+01
2.550308716540765275e+01
3.164393352439998708e+01
2.985075903142974241e+01
3.207863957746363326e+01
3.086186587692871086e+01
3.098532147425078520e+01
3.934967326825592693e+01
2.605509313269232052e+01
3.017912327340497214e+01
2.484119797901641036e+01
3.026067424239213466e+01
2.930537221640269152e+01
2.945604208615546682e+01
2.408065855657294563e+01
2.160667476743228832e+01
2.185416762512665656e+01
2.336915777176677622e+01
1.894613086451661488e+01
2.961391044488620139e+01
2.249241242445869204e+01
3.472994660298184755e+01
2.857506157818071912e+01
3.282830911782851757e+01
2.825073786406022691e+01
3.090757569831937701e+01
2.181793442436990560e+01
4.027705643431633575e+01
3.209643187761786010e+01
3.481144239361318427e+01
2.204407578797435008e+01
2.633115977769904248e+01
4.503430006826448562e+01
2.692745049197638707e+01
3.247937636741276890e+01
3.201024435596315953e+01
2.276442861252740357e+01
3.407529140284606228e+01
2.393674593650400695e+01
2.668111742277129750e+01
2.369500297543135048e+01
3.971834697413702031e+01
3.384697944197721853e+01
3.100812675090690007e+01
3.564809726338793894e+01
3.668492588356423312e+01
3.180210001924728047e+01
3.111570709563861570e+01
1.752429031139329041e+01
4.667651142394586827e+01
3.865865887377191967e+01
2.530398734605629585e+01
2.808574927094559825e+01
2.803313004726304669e+01
2.795215172725174568e+01
4.350928282087663490e+01
3.248815734047406778e+01
3.354296922905312783e+01
3.619122773138617077e+01
3.531767315469382851e+01
3.578576593819713736e+01
3.650753188150916628e+01
2.361066665507267714e+01
4.261549394475738239e+01
3.923303403218818630e+01
3.263067021937395396e+01
2.863099683384029959e+01
2.425275401361588123e+01
3.454020368005063091e+01
2.514007872342744676e+01
2.509282996728747150e+01
2.077255372820392765e+01
2.865831665158701469e+01
2.702942971543764372e+01
2.510846797102831474e+01
2.621706283559090522e+01
4.039497224171559253e+01
3.035577188226029932e+01
1.966282146740834946e+01
3.674664981940403408e+01
4.461877406618389585e+01
4.249386835731258572e+01
2.471596717451121350e+01
4.284457044563594508e+01
2.638524930419163184e+01
3.856701654266703372e+01
3.703499676753142467e+01
2.373220140895550045e+01
2.840486548593822747e+01
3.195631221172625303e+01
3.568879919867249839e+01
3.009347874377393239e+01
2.831660964378567513e+01
3.812344649273565267e+01
3.362479940827672920e+01
3.160926513556008643e+01
3.036804943667046430e+01
2.444128551884801936e+01
2.570815097480265621e+01
3.615032269835829482e+01
2.741071901983465153e+01
2.606098049753652646e+01
2.869965273743285650e+01
2.880779940634575453e+01
3.807637812958490997e+01
3.639491566421074253e+01
4.323908410756762777e+01
3.215395764064578543e+01
2.926934250100665480e+01
2.108704104555165770e+01
2.802504403608610417e+01
2.923865426126013034e+01
2.682578737936963975e+01
3.551104587398646828e+01
2.900615165630277303e+01
3.174506572381633518e+01
3.738725787456392169e+01
3.377068536136738430e+01
3.652476066739494343e+01
2.776107239276607430e+01
2.913209555064318579e+01
2.850660635176666347e+01
3.573567633637527763e+01
3.022322317068747921e+01
2.771070717797950422e+01
3.880762056487217393e+01
2.916725670460684583e+01
3.404255729364069794e+01
3.412340622843339588e+01
3.303501916852953713e+01
4.050883962867526833e+01
2.999653989848279423e+01
2.591352610545923341e+01
3.735550694835343677e+01
4.619421187665352591e+01
2.974076068432873043e+01
2.926570307561521034e+01
4.116290728601011040e+01
3.549861287281154887e+01
2.600397628885335877e+01
4.136201241785740024e+01
2.760362228985890809e+01
3.638965259848526301e+01
4.374098192780517991e+01
2.443140815082569972e+01
2.615325171855196018e+01
3.011998014630787779e+01
3.328297033284710693e+01
3.229648035433037023e+01
4.100385041926762142e+01
4.102337846731551707e+01
3.686935363411819111e+01
2.750374370070941765e+01
3.547034230664620935e+01
2.422356558349439126e+01
2.802162664402916192e+01
2.521555925322552483e+01
3.592154882700621243e+01
3.727956740427119087e+01
2.748524608436548178e+01
2.901333282471693309e+01
3.064081149713402041e+01
4.059029288609778519e+01
2.919789732107404134e+01
3.811391484229937987e+01
3.798003433743374302e+01
3.316455110919028471e+01
3.503700033999186303e+01
3.134748822330650597e+01
2.760437348544813574e+01
2.366097331576408891e+01
2.817718536019993891e+01
3.620360279526105529e+01
3.224008742472287992e+01
2.388585605015480695e+01
3.258231926597271411e+01
3.498476280865616417e+01
4.121377953709173170e+01
2.262186339828171810e+01
3.497596246068379600e+01
3.621482310017199069e+01
4.191805085650845086e+01
4.190634646223607263e+01
4.214038203053840448e+01
2.386873842555852576e+01
3.110335363004666220e+01
2.549149343521910183e+01
3.250365829660603367e+01
3.398435439260222068e+01
2.767681142498470237e+01
3.431559123284703361e+01
4.185513745545044628e+01
2.415977486240409533e+01
3.782666074302107262e+01
2.472236314912896304e+01
2.854384473188393301e+01
4.510465123681089494e+01
3.711966390543805971e+01
2.081988130126597270e+01
2.128455812101645961e+01
2.757946556454418285e+01
3.401888949415216956e+01
2.247998010596876739e+01
3.245397904003274192e+01
2.935562941012617344e+01
2.424229887324753818e+01
2.628253699817351574e+01
3.385433381217025328e+01
2.238889881786510827e+01
2.200631517223184730e+01
2.815186185494448878e+01
3.263447511862397477e+01
2.282860707915375897e+01
3.742396690659304426e+01
4.450104742227873089e+01
3.559510246466394534e+01
3.049993885224285961e+01
2.004959406138219080e+01
4.217036189424585757e+01
2.537377162431881317e+01
3.082406656873442685e+01
3.125465326831547586e+01
3.019227330546026877e+01
3.472433780827580563e+01
3.773363656191730797e+01
3.209443262304063893e+01
2.738745143099752255e+01
3.511429088559011547e+01
2.906516420544799928e+01
3.343397848870385047e+01
2.455438715241801262e+01
2.993085038096623407e+01
3.599093349528919106e+01
3.724921981642197721e+01
1.952733686118178724e+01
2.563978396464956333e+01
3.155195985387852176e+01
4.135884937433466746e+01
4.054159292359575772e+01
3.153282934599689469e+01
3.522076037691129358e+01
4.091961894782947695e+01
3.625048532175507177e+01
2.479011924741193340e+01
2.491833203282150322e+01
2.958002691967183040e+01
3.250509604847002265e+01
4.081335720865861560e+01
2.863818218605366184e+01
3.889737247603173387e+01
4.317620096745712743e+01
2.897529770848485597e+01
2.282952461823100521e+01
4.298656028829416442e+01
2.405058644141502455e+01
2.722801961067628085e+01
2.438987849581969058e+01
1.879328441601115784e+01
2.592563703575498479e+01
3.362662664190089856e+01
2.555209850389013937e+01
2.631566745083607373e+01
2.380757348844730359e+01
2.964008391304936652e+01
2.953326620789135859e+01
1.980495453335463552e+01
3.978270103479388098e+01
3.710233164725170951e+01
3.773245185611922636e+01
4.185395245241049622e+01
3.405361467021556621e+01
4.603370131138973420e+01
1.673499098355916104e+01
2.113460459164521765e+01
3.690954613579295085e+01
2.200632798779247423e+01
2.735630242165076353e+01
2.339103871369797716e+01
2.562995632805544233e+01
3.285753353437100088e+01
2.568061549743259420e+01
3.162456207721930923e+01
3.935189854486244343e+01
3.668179448691574152e+01
3.657107879035776676e+01
3.035185666103334157e+01
3.296447164978200561e+01
2.632791163805804047e+01
4.100189716408140583e+01
2.475360341361241368e+01
2.402642304522636252e+01
2.311907814674201944e+01
3.599705029594407790e+01
3.197713736097166759e+01
3.159342610271484730e+01
4.368779054449620247e+01
2.164916959524558138e+01
2.020811687141930335e+01
3.894937611475125294e+01
3.849400498284613548e+01
2.445542942323341151e+01
1.986197526711099925e+01
2.969612908952673180e+01
2.756923016066545529e+01
2.727627489190929211e+01
2.859677578409621290e+01
2.451060080616540304e+01
2.386468108848688985e+01
2.361589498946598908e+01
2.339351313700088753e+01
2.343712320082405043e+01
2.590658730620539885e+01
1.632713642123387032e+01
3.290193707794713163e+01
3.250351457852641346e+01
3.417909306240505174e+01
2.696200036922127907e+01
2.802650280439461739e+01
3.013757176705668073e+01
2.506539529777000652e+01
2.012480265218443165e+01
2.443192210308904322e+01
5.446422035187129040e+01
2.643821112852794286e+01
2.852699367309480394e+01
3.188214580920170604e+01
2.602053318576011520e+01
1.613023271795218960e+01
3.125074087033157255e+01
2.338698280554687869e+01
3.462162746650473366e+01
2.537629031454380879e+01
2.325787349659555048e+01
2.736344292194630157e+01
3.165560752291040814e+01
3.274213363056219350e+01
2.769661164721892632e+01
2.793101329331156535e+01
3.388644655006562090e+01
3.270730074786606423e+01
3.472134701841582682e+01
2.406664041255462649e+01
3.309697670986867735e+01
1.559843710654407900e+01
2.714934639481375456e+01
2.187257263026473453e+01
3.672020979745963842e+01
3.422220837445431130e+01
2.232191216443280979e+01
3.675594112093047272e+01
2.913443672498837245e+01
2.956519160767075505e+01
2.978362206390779932e+01
2.861843584771533955e+01
5.419469226062959422e+01
1.698046203326402548e+01
3.870011572508565223e+01
3.950259636958945464e+01
3.766968371013919636e+01
4.686843348938908349e+01
2.862704006345173013e+01
2.921887547287310483e+01
2.762744739140443073e+01
3.396568107996718311e+01
2.830326954269717987e+01
2.988305546999853490e+01
2.808774038917831106e+01
3.464464732061536267e+01
2.612607069460680620e+01
2.514519415923330214e+01
2.990924009230914038e+01
3.033015679568810441e+01
2.920234652829440947e+01
3.545354673374178134e+01
3.665185932983282413e+01
2.617045480775517063e+01
1.910527090498822034e+01
2.466254385009232664e+01
2.087586152246800353e+01
2.929165213176060334e+01
2.292900636244745272e+01
2.825701097121778815e+01
2.978364102777794642e+01
2.401291068147359908e+01
3.121873765581550941e+01
2.817681633177645750e+01
3.562092740004158742e+01
2.067500870358132303e+01
2.980644423104275376e+01
3.353304150830808084e+01
2.611412769945567192e+01
2.770966706396662360e+01
2.742860822579694258e+01
3.101036511059749401e+01
2.458287554103394967e+01
2.447483809846221803e+01
2.877198277606593990e+01
3.206855677760769652e+01
1.946772712258156446e+01
4.089395806926854959e+01
3.495084154248834096e+01
3.582262820585748386e+01
2.588256807578587626e+01
2.901930916099590974e+01
2.790038969918735745e+01
2.868475531382065924e+01
2.019170709851953660e+01
3.356658192993192102e+01
2.225862893682853283e+01
3.715365423002226208e+01
3.352757479487873127e+01
2.654256520814722720e+01
2.537807541746963125e+01
4.478681424477925077e+01
2.407137251994647897e+01
3.331403004530707079e+01
2.097637471645413498e+01
2.570122210346555036e+01
2.270962434053982548e+01
3.556030126804493818e+01
2.651955602282292190e+01
2.955282635344774178e+01
2.305867761785738779e+01
3.237709822339642329e+01
2.414325564433436355e+01
3.609011450507337315e+01
2.134194553814226580e+01
3.142791912782098862e+01
3.211525022569821175e+01
4.080600684705559900e+01
3.231412250524461882e+01
2.409451052538954841e+01
2.595599792823915664e+01
3.708707890940680585e+01
3.469328749779595711e+01
2.767915712163365782e+01
2.495336744831007181e+01
2.067929447654052311e+01
2.699546100893402567e+01
3.461367868202975018e+01
3.038656655399720918e+01
2.548462386138226066e+01
2.509172081544675592e+01
2.312899158181845394e+01
3.340025839127135043e+01
3.512508236137107787e+01
3.792656420080042068e+01
2.078614437102447354e+01
2.767291477522539367e+01
2.773580975996776843e+01
2.035707954028325872e+01
2.915216156528293112e+01
2.457907551666184176e+01
2.122218504241509862e+01
2.047678780583657243e+01
2.665050989747960131e+01
2.569500064417746543e+01
3.343567799407265539e+01
2.932976197714522826e+01
2.485113629152304782e+01
2.795231853823093005e+01
1.722282729815427871e+01
3.325562367491438920e+01
3.012688463729100974e+01
2.555275779130001723e+01
2.785707353906710182e+01
2.345050663077990549e+01
2.156188683613065038e+01
3.717966318864559128e+01
3.327664939172216663e+01
2.403539397423921997e+01
2.674681777202035349e+01
2.427743634202311185e+01
2.632568147071819453e+01
2.534029234062365887e+01
2.605765903087863578e+01
2.726792007976607479e+01
2.651452812393471348e+01
2.674658638512874376e+01
2.758152536983514835e+01
2.588080265145682901e+01
2.095902588329055760e+01
3.077606389429098144e+01
2.283829214647946060e+01
2.644686954527503886e+01
3.414662032363460753e+01
3.295658714470313555e+01
3.191888031472858955e+01
2.741403382562657143e+01
2.388082664646226050e+01
2.220984727454434804e+01
2.785018476974694579e+01
1.882152208999363197e+01
2.126043269945544623e+01
3.128234181449929707e+01
2.877249547020819875e+01
3.397176957876541081e+01
2.878979545151306496e+01
2.236435037578178253e+01
2.598158001943026463e+01
3.055977327104800878e+01
3.679376763698353869e+01
2.940146529638188611e+01
2.542190546322169098e+01
1.567762844803753985e+01
3.601044946698428362e+01
3.076845799087611866e+01
2.246064859533411351e+01
3.713672605314494746e+01
2.794070808265088601e+01
2.538891274019683308e+01
2.653268990873430511e+01
3.574424295277330543e+01
3.517638518988568563e+01
2.470047968691313045e+01
3.264326343584069434e+01
3.053300295831137134e+01
2.591342910284248546e+01
4.139936105740035543e+01
3.906584421518490302e+01
3.071583557296939659e+01
3.392876589210131044e+01
3.050352719033722337e+01
3.506698113964774421e+01
3.874922413571538016e+01
3.358339901338187161e+01
2.837103467819498448e+01
2.104193157900936129e+01
2.741591769388653077e+01
2.580809658832026443e+01
3.880280224803232869e+01
4.394393458994968427e+01
3.162956195834304296e+01
2.497562964800872010e+01
4.318428857101041984e+01
3.090541949067766936e+01
2.110707994549732547e+01
2.966262915464385230e+01
2.839026485969716518e+01
2.956465932771661898e+01
4.488572328251813559e+01
2.599362050004528157e+01
2.398661025280886605e+01
4.188064789053655090e+01
3.098204755084022821e+01
3.018328093839241433e+01
2.628717231804642651e+01
1.982050702395901709e+01
2.380478638012280612e+01
2.412137615204023078e+01
2.332796669485770380e+01
1.991418874685028229e+01
2.951950311714685782e+01
2.540879512412481844e+01
3.197279102840386145e+01
3.074144812259178394e+01
2.794583396708792122e+01
4.359752224855764524e+01
4.188622073625644049e+01
2.843889838945491633e+01
3.778182484585239109e+01
3.750226987959776892e+01
2.510322867553287196e+01
2.891993477161295445e+01
3.882112681232578666e+01
3.053972306332044084e+01
3.396009599917577049e+01
3.101687246403361087e+01
2.310298665083777081e+01
2.268016716380144615e+01
2.554487673369213496e+01
3.264962197279262313e+01
3.414497901836691796e+01
2.400978217319736530e+01
1.885336871497098699e+01
2.158571505713720384e+01
3.753514435153324058e+01
2.083482347504202892e+01
2.935645011705911855e+01
3.263955163905613688e+01
2.691319431641984039e+01
2.769830054399775321e+01
3.630031615721444638e+01
2.962214571118768802e+01
3.115995914543692180e+01
3.117336438632545637e+01
2.055464635535993878e+01
2.508344837328921884e+01
2.301302203516228673e+01
2.795523553434711417e+01
3.487282336872246447e+01
2.962356146827201187e+01
2.987216132837607319e+01
3.274120543220693946e+01
3.187181379412091786e+01
3.991069108363467421e+01
3.823268664673232564e+01
2.633998507156088209e+01
3.919997426476964364e+01
2.636716215285148479e+01
2.218950470802427688e+01
2.727889884125931630e+01
3.734455394493520686e+01
2.677727969195808555e+01
3.945938691344534277e+01
2.649381711872170442e+01
3.364187891005414599e+01
4.202383683131150605e+01
2.802883029526650560e+01
3.690091113672878009e+01
4.534442843330738526e+01
2.779823531380372614e+01
2.620164452400090127e+01
3.072972387737810962e+01
2.131776322646469524e+01
2.940504565057892705e+01
2.976625535545494827e+01
2.659828592685703086e+01
