1.525028423867118788e+00
5.962257690923069564e-01
1.716881767249498481e+00
4.461007403972944374e+00
3.841595913648870653e+00
7.675425370870700981e+00
4.342713508312626480e+00
2.906192601913868856e+00
2.649446488563619528e+00
5.855469744894841178e+00
5.404401748654102278e+00
8.029518394903236711e+00
1.271929290948431657e+00
2.579308485668518003e+00
2.914349118097018021e+00
2.913111453285557317e+00
6.897123591271062004e+00
7.189124859772350717e+00
4.955713834651951366e+00
5.122897968543329128e+00
3.104595870552056880e+00
6.970543926286395298e+00
7.615087582120891874e+00
6.609778281561007773e+00
1.073497563429523893e+01
5.259387975532645143e+00
1.866584354565158366e+00
4.096667139865479257e+00
9.623940504324711043e+00
7.303346875239832059e+00
4.679117425663624985e+00
4.502342798648358624e+00
2.673173387009690760e+00
3.437420580681204374e+00
2.586341740743225870e+00
2.779367372803189795e+00
5.142163443253074284e+00
5.194339613283920798e+00
4.738285757329594006e+00
3.769790552324365773e+00
5.429417881652673472e+00
5.698902950296421466e+00
3.499575742844297732e+00
3.008277943104445740e+00
5.452651893782332948e+00
6.276563640138556721e+00
5.377406117915953132e+00
5.732301689462788730e+00
3.222297646681834937e+00
4.446445685801757364e+00
5.473580169157790110e+00
2.994135081666481568e+00
6.278249513383215685e+00
7.212476471411748413e+00
3.357517222909431887e+00
8.371410193784782905e+00
1.327850576642284786e+00
5.035400893777262077e+00
1.954054829402863902e+00
4.713633996724904129e+00
5.235033172818416070e+00
2.312156557659934997e+00
8.439028147011051750e-01
2.258830912592523887e+00
5.155896154738662140e+00
3.156496576601436566e+00
3.611781165672395488e+00
3.162780014336902923e+00
5.735208591385300814e+00
7.474982061031443692e+00
1.335090974884137083e+00
4.232605735036480965e+00
1.846133222924260187e+00
1.372954328632554510e+00
3.245906313203690718e+00
2.995864740565659545e+00
8.643701483057611767e+00
6.978470315026068960e+00
3.449473025567982187e+00
2.200315733226928305e+00
2.961054010063156383e+00
3.957043139931309295e+00
3.749116680297638116e+00
5.469493736313886245e+00
2.853130318835468415e+00
2.888129435421995517e+00
3.384282052142969288e+00
3.245123307673589252e+00
6.519619575051358140e+00
3.628040218541369821e+00
4.717772850219635217e+00
3.056385764487348666e+00
2.420404685319760052e+00
1.277896281309501836e+00
4.636495873567521464e+00
5.266017164425731423e+00
5.154282439132445326e+00
5.324004607692423008e+00
7.113186486364122985e+00
3.941616593020652815e+00
4.755978939041815678e+00
4.260126615531778071e+00
4.380657056555265605e+00
2.424105645556722699e+00
7.824917920194990550e+00
1.691550221907080820e+00
2.983082220647775618e+00
4.548390133835811255e+00
9.712834745188514418e+00
2.994172707842694514e+00
1.112140566474495884e+00
2.113896724516734160e+00
3.109822720042683564e+00
5.746022746845943274e+00
2.220890452126010217e+00
2.691444864600387454e+00
2.684086448288543814e+00
3.362727090584141987e+00
2.249640952248125991e+00
3.437431070083536877e+00
5.762314629672360411e+00
4.858892035274426924e+00
4.041937332352624423e+00
3.600327700723316315e+00
1.962385316585432804e+00
2.804153175247597218e+00
3.988794299493344298e+00
3.453473072916113384e+00
5.781693962952275889e+00
4.619158771467763991e+00
1.623288116822414473e+00
1.561612221809517864e+00
5.051956867882257285e+00
6.099035502094623418e+00
6.828063666041193081e+00
6.572558360822498891e+00
3.579382232428665489e+00
1.794425004635307186e+00
6.062505689795392172e+00
2.409393367225728166e+00
4.154903914478520477e+00
3.333969702779741251e+00
3.557951200225933253e+00
3.481553290158382552e+00
6.639785865104483875e+00
3.791208579354798047e+00
2.434543981058700179e+00
2.128561540722293088e+00
4.170759715012558821e+00
2.962978443891677305e+00
4.905936700111458215e+00
5.701827797452522439e+00
2.171271013829402907e+00
2.136609339970033439e+00
3.666304302185662056e+00
3.711357596495519218e+00
5.128011897930158547e+00
8.375678048628314443e+00
5.823727000230968898e+00
6.511075909166256004e+00
3.418079415152386247e+01
6.166212905664361443e+01
9.205533595998771546e+01
1.308198595479193784e+02
1.334392333563333750e+02
1.442460660179124545e+02
1.437716354051733276e+02
1.962732706769540130e+02
1.763488382100179024e+02
2.578405988562399216e+02
1.991545673671213876e+02
2.906231685403590745e+02
2.416679090389059752e+02
2.495729055047759175e+02
3.409154699198025469e+02
3.110462809306367262e+02
2.474759126316471054e+02
2.420700271471938834e+02
2.838263350072087974e+02
2.311479787755480402e+02
2.204862384185380790e+02
1.990247880102148201e+02
2.193533827500168911e+02
2.094821668484837858e+02
1.583966052497814019e+02
1.909503814888534805e+02
1.858684781501914927e+02
1.685568713023011469e+02
1.290958886781807848e+02
1.599800652603136939e+02
1.453005837934979354e+02
1.399012575916197250e+02
1.826665865397215214e+02
1.630300890752514249e+02
1.552201082202923317e+02
1.833452536194919276e+02
2.153774045701425734e+02
2.037360239831264721e+02
2.117520327348500189e+02
2.059883234898374837e+02
2.179369847578582551e+02
2.325023872917849701e+02
2.488317754108082624e+02
2.544837156147848418e+02
2.757129995915533414e+02
2.927933104035877250e+02
3.414456603271020185e+02
3.551454481724111361e+02
3.029727084534940218e+02
3.172656714020957907e+02
3.657054794799094566e+02
3.837643445221748379e+02
3.405995741041685392e+02
3.570488043797137721e+02
3.572441041104451074e+02
3.510408324837113128e+02
3.569352513555311361e+02
3.654352064681199863e+02
3.600280639594310514e+02
3.768449563647762375e+02
3.452584557889459802e+02
3.477839234714855365e+02
3.397502470818661777e+02
3.591807658990290975e+02
3.185955919640773573e+02
3.232515645360452936e+02
2.477175567384301189e+02
2.459704425602578510e+02
2.254936996929933457e+02
2.124790721746513498e+02
1.914008447437252869e+02
1.886593366497799309e+02
1.510856196891909349e+02
1.523844076289963709e+02
1.174704751548784571e+02
1.426080109697158775e+02
1.278593257474958449e+02
1.135306740711754117e+02
1.513460904735674148e+02
1.400190964481036247e+02
1.410099100138979793e+02
1.511591517465670620e+02
1.532955141582903593e+02
1.340346941434499399e+02
1.493188232454480158e+02
1.781318941474290796e+02
1.884587047548389194e+02
1.936628535390322838e+02
1.693962639045397509e+02
1.728228384811197031e+02
2.245200041581172457e+02
2.108548321240392056e+02
2.272307159574075968e+02
2.285463545359380078e+02
2.434198369293893336e+02
2.741069670481888920e+02
2.992954225326917026e+02
2.877744790945660611e+02
3.134969219583713311e+02
2.865166518216901750e+02
2.742348550895312655e+02
2.917144044876332032e+02
2.922538491394027460e+02
3.183302975130640107e+02
3.506801071398633667e+02
3.385054921348920516e+02
3.407150044935414712e+02
3.488044191484831913e+02
3.741228268199121203e+02
4.105803802490263479e+02
3.133201534016602636e+02
3.425696742950981957e+02
3.630708201318902866e+02
3.744422367994151841e+02
4.060449341620251857e+02
3.388108134183339075e+02
3.303737417512247703e+02
3.598698761712037708e+02
3.443085601096369146e+02
3.703602776344633867e+02
3.315186554357583191e+02
3.696900713278810144e+02
3.204342190999071249e+02
3.509267604962353175e+02
2.742139599793702587e+02
2.700024620502926496e+02
3.405102286678132373e+02
3.022181835875987304e+02
3.014346433105125698e+02
3.152062963126295472e+02
3.064536854140106925e+02
3.208164426259806419e+02
2.896932035014664848e+02
3.189138124598563309e+02
3.256248548787453956e+02
2.943621691756663381e+02
3.307478543080522968e+02
3.380669013020328748e+02
3.709510823877050143e+02
3.423665137137886632e+02
3.215636367198242169e+02
3.840433817850271794e+02
2.879142146673052594e+02
2.909558522563964971e+02
2.626305286911073154e+02
2.556805145998833666e+02
2.494650963607253686e+02
2.640913157007251471e+02
2.169608305176486169e+02
2.004898479720358750e+02
1.805135849483178561e+02
1.786901138031090284e+02
1.436567365829891969e+02
1.357992011266541112e+02
1.421247416008362734e+02
1.233379061228112477e+02
1.280755789962974802e+02
1.068656377152858141e+02
8.280955713717915501e+01
7.315805327132704861e+01
7.186914742615833518e+01
6.046424021264874682e+01
5.949884787635498640e+01
7.404277705377425889e+01
7.013144264403433681e+01
5.204516329419737986e+01
4.885072588949610406e+01
5.192846034032352520e+01
4.558514024426368394e+01
6.151062876173772054e+01
3.683114229357714464e+01
3.873623989643899534e+01
3.974605961298674828e+01
4.308763318690174060e+01
4.887963566875450283e+01
3.860608591388340471e+01
4.704304156274890403e+01
6.129745308132207526e+01
4.820614167833817731e+01
4.987852013103321980e+01
4.100228361150879408e+01
4.232562904157308736e+01
6.166274712351727771e+01
4.555366030687290646e+01
5.412595606874511844e+01
4.739806241421882049e+01
2.932674927177574276e+01
4.410614972128354339e+01
5.538507234422922920e+01
3.994083230104547511e+01
4.998681488089065539e+01
4.834649589357389488e+01
4.018528440480549335e+01
7.201261076397554461e+01
5.458329892243789772e+01
8.361264063191302398e+01
6.194954868943061399e+01
5.271980161089356898e+01
5.962511360150440254e+01
4.040686075567651159e+01
5.564307367896295631e+01
8.197089607164885194e+01
6.943054884528048376e+01
6.259715865932330559e+01
4.675216412899427354e+01
4.386128120015571596e+01
5.100734257167918884e+01
3.651703257800249958e+01
4.876670019917975907e+01
6.886603177062424663e+01
4.840736725406303265e+01
4.099223894032817839e+01
3.683399006535656639e+01
4.717537376563290508e+01
4.961818687225421343e+01
5.001438117794238991e+01
6.621206815954705860e+01
4.818418424173024306e+01
6.439593968661350232e+01
6.568733849322464380e+01
4.786065333675462341e+01
4.133227619821636978e+01
3.920284555214376354e+01
6.098902657365744062e+01
5.027480507109915919e+01
6.509423205426656978e+01
5.403500135295121254e+01
5.699404916581112701e+01
4.686251906941097900e+01
4.320428040161554151e+01
4.784567414774185323e+01
6.379309441409321835e+01
5.183646801915028846e+01
5.115988080759104406e+01
7.033554536143228120e+01
6.985432165399734572e+01
6.489605380308384497e+01
5.701677865105667564e+01
4.770677068898253737e+01
6.328011915987219993e+01
5.610505615587365469e+01
3.915514385650914875e+01
5.646707702891256275e+01
4.178205020554178617e+01
4.892811578363969716e+01
4.342075567764918276e+01
5.093773598525003621e+01
3.858055826036252967e+01
3.600699510654840907e+01
3.901229923437982450e+01
4.559910430317084717e+01
3.982367670005451998e+01
3.131282588464358341e+01
3.022343140087996005e+01
4.207363669121151162e+01
3.011670600732872671e+01
2.054000247955089975e+01
2.663735828007703432e+01
5.955288306035912882e+01
3.290222783304279375e+01
3.550642862751420381e+01
3.493925655469887204e+01
2.163009564462135970e+01
3.713067520128822707e+01
3.626786708254792302e+01
5.592391816795940684e+01
2.686144860554490776e+01
3.141898418973785567e+01
3.055421419955948181e+01
3.218594936356134895e+01
5.338223783088272967e+01
3.634540061781815723e+01
3.574436392249664607e+01
4.118971209066303629e+01
4.112761197021830384e+01
4.704800351679788406e+01
5.143848620102616565e+01
6.040597839250931145e+01
4.431929545583160035e+01
4.018355566414879121e+01
4.221744462912693763e+01
3.791687110112918901e+01
3.916721432659689839e+01
3.769482229216238522e+01
5.014363596692098213e+01
6.366954079825694635e+01
4.209182873206804487e+01
3.750225051588947167e+01
3.654178494594398785e+01
4.150230931374210286e+01
4.649854647647359940e+01
6.146934506169358059e+01
5.854990179074822976e+01
5.653103355716551448e+01
4.295624844771413819e+01
5.040973250650529991e+01
4.126673289228543240e+01
3.911451061418821951e+01
5.318398527902537865e+01
4.317758700926548698e+01
4.284564759056139138e+01
4.840873321573985777e+01
6.459817418756567520e+01
5.124007955486892740e+01
5.574816585364391130e+01
5.772659265071413159e+01
6.991090271775107112e+01
6.168656087102129959e+01
4.784725110830908079e+01
5.008380492161739284e+01
5.325222300425556199e+01
3.615171288334773436e+01
4.372479283593855826e+01
4.390005809345270649e+01
7.014370154478221764e+01
4.536610878684162174e+01
4.419952195541444695e+01
4.642174240442255240e+01
7.752278605622350938e+01
6.268554222261114717e+01
5.474824784737275962e+01
5.234827638317235454e+01
5.255818522810831439e+01
5.502020037673939612e+01
5.845954981386245919e+01
4.924873482409348213e+01
4.570769739230436812e+01
3.285299405576136422e+01
4.281230661603935772e+01
5.071978844946745113e+01
4.526318962512509358e+01
5.557136613668257752e+01
4.733865797515667850e+01
4.889942294455078553e+01
4.474739451959977288e+01
4.258932490600873422e+01
4.800426429754368485e+01
3.394043810648421555e+01
3.421162911029592379e+01
3.447420211701062698e+01
6.593617899860872456e+01
5.501277688673279442e+01
5.522125992530726535e+01
4.664167457647120330e+01
4.666044062169269324e+01
3.814739995939942219e+01
3.512810801005737460e+01
3.080335752060869225e+01
2.026741210067617516e+01
4.668467105676648288e+01
3.981122631985068949e+01
3.369722603183280540e+01
3.776574296856886548e+01
3.467343742119771122e+01
3.424928516000145606e+01
5.019278295842696025e+01
3.443045145442808774e+01
4.338072652150983544e+01
5.252927821922737195e+01
5.980490325525275352e+01
4.702085075473972609e+01
5.421973516758708911e+01
5.499104852751764838e+01
4.344224425967571790e+01
5.462969991847806739e+01
5.656786261807540228e+01
3.893840215405957395e+01
6.920526937529970724e+01
4.221146858094253673e+01
3.687297347003623571e+01
3.266585951328778492e+01
3.646321464302079107e+01
2.793264515739022613e+01
3.872981982822575020e+01
4.952741340857897256e+01
6.019623426832308866e+01
4.794541940363841093e+01
4.379349235471321578e+01
4.992176586751507728e+01
5.607224553331774786e+01
4.261367114706403925e+01
3.975371650319042516e+01
4.942642325341837761e+01
4.341214489791905606e+01
3.719032555718591482e+01
3.741176334931046199e+01
4.310702023137032768e+01
4.050549095819825141e+01
4.698550861563067826e+01
4.361401708737169969e+01
5.226278139686443325e+01
3.606278298234718704e+01
4.861045051902456038e+01
3.909624880710014594e+01
4.706388645178036967e+01
5.573798581784434703e+01
5.723451780863243954e+01
4.032173366606421183e+01
5.292780222849587091e+01
4.945943589919694716e+01
4.187220339441271477e+01
3.055103807078341305e+01
4.659299165963636824e+01
3.946004389677678148e+01
4.408092141027328381e+01
6.431474378212450915e+01
3.853236149142163214e+01
4.857821899985561487e+01
3.788884280480984756e+01
4.031798930469170728e+01
3.099853072441452539e+01
5.067178572016555194e+01
3.510920520004165724e+01
4.003540266660484548e+01
4.840398209536835594e+01
4.520514787214011676e+01
4.987876005590054262e+01
4.063344774691557149e+01
4.702556710713449206e+01
4.563863972966444038e+01
4.541210242026070176e+01
4.385906001224514483e+01
5.982589355646542373e+01
3.933012383720772931e+01
4.405756533557986643e+01
6.019981756577524123e+01
3.450959444319784808e+01
3.542006886732401227e+01
4.343108219930757485e+01
3.791490674783728565e+01
5.290429488528358348e+01
4.560572255021949672e+01
3.764047615485531395e+01
2.765731374532122899e+01
2.323165367117027458e+01
3.092438160447447615e+01
3.000677916618536045e+01
4.830580230523177931e+01
4.490308029157932168e+01
3.497926496219980663e+01
4.312345098781203490e+01
6.102594010895762722e+01
6.930814555355198081e+01
4.557900543972218088e+01
5.788968491389798032e+01
5.580425737065843350e+01
5.113195677124552674e+01
4.514694063821021075e+01
3.638040889565920111e+01
5.209148686627257518e+01
4.217299916431569784e+01
4.914681480796594570e+01
4.866038551351804387e+01
3.909024669693828002e+01
3.465863280977428929e+01
3.847694346169274127e+01
5.729861011589580500e+01
3.900347335106170732e+01
4.894496980056219826e+01
2.170514315570325792e+01
3.951602258342602880e+01
3.196788666347013930e+01
4.870721055300759161e+01
4.413016445922438180e+01
2.769626585883570868e+01
5.142382543665303984e+01
4.913377331983807039e+01
3.148010350732311835e+01
4.213436357151220335e+01
4.591337068467072413e+01
4.830034893152799214e+01
5.052780408788227362e+01
5.435259099388844817e+01
5.286450533819205333e+01
3.770003418028899489e+01
4.637317491711242212e+01
3.638182133415529762e+01
4.413631889843118472e+01
4.520350857030062031e+01
3.342873350349013606e+01
5.389554201314889781e+01
4.085190284229887681e+01
6.078666995286352659e+01
5.398637026854733278e+01
3.751280541571555460e+01
4.133204307012629641e+01
3.866488951823814801e+01
5.101059993294110484e+01
3.266449663337628095e+01
3.949415828296326936e+01
2.854146593374976604e+01
3.194122236885328903e+01
5.352809795430911777e+01
5.213685627923935328e+01
5.337442126520890895e+01
5.253931482773208472e+01
5.156491913504471825e+01
3.914520278885855475e+01
6.246782003563235719e+01
6.109116027530207305e+01
4.217485145865861540e+01
3.378899635202035512e+01
4.985119803226402269e+01
4.225809154879819118e+01
4.774164082699671496e+01
4.657613505022474243e+01
4.736164329189701760e+01
5.730067795538982978e+01
4.394594684424907172e+01
5.106382880978176075e+01
4.406328459717916246e+01
5.332441642474285715e+01
3.609501752352051085e+01
3.906885358724206725e+01
3.309518154034574167e+01
3.712946816743517076e+01
4.404143301430863033e+01
5.526054688698215500e+01
5.784354401709581595e+01
3.910838094542639709e+01
4.411215437452975152e+01
4.622851092009709362e+01
4.676071624245048497e+01
5.162275259925274895e+01
3.660912981208331018e+01
3.983244836599909888e+01
2.900318192417712027e+01
4.340302940657663555e+01
2.898381213502773690e+01
3.245344983350462797e+01
5.467744327613639399e+01
3.074466151744415399e+01
5.563094745710623812e+01
6.188481239548937651e+01
5.459516295061758484e+01
5.401970005443724432e+01
5.083602976150682196e+01
4.897278636926350259e+01
5.283042165007357482e+01
5.303048774554007849e+01
3.079752887400898942e+01
3.944021730186520358e+01
3.507346296999367752e+01
4.024821263264088600e+01
4.126670537889178547e+01
4.578679574823323151e+01
5.238463149658598184e+01
4.278870566514528662e+01
5.230004065291594628e+01
4.497640619457320099e+01
6.257679325686454774e+01
5.506337130815650482e+01
3.734747175384222118e+01
3.740146068085128661e+01
3.111363080248210267e+01
2.607837563508715917e+01
3.633952142480464431e+01
4.204038268749165042e+01
3.971219952222310212e+01
5.334802158650387582e+01
4.668866232612715095e+01
4.452528767310489144e+01
3.535611303925603011e+01
5.311355134037377468e+01
3.231293415628793042e+01
5.535137293225094623e+01
4.981653821329484799e+01
5.595143582582567632e+01
5.136027321737382323e+01
5.381176904746318002e+01
4.022770443246012206e+01
4.915923587784197224e+01
5.623400266768789635e+01
4.578538846171984744e+01
3.816212466258921410e+01
4.970739034376766341e+01
4.732657802281224946e+01
3.834113252448304365e+01
4.052776492876811432e+01
3.776120809100655862e+01
3.546394992443779870e+01
4.890280641634666381e+01
3.958201832603670312e+01
3.182493705575890175e+01
2.710647042764415815e+01
3.643171402395199010e+01
3.636212978996314149e+01
4.038346780776652167e+01
4.211184480397118080e+01
2.858680895052287241e+01
4.480362759412767559e+01
4.746478599699538847e+01
5.403721522852126213e+01
3.908063860724070793e+01
3.229141613995231097e+01
4.144423133051125774e+01
4.277418876625536370e+01
4.865467207115796100e+01
4.737673966824587524e+01
3.979521137527702734e+01
6.752975539828345575e+01
6.076330247337170221e+01
3.116354009143058335e+01
3.937397427187733712e+01
4.188910864476557094e+01
5.424949424561498290e+01
6.294378790008664737e+01
4.492634242949171153e+01
4.509951849032783855e+01
4.449247699979884629e+01
5.006777609468891654e+01
4.360365592622050457e+01
5.710786052635539534e+01
5.349392261071474763e+01
4.038484354500696583e+01
5.926307957808235471e+01
3.786773141037767232e+01
4.385401504395459682e+01
3.950922186607112252e+01
6.343674389659808810e+01
3.803627850939757593e+01
3.612845666380613352e+01
6.795540886250519463e+01
5.668685989343773457e+01
2.986707872967535238e+01
5.024369863832855287e+01
3.832067350985395393e+01
3.441853155802282060e+01
4.552342872856078770e+01
4.250847633676774251e+01
5.611748378651924440e+01
5.102147970715204650e+01
4.851769874474999966e+01
3.805289159538343569e+01
6.196855617374289693e+01
4.208944441828430882e+01
3.934767138757291605e+01
4.317381052138805586e+01
3.840625525883741176e+01
4.178725301108377010e+01
3.378477384125697114e+01
4.346069169579521230e+01
4.106463945699432116e+01
5.300863371586861916e+01
3.239343024175447283e+01
3.534890524483324725e+01
4.420284638534010213e+01
5.493738618270665341e+01
3.037094339479256533e+01
3.442362564337886965e+01
4.145717478360288055e+01
5.893260378488395190e+01
4.014806300678039719e+01
4.293295414197131521e+01
4.413783412526654359e+01
3.278615029691857075e+01
4.836183041658820514e+01
3.814191214157477816e+01
4.975353438362470371e+01
4.230140159662440169e+01
3.739612787404662697e+01
4.566181376268613690e+01
3.774062302318174744e+01
2.934760952009343171e+01
4.299227611962632523e+01
4.061640766318718221e+01
4.199460576237877518e+01
3.713046195810157002e+01
5.274939369708218351e+01
5.819254247773525890e+01
4.092440336869903916e+01
4.965661008397992049e+01
4.346543688116636162e+01
1.903788469717461140e+01
4.747797778129036317e+01
4.429397015857743014e+01
5.684339529475366959e+01
3.842776276207483477e+01
4.193108518724611855e+01
4.020470941985880842e+01
4.220242566579909038e+01
5.921258767343104523e+01
3.802371675463546552e+01
4.368581667309872785e+01
4.517426842276702104e+01
6.074845437562681383e+01
3.437466280997075785e+01
4.686076866760271287e+01
4.087723488230082580e+01
4.412266438267958080e+01
1.886974263300035304e+01
4.076352345672066235e+01
4.438936355083773577e+01
4.496341806530617902e+01
4.297682724633808249e+01
3.538314548284863292e+01
4.059550386744586348e+01
4.514013020925579411e+01
3.722027450726151443e+01
5.267747385030311591e+01
4.237163196505520091e+01
3.602796712423512560e+01
5.032264796356786718e+01
4.754605004237382104e+01
3.429577836452788375e+01
3.769098967542898038e+01
5.522845613556783206e+01
2.960837378205432202e+01
5.059000617579688708e+01
4.483566727690314480e+01
4.230362041160436348e+01
5.602287820076213620e+01
5.760064973262765875e+01
4.467032300119534938e+01
3.392516209754651157e+01
2.701487240051146799e+01
3.471833547015167909e+01
3.427947434220765643e+01
3.877129838711770304e+01
3.347579021627539930e+01
3.788242118931657387e+01
3.429971046903566645e+01
3.099309458427276809e+01
3.676523204726469629e+01
4.495069993446330869e+01
3.537596890872627142e+01
4.593841941863579592e+01
3.399988838678354597e+01
3.168244786209544017e+01
4.389987215224103778e+01
2.973304876384829143e+01
3.827947929703446306e+01
4.847910593561198311e+01
5.053037789800580981e+01
4.603397749795411897e+01
5.537761439229259963e+01
4.823807751542682354e+01
5.834987130319181148e+01
3.023362989318353300e+01
4.942845398976981386e+01
5.110551258527446095e+01
5.421376065841447200e+01
5.315773322160367798e+01
5.272462426689785531e+01
4.814993351718633363e+01
5.819219064895916205e+01
5.799520426129925710e+01
3.982445595790839121e+01
5.621272660735503734e+01
4.460066767312888913e+01
4.502988056822089646e+01
6.394417080653288821e+01
5.225218600030778049e+01
3.875580030901387119e+01
3.689359591913708414e+01
5.317136772583244664e+01
3.095497964937112911e+01
3.733005636646361580e+01
6.350672920313586189e+01
4.842546287993322807e+01
4.808700040348467297e+01
5.395391554258348776e+01
5.899656143893385973e+01
7.369147618540679900e+01
4.091890081569494697e+01
4.910341038058123786e+01
3.826595111539067062e+01
5.171060015752258465e+01
6.421281377560585213e+01
5.942003141379810671e+01
5.073423773133438175e+01
3.133918578143947542e+01
4.758370517771504637e+01
3.194048250041180026e+01
5.510221306874407787e+01
5.211279485797136601e+01
4.039856126007185111e+01
4.722396817681571690e+01
5.538696746817005589e+01
4.289163744444719839e+01
4.007202433969761302e+01
4.375619500251052330e+01
3.588585596138081257e+01
4.396721118258868444e+01
3.802714139602457522e+01
4.707435273158167632e+01
4.160075525215006564e+01
4.105742854251295171e+01
5.207964074772694829e+01
4.718168770304386328e+01
5.084891716154376695e+01
6.290647885241769899e+01
4.537965053348822408e+01
4.056850400962404279e+01
3.866213955017250470e+01
4.256185062626425974e+01
3.585313462434706366e+01
4.306725746824972134e+01
4.380502761296743586e+01
4.452156336700095807e+01
