2.671374001168016488e+00
1.044845970579736383e+00
2.998592835316651772e+00
2.398901668631570061e+00
3.175376687872871528e+00
3.224102901604989579e+00
1.888581668690390680e+00
1.476578531367986225e+00
3.648783216859391221e+00
2.739150031421991205e+00
3.778501923962691134e+00
3.249855649292354265e+00
4.866996850025922861e+00
7.502911552894670599e+00
2.435552359084595331e+00
4.179590290955631282e+00
4.661198589776368806e+00
3.272856783107868317e+00
5.756220109891422076e+00
2.763702005410525242e+00
3.277280695426980639e+00
4.948358002442438064e+00
2.918663211785182732e+00
2.130003894854854529e+00
8.649592010560848365e+00
2.519479202691013775e+00
2.359787009929073420e+00
2.922846977969504323e+00
5.594653539353227956e+00
7.561000203685472876e+00
3.809912726005632688e+00
2.912461345178083860e+00
3.949560656434670136e+00
1.024614071096578760e+00
3.423317929086538758e+00
1.290406609258152759e+00
1.632676983484921962e+00
3.356615962228590710e+00
4.108692515340474749e+00
5.408162934961225687e+00
2.663184127527257861e+00
2.786120715501350542e+00
3.507248704615173462e+00
3.038137356379102538e+00
8.026392747476746692e+00
6.259825371821424511e+00
5.196452348647223829e+00
3.424778280711030298e+00
3.861021148525597635e+00
7.550118700254291326e+00
2.708153925712148080e+00
9.293398723497880098e+00
6.618717691480981102e+00
7.612709973777156414e+00
4.506010696208585742e+00
2.055908262551632948e+00
2.458261645107221227e+00
3.201290904026306450e+00
1.461942107094091670e+00
8.120883569291061921e-01
3.525837560438734641e+00
1.931777956464963975e+00
4.537121455417632454e+00
6.488264483661416726e+00
3.431935677791126960e+00
3.312991166147646993e+00
8.942942081201454840e+00
5.045041957803478638e+00
3.129998861713935376e+00
2.511498518907005817e+00
2.087312352380260805e+00
1.826869835975816425e+00
4.969072918629214186e+00
2.025671678049171920e+00
2.738876498289980255e+00
5.170769473330086186e+00
9.848029553684664705e+00
6.519799682046005351e+00
6.159547801518297838e+00
5.569742528523280001e+00
6.072795689499252525e+00
9.581871426780647738e+00
5.258901523784992094e+00
5.070453887790778325e+00
2.766738153936631583e+00
2.391360215557619018e+00
3.662573754543613003e+00
2.568597174771007463e+00
4.864623037794258309e+00
5.819554647389168167e+00
5.760724140781620761e+00
7.170022656333249422e+00
7.952012568684192040e+00
4.020352961855893525e+00
3.117878850314314221e+00
3.537323959685769736e+00
8.937717505923417960e+00
5.540281095594997929e+00
7.013366816132166726e+00
7.842531515986781443e+00
4.982537080031434584e+00
4.770765826111005303e+00
4.872300989658091552e+00
2.762427927621258661e+00
2.891169840560253057e+00
4.589968946716732390e+00
2.261301282275526514e+00
3.886656680942336628e+00
7.369864075952503590e+00
6.297847413611563638e+00
3.147718323791062645e+00
5.655971918062688175e+00
2.914315615181716002e+00
7.710563327646616116e+00
8.234015939069898593e+00
4.074189776605581237e+00
4.316693888266890156e+00
3.975245219705341615e+00
6.125234584742235810e+00
4.007054532128022650e+00
3.806413444189034045e+00
4.782694416698936912e+00
3.546583818282133649e+00
4.691100510315786565e+00
5.246217662835960915e+00
8.722993306530034019e+00
3.100514057190243644e+00
9.104285537622803792e-01
3.210625486596279554e+00
3.088347901237173510e+00
3.119494423694701979e+00
7.216024157357928459e+00
1.437897435777150346e+00
2.257261974650325076e+00
1.143004974642570781e+00
4.619171645308251861e+00
2.099618285008047813e+00
2.021194079572150581e+00
3.358223616409624857e+00
5.151413916361288869e+00
7.949815082753860507e-01
1.996156649657243598e+00
6.258419981918124542e+00
3.686357860628348693e+00
4.445474062756687772e+00
6.332317368763295207e+00
5.423784016059208568e+00
4.278540697346990385e+00
2.639631870790784429e+00
3.737120833025038280e+00
3.789149192767713892e+00
4.476923425258502398e+00
3.218629652145574838e+00
3.471272373817798407e+00
5.497661162371543675e+00
6.470225826332846708e+00
3.730111767586858473e+00
3.244373671890694588e+00
4.519291576619838935e+00
5.770571326455207206e+00
5.248294650032533148e+00
3.885411115942414728e+00
5.631886162556398290e+00
4.172815482798797326e+00
1.134486796753362281e+00
1.934316875339728847e+00
3.288111215858492198e+00
3.136910417171266285e+00
7.588107081072251958e+00
4.290982372222917895e+00
3.324793398900185437e+00
3.805260510465897639e+00
5.020873442577821422e+00
8.018949587941245127e+00
5.810552635713762015e+00
8.855414987876045529e+00
9.767625701714790054e+00
1.507558269110536564e+01
1.380010983154721771e+01
2.236689438205771552e+01
1.252484179436340739e+01
2.652706982408604119e+01
3.237227524657644295e+01
3.507815582192158388e+01
3.074438726024577662e+01
3.494439424276425399e+01
3.713742639087443109e+01
3.797115880068900395e+01
4.916550001348937116e+01
4.795628255251826033e+01
5.149678320910486207e+01
4.517425527784823203e+01
5.512796299175647619e+01
5.346476592102669656e+01
5.517293371730551854e+01
4.613465727541463934e+01
3.357558782327397751e+01
2.856699576649692673e+01
3.070050466580556758e+01
2.889439991909074124e+01
1.893637275896120542e+01
2.251108296537197262e+01
1.644210639135467744e+01
1.522488930998848922e+01
1.060587636794377353e+01
2.195939948644207362e+01
2.571666069695207923e+01
2.398125623321650934e+01
3.094837511201502522e+01
3.845769498754220450e+01
2.775650731194401999e+01
2.531106879985079061e+01
4.287390545816610654e+01
3.973342357891891652e+01
4.420603431678846817e+01
4.456781914542435885e+01
4.382249590025030983e+01
6.306345456844457686e+01
5.856090428440921869e+01
7.536658575080411993e+01
6.942064874615535075e+01
8.761101600358466612e+01
8.865010634401907907e+01
1.018112726552804475e+02
1.195483438819850761e+02
1.311266967526517817e+02
1.633968157074394867e+02
1.888277108052140534e+02
1.649457227653817029e+02
1.801258288524477962e+02
1.695935945860361471e+02
1.883556660561590945e+02
1.670462998869445812e+02
1.567839076125407587e+02
1.659821906305783159e+02
1.783983028287518664e+02
1.789787265286085187e+02
1.766929518819581233e+02
1.722111673953799595e+02
1.885540005721439343e+02
2.088624856432124659e+02
2.099499300193128306e+02
2.215160017683507760e+02
2.375327853021858289e+02
2.966478572222060848e+02
2.939231743280934666e+02
2.864937552512622574e+02
2.864054725255958829e+02
3.131548473838364544e+02
2.804372327326288428e+02
2.552163545871125621e+02
2.314016785065530541e+02
2.092755333037026162e+02
2.025444445722037585e+02
1.722458247620541272e+02
1.543477933225183847e+02
1.322908030746123416e+02
1.190990025598240010e+02
1.137579913555404261e+02
1.094689388483902377e+02
9.936108553913612695e+01
8.614062589442370665e+01
5.514740935824450929e+01
6.462577358200465483e+01
6.123392972095142284e+01
7.105835109628274893e+01
7.824837070003238182e+01
7.841026843233696297e+01
1.007553796986682784e+02
9.788945930725233779e+01
9.463561841290244558e+01
8.486692591626885473e+01
1.076120571330709055e+02
1.283192540500246253e+02
8.387929226572812524e+01
9.394542344818229651e+01
8.951168482635137025e+01
1.019902908173672813e+02
9.429673089119273754e+01
1.073426817199123349e+02
1.130608359115886543e+02
1.538851397426734309e+02
2.056420155349569541e+02
2.417678263574422601e+02
2.667433405832251196e+02
3.079560323797262527e+02
3.608614599274799275e+02
3.859531680217298231e+02
5.000014100215603321e+02
4.991944881596576806e+02
5.944013753373407098e+02
5.914017926818191881e+02
6.189133345104025921e+02
6.321059981225973843e+02
6.189416110198062597e+02
5.862602137221155090e+02
5.741466265024157565e+02
5.642832685645436186e+02
4.721768764272663930e+02
4.295473508729512560e+02
3.696547831441994276e+02
3.402454170094441679e+02
2.382535670041660865e+02
2.275880235836801830e+02
2.026753168849576525e+02
2.139491965727175966e+02
1.417748839929542441e+02
1.207383058447382922e+02
1.041834426771889071e+02
1.132833862374226896e+02
1.078375716451560891e+02
8.936084920487570571e+01
7.892076369215530462e+01
7.358479276726640705e+01
1.076341594506808264e+02
1.117823363333082369e+02
9.835573342733765401e+01
8.092378171242263818e+01
8.849543511099972193e+01
9.580035419885038550e+01
6.730350577765744902e+01
5.691106746767670899e+01
5.279149771118611767e+01
4.591286569147045071e+01
4.037210825804293535e+01
3.441627731470070017e+01
2.719186771345552955e+01
2.547879064911933966e+01
2.560210925470852317e+01
2.162560920419541333e+01
3.076263251216447614e+01
2.656021030081434020e+01
2.820468831469007398e+01
4.000985470779813369e+01
5.426243278141284065e+01
3.333279351421718673e+01
4.419129976975948892e+01
5.689230496407016346e+01
4.397272198640917651e+01
5.711241702989894264e+01
5.696377137407377944e+01
7.106292355161417618e+01
6.242498859157278446e+01
8.620064319963070432e+01
8.069085821908731759e+01
8.876785781082915605e+01
8.858362813252404067e+01
1.083527046938145020e+02
1.280420338809689440e+02
1.233160100807450306e+02
1.125635972753724161e+02
1.274605394855016414e+02
1.426718167737184899e+02
1.479928794590838095e+02
1.066876631576292596e+02
1.172377992091549572e+02
1.107645320859042357e+02
9.993246513507493489e+01
9.756574298398963663e+01
1.068110564912083760e+02
9.309470975071390342e+01
9.022748679571085972e+01
9.112047692651186992e+01
7.468852569887097559e+01
6.523135505816938462e+01
7.031682961316826663e+01
8.642396640038022326e+01
7.134213944860576362e+01
4.133383591550531833e+01
3.778966917773391287e+01
3.218395346434135718e+01
2.982287329413267685e+01
3.671545702691408763e+01
2.248839215675860004e+01
2.235538817664007283e+01
1.765157408684675033e+01
1.723595808590676626e+01
1.843922799683747016e+01
2.229157774470249365e+01
2.129741401735969930e+01
1.567224586822779919e+01
2.179091258704055889e+01
1.868352830998093594e+01
1.931716632466885386e+01
2.397321553679022088e+01
2.552008264144047089e+01
1.836501461639529253e+01
2.688409996849564720e+01
2.621582981580995053e+01
3.877336436265463959e+01
1.833393103303512461e+01
2.624061535514244881e+01
3.397885552741932003e+01
4.054180774275219790e+01
6.353460356644909268e+01
8.246939102410397027e+01
8.448928266783519803e+01
1.103628533149770163e+02
1.097741797870325229e+02
1.269699770249272177e+02
1.490622584637015962e+02
1.760872755760990174e+02
1.974371029512226698e+02
2.057000325774004352e+02
2.118064136383750622e+02
2.089731707712742832e+02
2.406182516188482907e+02
2.222764616185617399e+02
2.315725129514778757e+02
2.065269804724233609e+02
2.034991328756264863e+02
2.169411941516728461e+02
1.769088410883599920e+02
1.399165343225902518e+02
1.257411392563286228e+02
1.133977832343180410e+02
8.034574202729386627e+01
6.692998682767878904e+01
5.912293702768416637e+01
5.975829227334386218e+01
5.892426340894593295e+01
5.960746260168561150e+01
5.829486848770450536e+01
6.395766207088088606e+01
6.081603727666328751e+01
7.038338373729254727e+01
3.455547150812564894e+01
3.913022071351812059e+01
4.378413338181460546e+01
4.801167231377890232e+01
5.456305343391154139e+01
4.970236256045875933e+01
7.163509548479191835e+01
6.584296543610133767e+01
9.698671721428020476e+01
9.277299576756597332e+01
1.404796172794372922e+02
1.561604767840595969e+02
2.745779791463758670e+02
2.931645973706335440e+02
3.410300372532840356e+02
3.174470556194883102e+02
3.854789814439201905e+02
4.075498266360799562e+02
4.132240176168954235e+02
4.512957498021299330e+02
4.587888820318757439e+02
4.685870937578749817e+02
3.921201710968668976e+02
4.011269094508829767e+02
3.396144026951254205e+02
3.193649230797155951e+02
3.024818276724473094e+02
2.802054260829590930e+02
2.147471795708583500e+02
1.993218171038535047e+02
1.387786327579556485e+02
1.393939841159327102e+02
1.351223960423457413e+02
1.472803827505681511e+02
1.271003381662387000e+02
1.724218112298119081e+02
1.429798567856704210e+02
1.575705348249297231e+02
1.318984959830249863e+02
1.752462100446458919e+02
1.295070245343575266e+02
1.722314905678699688e+02
1.037094204597316462e+02
1.362177770291005459e+02
1.460246336788263761e+02
1.711220503161426052e+02
1.789000064852124865e+02
1.850861278648475832e+02
1.676739613907057844e+02
1.771946250009180801e+02
2.121995503546411044e+02
2.487850502831892641e+02
2.283708982854842873e+02
2.227740955259943405e+02
2.136475384999733365e+02
1.865157003391692854e+02
2.098842749316705749e+02
2.157987026693394625e+02
1.821565108514177780e+02
1.577111244091700542e+02
1.677227645916368601e+02
1.793012052222625528e+02
1.528961212932546800e+02
1.351398358107733486e+02
1.185283602020146532e+02
1.122016933198767674e+02
1.000502295477222816e+02
8.648940585642309031e+01
8.332111029704279304e+01
6.444415102463898393e+01
5.381297234172902932e+01
6.760022371904052818e+01
7.729840430641057480e+01
7.483079335729718196e+01
4.653283310587909227e+01
6.275779010973447214e+01
6.122125619400158314e+01
8.288002256633720322e+01
6.780713484699982985e+01
7.078656568618661993e+01
5.891546687828537188e+01
8.430474813742866047e+01
8.219096996923352094e+01
8.952720174955760513e+01
1.030779183191749127e+02
1.072646302968494894e+02
7.449890010820602981e+01
8.829755265216364535e+01
1.132575835724112494e+02
1.462197052393208310e+02
1.655850049130579578e+02
1.703890876838945019e+02
1.766196155007046684e+02
1.702025062025706461e+02
2.238354215550078266e+02
2.329180910844792720e+02
2.186797890580557180e+02
2.230217468859723056e+02
2.009039338342756196e+02
1.750775971142068954e+02
1.637477271376855583e+02
1.546757446840595662e+02
1.390983314971122127e+02
1.235078764921980792e+02
8.255197253188950413e+01
7.668516543760247828e+01
7.448275248674094939e+01
7.670300678752946055e+01
8.764871182582571407e+01
5.271667691653200194e+01
5.613910869438626605e+01
7.206365877659457908e+01
6.841864536964240529e+01
8.814732249863580194e+01
6.030493511061626322e+01
7.462855851020003684e+01
7.533367812828485910e+01
1.037683254691809083e+02
1.428799025185446681e+02
1.164701541306542083e+02
1.658653932818595251e+02
1.775070742848013765e+02
2.201278678957047248e+02
2.377709908546696624e+02
2.321857681304915673e+02
2.400256283062172997e+02
2.762992534902761577e+02
2.871033101402228453e+02
2.652757446689855669e+02
2.665311651319647694e+02
2.625082668457400814e+02
2.302880281542019816e+02
1.698261408172260190e+02
1.626585541806532547e+02
1.343079351661720864e+02
1.128916530044561597e+02
7.201698844216761586e+01
8.086985471099164613e+01
7.510494570660718239e+01
8.105401943897187778e+01
6.253501112942223017e+01
6.559858982613718581e+01
5.445675768103155434e+01
5.398510739071546283e+01
5.351544659280347815e+01
5.623062267619297216e+01
6.087759710799602431e+01
5.469758322053725408e+01
5.183191673206297878e+01
4.816282424407707907e+01
6.161604517878670606e+01
5.616725770437093246e+01
4.211507768242189798e+01
3.155122474141966293e+01
2.137911393160716855e+01
1.990113366478894719e+01
2.763954259654468615e+01
1.955792637249090049e+01
1.970977771340870532e+01
2.383798570747281786e+01
1.762067066092994239e+01
1.960260827715075393e+01
2.803221701726601012e+01
2.916666055867617047e+01
5.116495143628675635e+01
5.092769609857005975e+01
4.225664407827076730e+01
4.954585296690214591e+01
5.505063130702242091e+01
5.973289705054126841e+01
7.324160291791341137e+01
6.661725889434734427e+01
7.360701967282798819e+01
7.464883702598945092e+01
4.748535830216253117e+01
5.080744089948459674e+01
6.545648762427039458e+01
7.230630572392495026e+01
8.161021405866154055e+01
8.077903843878593193e+01
4.801001143490021406e+01
4.885272337660080666e+01
5.807066223983104436e+01
4.560176174476566757e+01
4.212768290663700554e+01
3.913223000404098428e+01
3.779997642995567730e+01
3.976147597307296877e+01
2.867533178926877824e+01
2.210145003892498394e+01
1.502139439307946667e+01
1.924155260553331104e+01
2.682300283138929942e+01
1.508753991112553017e+01
2.237979315170023042e+01
1.945839416427879343e+01
1.928515129005648987e+01
1.408545279050642485e+01
1.963981417366439430e+01
2.045189786949160293e+01
2.168363537039509836e+01
2.211733820922495397e+01
3.689565601492274993e+01
3.836091459166799922e+01
3.573335117398944760e+01
4.167645535571039517e+01
3.269383836885699424e+01
4.463801779467161168e+01
3.997418892126692924e+01
4.279214535747942705e+01
5.004593924555765483e+01
3.936112331047347368e+01
4.264437844147263945e+01
5.082947318704727735e+01
3.757456890382125181e+01
3.433932424668179095e+01
2.712802597767158019e+01
3.630362905296399845e+01
3.166653328212694518e+01
2.971484312141407713e+01
1.872990326343879275e+01
2.987289234930787885e+01
2.929197829361719130e+01
4.331306114617799352e+01
5.573845518540647959e+01
7.521054075164637709e+01
9.114324772680980402e+01
1.055054729344110598e+02
1.186147748480906472e+02
1.415627619130690675e+02
1.429011217999408530e+02
1.500170599340208355e+02
1.570714363428840556e+02
1.820587503352585941e+02
2.192691763233358984e+02
2.226142656536768243e+02
1.850512403438836486e+02
1.628219906762341225e+02
1.515832840699166582e+02
1.481229782094240193e+02
1.491724606749485247e+02
1.344615430624970429e+02
8.746375296086480944e+01
7.762690355481528570e+01
7.513292203214646747e+01
6.209530822185551102e+01
6.277984980184480435e+01
4.304724949045553473e+01
4.761185572659475440e+01
5.101684387138493548e+01
6.274846346280860132e+01
6.243880910812426777e+01
3.938722330776533909e+01
3.849126192886858178e+01
5.181149444036356755e+01
4.222982902612273648e+01
3.716943557312199431e+01
2.502766368909070849e+01
3.986572767154416397e+01
3.013259229753460389e+01
2.851694377692288640e+01
3.246251439905165626e+01
3.003960057670729356e+01
2.230413749055702155e+01
1.595419297133573266e+01
1.441731117324689926e+01
1.309557921373570011e+01
1.046743454543945617e+01
9.852546973103811112e+00
9.684309837676098098e+00
1.199604382488648291e+01
1.950659795221886128e+01
1.075153697317051282e+01
1.110040482887262847e+01
6.978444121096241126e+00
1.235609636712801596e+01
2.356856269623015976e+01
1.456190066645890546e+01
1.689986900738082909e+01
2.001712542389999427e+01
1.797170705572557736e+01
2.843870531363671361e+01
1.472589718360966771e+01
2.092800904564703757e+01
1.568154567330440763e+01
2.603422478458769618e+01
2.686080192798203825e+01
2.785058770929010308e+01
2.776477145409357661e+01
2.295386751934323044e+01
2.056509454436053019e+01
2.113713559045886470e+01
2.257260644207416078e+01
1.415780641491827829e+01
2.130933420009350598e+01
1.686917181984160052e+01
1.169504480529846724e+01
1.396117817915689763e+01
1.577281779592771471e+01
1.765032268697850526e+01
1.622918228828476117e+01
1.963563555616039480e+01
2.238008988391618814e+01
2.004801744224420190e+01
3.571190607459084987e+01
4.273829342675820442e+01
4.197719984247902403e+01
5.471371420968090860e+01
7.036803445313529437e+01
6.999409573201955936e+01
7.810926462129751258e+01
6.432006640468705427e+01
7.207379073247194867e+01
6.521669867783421637e+01
9.395962514394830123e+01
8.746110023215922524e+01
7.977037062227940112e+01
7.050524720447856453e+01
7.039921510311599206e+01
6.203365393908332237e+01
5.376826543079749143e+01
5.319094520118781588e+01
4.036971346596585875e+01
3.283610008553600323e+01
2.639006839357538325e+01
3.474378231299172626e+01
3.627481043996918686e+01
3.767074962540581851e+01
2.358000730113567656e+01
3.438263832008176735e+01
2.915239307389889944e+01
3.893601695333741475e+01
3.066398255310412679e+01
4.502234743813179563e+01
3.951439135356780952e+01
5.042840309570040347e+01
4.158643643141267887e+01
4.601810979801859247e+01
5.124151485832786790e+01
4.354170677207130780e+01
3.953618340877581971e+01
4.090234197570196528e+01
4.703411071437042779e+01
4.211802112514881458e+01
4.213237076215800414e+01
3.931331790437866402e+01
6.022326032067616808e+01
5.321367108253213729e+01
5.056503972837420235e+01
4.019090960811951163e+01
4.673356335006393181e+01
4.660528705380796310e+01
3.869499323579739070e+01
3.352876438901066791e+01
3.386273526113543397e+01
3.818879251318265489e+01
3.409659029869980884e+01
2.897596723187406198e+01
2.185561803075693987e+01
1.847670562994046861e+01
2.879571951829809251e+01
2.236148427195704613e+01
2.327372904520035135e+01
1.971351825821226811e+01
1.238307435584213145e+01
1.454303827405064808e+01
1.783782591808899554e+01
1.381156252593391542e+01
1.061797252376415734e+01
2.077931366156498072e+01
1.535631556763959793e+01
1.623224927665847162e+01
2.695987851867353058e+01
2.103042963472351090e+01
1.459848947165096256e+01
1.416488823186401902e+01
1.317671955166639641e+01
1.631783358976780818e+01
1.222014299511227442e+01
1.591523539438250268e+01
7.857360146291936687e+00
1.079751281032266341e+01
1.727329551015650111e+01
9.234749610681486587e+00
1.065546250070161527e+01
9.617369179550911085e+00
7.820432061042318139e+00
1.460556312875351281e+01
1.824495673554500641e+01
1.428474351276682519e+01
9.411474086474795442e+00
1.053639759804175924e+01
9.264115188328885253e+00
1.148092431886478870e+01
7.107356780880401459e+00
1.603557698447604096e+01
1.370171430039946792e+01
2.113504591017604639e+01
1.459931767954228299e+01
2.457424668304891924e+01
2.257883501548819893e+01
2.416000112476921302e+01
3.067849172000316571e+01
3.011137663507753004e+01
3.043050512104571226e+01
3.117522299844854317e+01
3.364142868030470623e+01
3.781970948324519810e+01
5.254533182833807103e+01
5.371240977066725009e+01
5.667232222433881361e+01
5.321792185263580421e+01
6.425153684794547360e+01
7.199736084759899768e+01
6.737877645504661928e+01
6.751747312500407361e+01
6.660282196457356463e+01
6.655705333415454561e+01
6.610290135897831476e+01
7.186030216890507916e+01
6.664678271954414868e+01
6.455980160350891595e+01
6.105474374877832844e+01
6.123300884406666711e+01
5.588709134303402948e+01
6.052731209425993342e+01
3.688105389165098558e+01
3.617345631389285643e+01
4.218310329142833837e+01
5.561789235700767620e+01
3.418455640419220032e+01
5.397045457610769148e+01
6.263943699049095670e+01
7.082138721398794701e+01
7.916816364440899179e+01
1.000543086326137399e+02
1.087963702307707763e+02
1.064971266384900161e+02
1.124276214188123362e+02
1.311647262548115123e+02
1.300170350153101424e+02
1.584805325815979984e+02
1.637648673576055671e+02
1.814405387139699428e+02
2.547952588354544616e+02
2.425713503707034135e+02
2.347386561499930622e+02
2.554533338720978008e+02
2.544363462331016308e+02
2.384791475272001264e+02
2.767207218449971151e+02
2.903386242628620266e+02
2.361411797889138313e+02
2.459692366169776960e+02
1.887859620378685008e+02
1.796722440985165861e+02
1.701066784656816537e+02
1.544859577503819139e+02
1.314132907631225180e+02
1.200863129433730307e+02
1.173222732677771063e+02
1.012725164224580539e+02
1.059645094336745785e+02
9.201684303694747769e+01
8.572761516343994970e+01
7.544390605255578919e+01
9.000160575480222747e+01
8.019868089254087806e+01
8.029354517777412070e+01
8.025893173824873372e+01
8.835523831675915574e+01
7.393188660161092685e+01
7.615974196716946665e+01
6.396139533849007819e+01
7.825401119277032080e+01
6.601603366924713612e+01
8.578541188228675196e+01
7.429830149976268672e+01
7.107579437059584393e+01
6.798468027781019885e+01
4.595214626781055500e+01
4.689539193305746778e+01
4.682480634481157722e+01
6.154378695392608734e+01
5.553363700047025731e+01
5.556359709629311538e+01
8.496113048285081959e+01
7.669289155523433976e+01
4.727507285017849625e+01
4.688312121854124825e+01
6.614972181794297512e+01
5.378053582001108168e+01
4.450490728149981123e+01
3.849211551414038723e+01
4.298399998124568810e+01
5.635126751513836041e+01
3.720621451110407918e+01
4.214439297856989697e+01
6.267937065975786481e+01
7.004712236913431411e+01
8.389014338449342745e+01
8.220040239858346354e+01
8.179062216347165304e+01
9.280914632664745056e+01
1.161049805299928011e+02
1.039833136064624881e+02
1.212459946019611863e+02
1.212732279347383155e+02
1.261947858840660928e+02
1.139388105244837419e+02
1.440286740343848919e+02
1.360512130467712666e+02
1.423026519286382552e+02
1.319669279874223662e+02
7.900226906189776344e+01
7.453920157021096315e+01
8.177080106510953783e+01
9.903555908814684017e+01
7.447003025543747867e+01
9.502365772652595410e+01
9.526428491184104530e+01
1.181048615734289768e+02
1.331782292375285692e+02
1.452610134242918321e+02
1.539552858775212485e+02
1.410254844320950269e+02
1.836329508752898505e+02
1.931045387882971625e+02
1.815734627472864418e+02
1.671730379097712671e+02
1.705228549741722190e+02
1.597593803567535815e+02
1.484767540167092363e+02
1.626022899132848352e+02
