3.419727358826440078e+00
1.988157059959430484e+00
2.894154739397508447e+00
3.288789155890988081e+00
2.116909297742536111e+00
4.126980071088909519e+00
5.405866269352957332e+00
4.617901130433386570e+00
3.259764463291482173e+00
4.632589066258004706e+00
3.826547638860972267e+00
2.772175975044773644e+00
3.019222768456405692e+00
1.175825475093168571e+01
1.502906998834278918e+00
9.281704643012659517e+00
4.501239266968726227e+00
3.862840878886041995e+00
1.057802853705175350e+00
7.660219086992251514e-01
5.196204229967376520e+00
3.000520030350332767e+00
1.916287749072096425e+00
3.377515156712348254e+00
8.066578988954987040e+00
7.266622888326996765e+00
4.061115802768608951e+00
3.565916444725155454e+00
4.137874403683471591e+00
2.630943213716791629e+00
9.925638915742634794e+00
9.768332666226271499e+00
3.827645687526833207e+00
5.892347562398742689e+00
2.566377495648711093e+00
2.783698356140174024e+00
6.735512914142843144e+00
5.358521848546951460e+00
2.886732934107834492e+00
3.627343190407721796e+00
1.849768394992225451e+00
4.517274237974029383e+00
3.701922048925591735e+00
5.036627962217601784e+00
1.457607901416767993e+00
3.889551059248359088e+00
3.393332199130563165e+00
4.544011685420586311e+00
7.860970955749456479e+00
6.697078050878491062e+00
9.054361224120578200e+00
7.124520035255672568e+00
5.583911496790508799e+00
3.633772127482624015e+00
3.304035249031185284e+00
5.657335297204684643e+00
1.851176953344259024e+00
3.392719979924381679e+00
3.917605379559092604e+00
3.703763933123319418e+00
3.039404329617530376e+00
2.951013627116493954e+00
5.795608394727114643e+00
6.961758777374996043e+00
4.707136278303790000e+00
5.909178776685018342e+00
3.395436961411863130e+00
2.111349687670665887e+00
2.244016433652286757e+00
2.184990131219926468e+00
2.459253742338484372e+00
5.003462011514216989e+00
4.236436053828701809e+00
8.373903989301748396e+00
2.730610922718478495e+00
3.817198553470095845e+00
8.540836488654582226e+00
8.610737748815939341e+00
2.254061312390038818e+00
2.563942646566696126e+00
7.129035554119307783e+00
2.529983566682172835e+00
6.988988822059836181e+00
5.530134529124477005e+00
2.080158624169926807e+00
3.774474583512429149e+00
2.753346472003835643e+00
7.819800774136070665e+00
4.914499546173895617e+00
2.627089302740452936e+00
6.890924309252868696e+00
4.481708076818454067e+00
2.937574441923032520e+00
3.286609004941238421e+00
1.945039647582701425e+00
1.440354097305177383e+00
4.569695575721143932e+00
5.385336990398873702e+00
6.478782552767034630e+00
4.797367059703550929e+00
3.296655980787701612e+00
3.913008761960141246e+00
2.889773944397380667e+00
3.475548197285836860e+00
6.480946638700984863e+00
7.064827406197401238e+00
5.080928654247006016e+00
2.944752637048158039e+00
2.722571015827479624e+00
1.404761579073612765e+00
3.726530150646818473e+00
5.563654232248578246e+00
4.334725746849919403e+00
4.862736882054978338e+00
4.040531620547416658e+00
2.157456034140779799e+00
4.224930559243146533e+00
2.500179685867636614e+00
1.700237440915663312e+00
3.562115915687635859e+00
4.330401591312696752e+00
4.601705181803629863e+00
8.900861424656541843e+00
3.560787553343081946e+00
1.022323998001512102e+01
3.853465835565905273e+00
2.134680285354539464e+00
2.075512162264319116e+00
3.195617731055189203e+00
1.556371942397362540e+00
5.576286692557230751e+00
4.442581114965494571e+00
6.255101920763875611e+00
5.297318087787623142e+00
6.849936884988979457e+00
4.803517310634328297e+00
3.128075429708458977e+00
3.454241388835686433e+00
3.627444666752917879e+00
1.485102119476303439e+00
6.877266838947480920e+00
3.472108324001467849e+00
6.811690460777558798e+00
4.195722976492577416e+00
5.552317421663063968e+00
7.398423985308030915e+00
4.372158861734544821e+00
4.641502894158771042e+00
8.105078922156625509e+00
6.699252177976693368e+00
4.948918258729609221e+00
7.233395986539262523e+00
3.721251270243690179e+00
3.959547077068265253e+00
8.581682062872507899e+00
7.600363890255517063e+00
1.263316619545196140e+00
1.955769108408524026e+00
2.882834879525387972e+00
6.336587961841317451e+00
4.931120541762656018e+00
1.639020418876487994e+01
7.703631248752789418e+01
8.792886218603442217e+01
1.229130175381641550e+02
1.089755761161609513e+02
1.036327309359330826e+02
8.582952309658875834e+01
1.107949414346439170e+02
6.952484008897130252e+01
7.839188508943416878e+01
9.938766939256944966e+01
1.147636090535797280e+02
1.540277139390738910e+02
1.149042613807601896e+02
9.033151588984223679e+01
7.369085268828970925e+01
7.964685838664023265e+01
7.551752520535987401e+01
8.954580911585172487e+01
6.363815369242273334e+01
8.978080443208399686e+01
1.063233119701640419e+02
9.854333521085509062e+01
9.510718753887637433e+01
9.792524713561932970e+01
1.085487437281584846e+02
8.914969969412270245e+01
8.333865487698004415e+01
7.835871162058582229e+01
9.982531205436775679e+01
1.140522766127069474e+02
1.343841072861730765e+02
1.143543502024156311e+02
1.028957846401899729e+02
1.334723007381749369e+02
1.155387806749740065e+02
1.533522801643107982e+02
1.450265397002817167e+02
1.292782403322336791e+02
1.354052030937581605e+02
1.310267507972052670e+02
1.614882697190297165e+02
1.498695277414600753e+02
1.345499797230904448e+02
1.138453777882843241e+02
9.637597848044313764e+01
1.067924861082482124e+02
1.603552340238791771e+02
1.339188025983166028e+02
1.166808792386117091e+02
9.143397636722463062e+01
1.075955081307919272e+02
1.124129185771505917e+02
1.389965456804582686e+02
1.084615373510449245e+02
8.578267757643426705e+01
8.837599874771782993e+01
6.555610787900727132e+01
6.914720719374317071e+01
9.486251495991336924e+01
9.438497318427127425e+01
1.024609381024534969e+02
1.043153217306945919e+02
7.950656511445797037e+01
8.670428488697893954e+01
9.030562286043134179e+01
9.057118039089152717e+01
1.095103342231766561e+02
9.658743040167432525e+01
1.233434714617232260e+02
1.267408957941630092e+02
1.157622188190908759e+02
1.403416617047009254e+02
1.280226678485544198e+02
9.148727027206041384e+01
8.956189515612788909e+01
8.566412960050537606e+01
1.055248501095619531e+02
1.090571662734835598e+02
1.249006729967235145e+02
1.312782632338593203e+02
1.436615606117193522e+02
1.583453450120878188e+02
1.713958731209783650e+02
1.556033069429892635e+02
1.270864790219767428e+02
1.373270707960821824e+02
1.321128188076994547e+02
1.460131235570063382e+02
1.406421720699791535e+02
9.866999009404628396e+01
1.050620699496306116e+02
1.283744908700836618e+02
1.125431555023658490e+02
1.217183452962457864e+02
1.077509742290312715e+02
1.277570304500981706e+02
1.243533386316494074e+02
1.256945953910370406e+02
1.111157798453320709e+02
1.259384797530209568e+02
1.001250133518821173e+02
1.166946882656840927e+02
1.267471069357966940e+02
1.464599329655953284e+02
1.157589953125688851e+02
1.149649878442359068e+02
7.881537471077432144e+01
8.760081689325915022e+01
1.103992543573918681e+02
9.421131297110049729e+01
1.148783838105900941e+02
9.875708571298341099e+01
1.148615172490137439e+02
1.414910931539990031e+02
1.565756554131907308e+02
1.503352093910800988e+02
1.375940081140516611e+02
1.262020216986888670e+02
1.505108495285129209e+02
1.326063118909094669e+02
1.093880612917005095e+02
1.220277180044352008e+02
7.892832541765861265e+01
1.103327781197474877e+02
1.585277626912508140e+02
1.467504187014344836e+02
1.499861304024799438e+02
1.380864141047150326e+02
1.101005743041626346e+02
1.106541643598971234e+02
1.110086324157337003e+02
1.336066847083933169e+02
1.487641783067026040e+02
1.109655284048222086e+02
1.347739468906055436e+02
1.270847341637935983e+02
1.576470677671885596e+02
1.531607827844729002e+02
1.266488951702874743e+02
1.176964230491304590e+02
1.646954522812164328e+02
1.527225381146798213e+02
1.547360325745645468e+02
1.747077899296989756e+02
1.580634258975875639e+02
1.574001979648012934e+02
1.019278853018885229e+02
1.348091116435290360e+02
1.426799012819446943e+02
1.106606119329902356e+02
1.114914253904475316e+02
1.013068410046988674e+02
1.413282427031232373e+02
1.250060488937408252e+02
1.178484222848579890e+02
6.778125325064894469e+01
1.124605044681402717e+02
1.148435675316866451e+02
1.308028072291646993e+02
1.313103295297726731e+02
1.041579251178069967e+02
9.442991942970454033e+01
8.896012912144614404e+01
1.130587285707732406e+02
8.478031780884091972e+01
8.316849130061495998e+01
1.133717565601067463e+02
1.391262781161558166e+02
1.283133600320176697e+02
8.167924068377510594e+01
1.038692127354076860e+02
1.169676085898703803e+02
1.330434729592131760e+02
9.386074865642083864e+01
7.626064006879677493e+01
9.847717371929219610e+01
1.154949432145129293e+02
1.514884335304147953e+02
1.473320611047135174e+02
1.264569520746096458e+02
1.094616015890005087e+02
1.209248007303751251e+02
8.605060435406028319e+01
1.472165196968119574e+02
1.168777959296402571e+02
8.200724780856792506e+01
1.466443101007249368e+02
1.463881978777756956e+02
1.859242572617149278e+02
1.590116502930049478e+02
1.316046462221790705e+02
1.984110306460237894e+02
2.362961946732282570e+02
2.309124726853053460e+02
1.680540711889246381e+02
1.147847036063433848e+02
1.195256027861367727e+02
1.139182996357815227e+02
1.468315257047031253e+02
1.788422205958583788e+02
1.619345281643587384e+02
1.451066921301582511e+02
1.081373556626078312e+02
1.160859286645515880e+02
1.249460800255844788e+02
1.306550841462583890e+02
1.296294098828390418e+02
1.094589532803497747e+02
1.250155342137365579e+02
1.391856228790027785e+02
1.353908126165436272e+02
1.266904048974793966e+02
8.098978797329495194e+01
1.155327657896813349e+02
1.462100410709133484e+02
1.214955580073641244e+02
1.420736918512670286e+02
1.009359639680124161e+02
1.214833797933812889e+02
1.491816662897575441e+02
1.210764940786100397e+02
1.295288905400528847e+02
1.255149768732681679e+02
1.155210709452755111e+02
1.159214837226944184e+02
1.335304135578641649e+02
9.626144666740935918e+01
9.497987384376985176e+01
9.809390780358521056e+01
1.146324287808401152e+02
1.044668276231435868e+02
1.130716784235985557e+02
8.814085254445095075e+01
9.303147134425442744e+01
1.125603895811124033e+02
1.350243590624580747e+02
1.032117696460515504e+02
8.012448786593046179e+01
1.145769075204564444e+02
1.132345107372380113e+02
1.371612689724931045e+02
1.571459642950969169e+02
1.298286007424169384e+02
1.407915723345146546e+02
1.652674279546960747e+02
1.529309304104360763e+02
1.411250240265675302e+02
1.292961670422548082e+02
7.287888660170057165e+01
9.380066031071422117e+01
1.143341170916240372e+02
1.007365682621947087e+02
6.737255216915930589e+01
8.869077284920160764e+01
1.242669063701062555e+02
1.024486188529836710e+02
1.129929722623505199e+02
9.078905401749571524e+01
1.077169708994291142e+02
1.314301554136042682e+02
1.167935357997443049e+02
1.225332005863554912e+02
1.174330474696066773e+02
1.407250420576663714e+02
1.235698783205569384e+02
1.502850000785404347e+02
9.526064380718982250e+01
1.205227713262712683e+02
1.337527343048545845e+02
1.401345413375509565e+02
1.039805699958947542e+02
1.359131389564992958e+02
1.217420444657952459e+02
1.208097828104706366e+02
1.304771808778857007e+02
1.099150028534044026e+02
1.063668028857769201e+02
1.225012564210468895e+02
1.088413779194183206e+02
1.703811151752601063e+02
1.728453137353245381e+02
1.567144280743927709e+02
1.484605089789872636e+02
1.262671635621971831e+02
1.301406344246156834e+02
1.398285955295224881e+02
1.284759279471780360e+02
1.352080907437786550e+02
9.560505884323902137e+01
1.155216014126362296e+02
1.441204814845784483e+02
1.528150562191640915e+02
1.663293500796705757e+02
1.605428693093054733e+02
1.386128679488518856e+02
1.259118983378476173e+02
1.087983680030757796e+02
1.093687211520707052e+02
1.112786773122127641e+02
7.380075977006985966e+01
9.199060367670080041e+01
1.096425666661205724e+02
1.130471531405732009e+02
1.084224544816906786e+02
1.045910294232022153e+02
1.044748259723333206e+02
9.360180529352138024e+01
8.906223641813635084e+01
1.306337539575616233e+02
1.266388479653727615e+02
1.270976688075609360e+02
1.075087539305620368e+02
1.326233114206193875e+02
1.244586014988126692e+02
9.760501825105309592e+01
7.467346494219908948e+01
1.222613172245873727e+02
1.118748559429355396e+02
1.337992949176507409e+02
1.355197402957232384e+02
1.192905600300724700e+02
1.503848553309269676e+02
1.747059959649839982e+02
1.694888904949818027e+02
1.342927166824241283e+02
1.191174189219442638e+02
1.263202218111108976e+02
2.159831337993713873e+02
2.531445878683482817e+02
1.956290683091545191e+02
1.327731099629887694e+02
1.467968568789715675e+02
8.480380745569031831e+01
1.030726402039327638e+02
1.515414894691599841e+02
1.561741115074032109e+02
1.793125490293454334e+02
1.215680108583866570e+02
1.249598063213141188e+02
1.245314999793227599e+02
1.693594844118468075e+02
1.927684893079634207e+02
2.131141077093606384e+02
1.577039577417538112e+02
1.008998634690590279e+02
1.265396131374594972e+02
1.494783902897001724e+02
1.699936400790972755e+02
1.088564472094302431e+02
9.591108207047500400e+01
1.104453583114472792e+02
9.110535257009445331e+01
7.638329839864236703e+01
1.308104642780743063e+02
1.272357558796101813e+02
1.264977483502787265e+02
1.429374973271002602e+02
1.416201749153192964e+02
1.306537863645773996e+02
1.247124575254183867e+02
1.104502686087551666e+02
1.205078481105502703e+02
8.296682125191600221e+01
6.759732039913723156e+01
7.301505639611698939e+01
1.049452833231794813e+02
1.438556608328574100e+02
1.120451016968607263e+02
8.289264280928583162e+01
8.104387050512386281e+01
8.867091665191441052e+01
1.074358926406949308e+02
8.367634952843792462e+01
8.978894353874329681e+01
1.210694192038181427e+02
1.283106356385928848e+02
1.863147699013518945e+02
1.105046724123180439e+02
9.531138375686212783e+01
9.547594901009850332e+01
1.249196212872839595e+02
9.602989666208873132e+01
1.104413660179449863e+02
1.009723086914437999e+02
1.243609960563521071e+02
1.619487929308390051e+02
2.002092819147702016e+02
1.750568669792424430e+02
1.493464757518507326e+02
1.292302075757791044e+02
1.243765505042369028e+02
1.845671796409625358e+02
2.255806843321817041e+02
2.058714213809986120e+02
1.054138974582034649e+02
1.101498502707849241e+02
1.007187476384898730e+02
1.455200468612818554e+02
1.604114746195822079e+02
1.434598972088359972e+02
9.999924881231459040e+01
1.256479533433770825e+02
1.014246313252395169e+02
1.502187264420047939e+02
1.143084467379600824e+02
8.160735200054739380e+01
1.303317411139871353e+02
1.278751394241712944e+02
1.275713295590469869e+02
1.167822720544960617e+02
9.297632725719108748e+01
9.078970177281000531e+01
5.282848308821320416e+01
6.237660516799179078e+01
7.929449322185620019e+01
8.807347782595240915e+01
1.311060405367068142e+02
1.403773385562718374e+02
1.476239536215728947e+02
1.421682008306211742e+02
1.305562334795218931e+02
1.442795164381232667e+02
1.464878276221598981e+02
1.549620269604762086e+02
1.525792518169664618e+02
1.488426852545230474e+02
1.171767809841225016e+02
1.200023015752053794e+02
1.484934132926966299e+02
1.421475313394762736e+02
1.247509398124292233e+02
1.191497199878895543e+02
1.503181901896094814e+02
1.913269935025006987e+02
1.812166069472506820e+02
1.376534660908201886e+02
7.391287817998792775e+01
8.973149541569769383e+01
1.170352179408519362e+02
1.285898479963845773e+02
1.209304231117682349e+02
1.299538343895673052e+02
1.133381837113595338e+02
1.437223007202441636e+02
1.398928658777342378e+02
1.242634954682626613e+02
1.175769235617870550e+02
1.029344943917006958e+02
1.053944162929622479e+02
1.385798954250505801e+02
1.178688263867954618e+02
7.431836101731948929e+01
6.574954553371486554e+01
1.551481631146866391e+02
1.162768176472609554e+02
1.100527805551761844e+02
1.170022557261674052e+02
9.610314849350397992e+01
1.030822206016673022e+02
1.112241705414179052e+02
1.049112917678075547e+02
8.469334049045612289e+01
9.341762568547412116e+01
1.540136945262850929e+02
1.595819834397749446e+02
1.002765895357290162e+02
1.188234919815984512e+02
1.354140798430828170e+02
1.582036339038941719e+02
1.742908749391746710e+02
1.741931553088097928e+02
1.839560418922270912e+02
1.229042317219312821e+02
1.236728416841809945e+02
1.561975777265043348e+02
1.350029247862240993e+02
1.723412152933285313e+02
1.429684292936372572e+02
8.901174207326820920e+01
1.311545613052736883e+02
1.359588043777804955e+02
1.208974276807570050e+02
1.052140052963753760e+02
9.194149517066719568e+01
6.970265941583842562e+01
9.580551966904174321e+01
8.394514633089988820e+01
8.124626823137023734e+01
1.074387210413053850e+02
9.358921799165891287e+01
1.356192737547604565e+02
1.448301974661387135e+02
1.254923993893215624e+02
1.278840378476519533e+02
1.201107105652401543e+02
1.305945621407306021e+02
1.049918873789173972e+02
1.082963923436732188e+02
8.694036947844902841e+01
1.173350512287398431e+02
1.193268715956222366e+02
1.303211592344334804e+02
1.116585199532541992e+02
1.011378084257682843e+02
7.385937167746187981e+01
9.671793217886406069e+01
7.987834852081063275e+01
6.989423178419708904e+01
8.885470218299610679e+01
1.071239121291905718e+02
9.275450014697830170e+01
1.206100165393008581e+02
1.375270833723012629e+02
1.388546485467356320e+02
9.783870721785643809e+01
7.387699706090589302e+01
1.000210004379354558e+02
1.125939332482135029e+02
1.313950216778849835e+02
1.215297645940516134e+02
1.278841375954787480e+02
6.669521144324724560e+01
7.676264591560688189e+01
8.478343600903052391e+01
6.889611872109718149e+01
1.028232590316509345e+02
1.334347581882878160e+02
1.202879243086630368e+02
1.186610017923225371e+02
9.051253690311163780e+01
1.007778229338701408e+02
9.288646785617240198e+01
6.840784402582177393e+01
7.935702733842700241e+01
9.504503075596349504e+01
1.132349367382586252e+02
1.341043294717223944e+02
1.125720160534041838e+02
1.056598549572935468e+02
1.722138102503252526e+02
1.718333365708480471e+02
1.530909295313157088e+02
1.072775133108062704e+02
1.191226856178671198e+02
8.966637804824829061e+01
1.106427711111229684e+02
1.245309326504571459e+02
1.034455676945950273e+02
7.676126774593535629e+01
8.740615664438224997e+01
9.567503623154249226e+01
8.145124067151688507e+01
6.771424670845030391e+01
1.039715465678691260e+02
1.117965836268574265e+02
1.466415415438668219e+02
1.464386155537270326e+02
1.381855096603911193e+02
9.084510883753755195e+01
9.741066360415905478e+01
1.401610390326422078e+02
1.409277906808514160e+02
1.082275349561442113e+02
7.513727533769304046e+01
1.005464055387582647e+02
1.062732650110749120e+02
1.183440978380052258e+02
1.136201761409622435e+02
8.550118333319271358e+01
8.308100455942008011e+01
1.106946998280732970e+02
8.669192209519728465e+01
8.667599343714616111e+01
9.429442973186399968e+01
7.585852597777288508e+01
1.179219650834351967e+02
9.886934655677846706e+01
9.191494731378601557e+01
1.018309314610333587e+02
1.040435987461289216e+02
1.064653182102133542e+02
7.918885282922863666e+01
9.679999764817425500e+01
9.945325346826736279e+01
1.045527972911190773e+02
1.193626747433522581e+02
1.483507918684435367e+02
1.665711267794279991e+02
1.141944014593576355e+02
1.065062179883437778e+02
1.056593078926659075e+02
1.163963816495308521e+02
8.799984630300407673e+01
9.126821371689187856e+01
9.441332924818813410e+01
1.142356146043529179e+02
1.479598908525659624e+02
1.610317251569779557e+02
1.613398557709640784e+02
1.347471274731386472e+02
1.288955142344260878e+02
1.201667187855918542e+02
1.164564319785166475e+02
1.341892398870921568e+02
1.489703420103816995e+02
1.496253394635338054e+02
1.197024431969909557e+02
1.254008278244365471e+02
1.272785908570501618e+02
1.629854779424256890e+02
1.436225653014384989e+02
1.365648781534424359e+02
1.566435155929188454e+02
1.757745621286139794e+02
1.443609684100495940e+02
1.468870320206690110e+02
9.527964711974938439e+01
1.011228940280075790e+02
1.095735535894187933e+02
1.489774644301349440e+02
1.525917808658239210e+02
1.064000533879597157e+02
1.131277676628117490e+02
8.621885630033422387e+01
9.141878194804580460e+01
6.321848338784752741e+01
9.048087109932330918e+01
1.173882510325820903e+02
1.276066168803700123e+02
1.313123602297409604e+02
1.164527998779993681e+02
8.483251485116656454e+01
9.356515889875255709e+01
1.501527638938920575e+02
9.443544297191868964e+01
1.024734078449806418e+02
1.072047248976693510e+02
1.131874406873154584e+02
1.400822575069321374e+02
1.410778569464974908e+02
8.372076586684379151e+01
7.286310629675490702e+01
8.871498057333937481e+01
9.582394992406652534e+01
5.587692623951895143e+01
6.616075816602955229e+01
9.752328046093634839e+01
1.005309129152199858e+02
9.962166797152396214e+01
8.879854532613833840e+01
8.559151455115114970e+01
8.841349120757138280e+01
8.081785950451194367e+01
1.056861286881668462e+02
1.285836937095816097e+02
1.270557706938473501e+02
9.915326109987574910e+01
9.501423703945965826e+01
1.030166907357130270e+02
1.197182980582309284e+02
1.317644808496480096e+02
1.223062845206652582e+02
1.180670046943979941e+02
1.303717636559727850e+02
1.469441280208628484e+02
1.774964853119915347e+02
1.968165653885564268e+02
1.257138035373901204e+02
1.293657268885416443e+02
1.127050829690549278e+02
7.348011303221089463e+01
8.444960186830229532e+01
9.201468226029491859e+01
1.062830137943178244e+02
1.494535043810638228e+02
1.546581057699018800e+02
1.664105211870168262e+02
1.489435623462551916e+02
1.592352590933869578e+02
1.636933990185689254e+02
1.801882580319946783e+02
9.628248006754544974e+01
1.130393318195314691e+02
1.134876550021264592e+02
1.045857594618042867e+02
1.328717085430400857e+02
1.388565108053392407e+02
7.343086449308370334e+01
5.446778043038953854e+01
7.157440428308278513e+01
8.419575866385258678e+01
1.238946338937317790e+02
1.316835697283404158e+02
1.527264365591230160e+02
1.291349610418620557e+02
1.156081407459442261e+02
9.336423777679571856e+01
8.779069708416766105e+01
1.111382691766545889e+02
7.147074408206560747e+01
8.121884038218732371e+01
8.856741052450210816e+01
8.617709499675757456e+01
1.257531372343005955e+02
1.303911878425261648e+02
1.100912648304824870e+02
6.892593907104428297e+01
8.623823434007712763e+01
1.282405081789739825e+02
1.247460326471551468e+02
9.929763203214233158e+01
9.841528031619594685e+01
1.164709467510623710e+02
1.075592995841347488e+02
1.071812119896588484e+02
1.403991268648270534e+02
1.097416639382740584e+02
9.246908901802241587e+01
1.192442199349202809e+02
1.208134084758870586e+02
1.205395878779966949e+02
1.040032002742821220e+02
1.239322496470261541e+02
1.308333982185602622e+02
1.471431449155872144e+02
1.677251036452357482e+02
1.557503525711329928e+02
1.503024583820405553e+02
1.730362714159036841e+02
1.477167996720957603e+02
2.171423797895462826e+02
1.853997271715300599e+02
1.721673209725873335e+02
1.473685035281483522e+02
1.184498688022665505e+02
1.213095763392203565e+02
1.387222770554895988e+02
1.174469223313504074e+02
1.112417645243464506e+02
9.882454813416590866e+01
6.231167947383372052e+01
1.092556311694887370e+02
8.952257663265118026e+01
7.980657411045271488e+01
9.959100729861994239e+01
1.014953600598233265e+02
1.362281185173845586e+02
1.620073729671658498e+02
1.327938564169561459e+02
1.141446975270570618e+02
1.034356461399650442e+02
8.966729927123719790e+01
1.231293742076129831e+02
6.860432506622427695e+01
6.479863554935820957e+01
1.013743439519381724e+02
1.042022836906275529e+02
6.132509801227500645e+01
4.612056462351920061e+01
7.176214723493028202e+01
1.068761374805436901e+02
1.218400961086099699e+02
1.184931970303518227e+02
1.032775343199310925e+02
1.246277717896886656e+02
1.598146213983457642e+02
1.520658156755262382e+02
1.182178315901117998e+02
1.140509984339783216e+02
1.366769492840390683e+02
1.166834773079283281e+02
1.220144526593651477e+02
1.097418482638702528e+02
9.241241840513043826e+01
1.229933483644111050e+02
1.313134414030105006e+02
1.190721965261884634e+02
9.088493531427593553e+01
5.478052937832781311e+01
7.393314089927096688e+01
8.271738309538324074e+01
7.390370062682519858e+01
7.258310148762996050e+01
1.107949722193343689e+02
1.008365743022502556e+02
1.078565288815360361e+02
1.086151863515485729e+02
1.420976901326116035e+02
1.535487157916255683e+02
1.664467923804250518e+02
1.733098215155280855e+02
2.193001713688241523e+02
2.152050328804302524e+02
1.947075106386370749e+02
1.547820259171268447e+02
1.449649962537792192e+02
1.467530852060187954e+02
1.453430882307308423e+02
