2.392187600962966343e+00
9.459457766712516813e-01
1.847862493380710180e+00
1.036665792838492139e+00
4.169128419087519077e+00
2.130363615268914934e+00
5.541918685298173664e+00
7.441313870867448443e+00
4.764625850336142499e+00
6.802775801372879627e+00
2.718924282659042735e+00
2.405186030181877044e+00
5.631744334492959858e+00
6.272637276608698187e+00
2.681720803616426174e+00
2.770503796464457658e+00
6.778518057161566190e+00
6.681069689026661429e+00
2.828529231119166987e+00
5.061642154830525264e+00
2.816584469513796041e+00
2.818165000842674850e+00
2.844769347913135960e+00
8.385719181907413500e+00
4.551683238622896255e+00
5.017264101432252765e+00
7.171756013780845151e+00
4.129564991832498144e+00
5.333610600426121451e+00
6.637306094687778213e+00
3.438432899039945756e+00
3.810501772454322644e+00
3.792933613927805148e+00
4.413019998881743788e+00
3.701644690904354551e+00
1.966729832086030694e+00
2.260547043219231611e+00
3.308646590252922515e+00
6.103456131183172317e+00
4.861587436179313215e+00
5.483731752160915462e+00
4.550942373213896275e+00
4.330124361885395068e+00
2.376074431900915940e+00
5.084681430688577919e+00
4.029227597774936775e+00
2.830119786624619937e+00
5.210223634683554650e+00
2.383742997546219655e+00
2.418370028583006537e+00
1.170518324369454355e+01
2.422879113616361657e+00
4.527503955222440979e+00
2.687504339486429750e+00
4.104211253796972159e+00
1.012184041041500837e+00
2.705663097773423509e+00
1.962510937372866637e+00
5.162626138376301022e+00
2.987816449910309036e+00
2.487845620972800376e+00
2.122946187843517407e+00
6.882105811731965339e+00
2.010769540988275317e+00
5.841149493746007337e+00
3.683432606946202004e+00
2.649774225249573067e+00
1.682648627466070579e+00
2.344793859826617144e+00
3.015834587322091309e+00
9.005594711576405231e+00
4.102044433960547742e+00
2.941947357310154221e+00
1.558924423867707798e+00
2.830667142674713865e+00
5.838465535876606438e+00
7.367301088275600485e+00
4.999047196554243122e+00
1.956463490203539379e+00
4.959259951843432823e+00
1.568536613156722881e+00
5.266071757442698953e+00
2.572920889207205075e+00
4.682192423634557343e+00
3.026014270958922392e+00
6.122561543546809482e+00
8.631843321317919759e+00
5.406318363701145380e+00
5.311671116630074074e+00
8.426832522441758400e+00
3.101150100068142734e+00
1.153952765123676949e+00
1.781682007542908508e+00
2.786032285922314333e+00
3.437689183179754249e+00
2.188511247380394487e+00
7.996373195676858892e+00
8.037286957404752741e+00
5.873459697371431254e+00
6.559554735869147279e+00
4.368588314719241694e+00
1.838321009844114062e+00
6.112610837350064052e+00
1.948486728534359669e+00
2.132512591276785052e+00
2.051328929604549600e+00
3.685712422192700455e+00
4.550072962297742940e+00
3.897129676581189361e+00
3.576807897085999777e+00
8.071538801021461040e+00
9.595737066622158196e+00
2.818761674961495878e+00
1.896387722092354178e+00
5.493205533453926925e+00
2.601177845826974533e+00
3.442260574205173729e+00
4.856795080990466751e+00
5.848320991991719175e+00
2.543816851718535332e+00
6.035830705319105149e+00
4.683423450664172094e+00
3.030836750786247702e+00
3.221956653992539277e+00
6.713131078042559707e+00
7.569122288904001294e+00
6.082054389150730600e+00
3.938276275151742833e+00
3.897772099208461682e+00
2.766470806920917180e+00
3.906660409743633267e+00
2.740086363165166627e+00
1.995594768321818924e+00
1.898011387106572467e+00
5.185001011157850392e+00
2.180072033432992828e+00
8.980704714132098587e+00
3.391582296172301891e+00
2.210756153205299945e+00
2.683686537318468179e+00
5.210065441939874198e+00
5.345648791034715686e+00
1.916547072012030339e+00
6.692150219839024139e+00
3.367209414847732063e+00
3.380635852442111400e+00
2.571348427571924944e+00
1.805911251649993776e+00
2.204280446795802817e+00
1.876275932106332478e+00
3.950264494364462031e+00
6.656627285640842828e+00
3.125828902192912651e+00
2.956901453750348630e+00
5.057667922562527174e+00
4.891056572745265285e+00
7.945754056714442903e+00
6.715804817641680913e+00
5.157414831165596958e+00
2.503443913214031369e+00
5.019137779166420010e+00
5.112557243398681450e+00
1.263317612938644530e+01
2.622704280960122958e+01
2.367373048395420909e+01
1.465666257008508389e+01
9.017406275591046239e+00
1.188442889408641712e+01
2.566158083970703530e+01
3.095742063552555123e+01
3.966371664910000305e+01
6.432829855934151020e+00
2.225219231279292487e+01
2.237643118179786939e+01
1.580786970888848053e+01
5.648625216597809917e+00
8.436144709036739187e+00
7.788085489250100579e+00
6.049581003421382164e+00
5.393588860572079646e+00
6.339096677746896447e+00
1.156085219446034884e+01
2.575620770619152111e+01
2.926905608722192653e+01
2.686129635641524160e+01
3.595595521702486508e+01
2.925171878746557041e+01
3.342359672868590792e+01
4.048303545966360417e+01
3.123808473125203733e+01
1.928520192953720880e+01
2.092510106288623462e+01
3.658334685613281323e+01
7.916927364914326404e+01
1.118708902941032477e+02
9.129642045871443656e+01
8.477366742225717644e+01
5.508949666679260559e+01
3.494953903139950313e+01
2.816975972946960738e+01
1.590779819515725357e+01
2.077978264268109854e+01
3.244730504332748211e+01
2.531959272423141627e+01
2.951376680920995454e+01
4.124780506278677450e+01
4.460819355940930109e+01
1.367093547951380827e+01
1.441865064027110677e+01
3.715536595669549058e+01
4.444061005321482583e+01
7.013874568350115624e+01
5.049028795656358426e+01
5.877032332593681474e+01
8.454844266095875582e+01
3.532449017352634257e+01
6.066895852649545873e+01
5.562068324238018846e+01
3.553311519632599413e+01
1.704632095064612329e+01
1.363659802097991935e+01
1.038014359210275650e+01
5.753275419006452118e+00
4.629283580392209885e+00
9.140670882660810292e+00
1.913885991661603114e+01
5.095243298026780110e+01
6.910274475380363413e+01
7.376514721833035537e+01
4.969156840159489974e+01
2.975375319066861834e+01
3.310448801423432030e+01
2.339011747663432317e+01
2.497560296400667568e+01
1.785396623221991064e+01
1.983721586966180084e+01
1.977303395351397697e+01
4.010235709852144481e+01
4.218522801946457434e+01
5.265872412662164237e+01
5.272967911782436090e+01
4.153171000191940720e+01
3.247696222499764218e+01
1.807613920870523572e+01
3.650721494186412031e+01
4.822464392176907921e+01
3.499242563519695182e+01
3.491439426159267612e+01
4.913562148816092190e+01
5.384749586192535276e+01
3.441937549385082917e+01
3.848502692314156803e+01
7.241201636816192888e+01
6.646259826691262163e+01
1.052551701591151669e+02
8.162086671815737304e+01
4.883037976086370691e+01
4.212891731957775221e+01
4.054393535982332253e+01
4.501943408739538910e+01
1.321185757805861982e+01
1.721158020242294029e+01
1.997006465371298489e+01
1.780518057766912676e+01
3.225035187520948199e+01
7.598506499394659386e+01
9.972337753346197076e+01
1.004431828740773653e+02
8.337872193799603338e+01
6.861633283198113986e+01
6.650222831246031774e+01
5.301706823714305017e+01
4.433548241641474874e+01
4.451585262668803722e+01
3.623560032883234783e+01
2.833685319166955452e+01
5.156450453960029279e+01
6.152520264348644474e+01
5.776794497480479862e+01
5.710294194146221258e+01
5.101496609878687138e+01
5.154842261091705069e+01
5.801511414113677745e+01
7.155871549673739196e+01
7.204564133202482878e+01
2.920934010011330884e+01
3.035836798771704537e+01
2.918896768399669028e+01
3.622829809494789544e+01
3.008135796640619830e+01
1.556386751499165122e+01
1.897248007839625572e+01
8.266410600131873565e+00
8.046640088050267536e+00
1.023997947188339985e+01
5.817876068077675100e+00
9.883672052536574881e+00
7.649198956441177977e+00
1.132118182756445890e+01
1.041672502443944914e+01
1.390414449887039439e+01
1.189090231798668995e+01
2.076874369163610368e+01
1.572899488580239868e+01
5.482896464828384353e+01
1.133167446388104338e+02
1.193754905582816832e+02
8.484329870877246549e+01
5.528311305936600206e+01
2.841721849902922870e+01
3.305153411816276332e+01
1.945062022380826861e+01
1.610145653949016165e+01
1.706215416727311762e+01
9.154621176909769176e+00
3.722179327399746285e+01
4.124365742496975429e+01
4.758395665519660866e+01
6.201406220988754825e+01
7.458709235927884151e+01
2.807346261028228795e+01
2.596371751729703448e+01
1.896079247801519685e+01
2.531960935363153453e+01
3.937346113153917315e+01
4.550328606488952232e+01
4.748377801522292430e+01
3.309803607888296995e+01
3.195674505133221288e+01
2.563296815938406681e+01
1.708292047693959503e+01
1.874472982769799145e+01
1.732835817459651651e+01
2.044500597429647470e+01
3.405810984879401104e+01
3.475959058012333003e+01
3.650486523169423236e+01
3.278544910173437188e+01
2.083708694526082894e+01
2.243605396294625365e+01
1.477679309883223269e+01
1.282313706245004425e+01
1.556313526246667678e+01
1.998469323353874572e+01
2.275857912539452954e+01
4.099003966527399712e+01
5.526288273297261355e+01
5.280178037275665304e+01
5.253910000338788677e+01
4.508533880442720942e+01
3.020605977788000018e+01
3.438628714050355484e+01
2.543792562476300390e+01
2.146621671043150670e+01
2.403504354549875188e+01
3.477955574755582546e+01
4.030428347280441415e+01
2.886934083301583698e+01
2.563836658361618248e+01
1.715408375814274322e+01
1.802452162005735303e+01
1.622340002661004021e+01
1.264264301254956457e+01
1.146855871821141548e+01
1.302204060377723849e+01
8.213799840916607309e+00
8.774291951284249436e+00
2.181125795869409600e+01
1.658162748781486329e+01
1.787336699325830480e+01
1.944844836621627593e+01
2.427692044875534094e+01
1.319504338038392177e+01
1.725433997213643877e+01
2.665083828232389607e+01
3.401169884420563960e+01
2.375253875810835424e+01
2.395483933429972723e+01
3.351831379645592079e+01
2.257632425583828351e+01
5.080685599598412239e+01
6.041993551835269471e+01
7.820333585402325127e+01
6.214326149020289591e+01
4.996083275644640764e+01
3.462961751849385195e+01
3.416544553495442926e+01
4.348996838480199756e+01
3.337368244031496545e+01
3.449721153799392681e+01
7.865691261031625636e+00
6.975807867318137845e+00
1.101253667025364535e+01
1.182694186492014055e+01
1.187186174977314224e+01
2.247231303918818313e+01
2.110437327040424194e+01
1.603311395456231736e+01
1.883247550156230687e+01
2.668411346623766889e+01
3.018046716168566590e+01
2.353837132068156990e+01
2.130169223411276391e+01
1.753418619168740378e+01
1.078835477198061810e+01
1.311838728482696581e+01
1.789653988225000347e+01
1.951223427234910446e+01
2.128404818027651046e+01
1.990499532114644765e+01
2.921771538199321938e+01
3.106763362393228789e+01
5.513023083310168460e+01
8.252485229988933213e+01
1.053754311306937694e+02
1.278399006423992574e+02
1.722652948101176378e+02
2.195760693847548453e+02
1.772579118139922230e+02
1.641396401204100641e+02
2.470901642015566040e+02
2.926852102438016914e+02
1.999424771265887841e+02
1.663128721050642582e+02
1.482553849345534900e+02
1.916620694588422680e+02
1.972846268051048639e+02
1.932454903457804392e+02
2.231215683002467358e+02
2.249183462201577584e+02
1.802729968166083552e+02
1.633086206551163002e+02
1.647173102258784070e+02
1.370859656140945617e+02
1.434885690544427064e+02
1.464180876085399632e+02
1.346460485412102628e+02
1.252467549078759106e+02
9.132728897233845089e+01
1.009034838987769831e+02
1.366256459196409310e+02
1.173031859753614441e+02
9.536519380728935857e+01
8.567148530957202013e+01
8.142844462141576400e+01
6.871537536569235272e+01
6.693656097735083677e+01
6.933535022944509763e+01
7.453356599651310432e+01
1.422468954346911687e+02
1.771537033251249227e+02
2.007445877704677457e+02
1.462905695658913885e+02
1.289899959938571214e+02
9.319340754360180767e+01
8.309841673587531830e+01
7.101348531129549713e+01
5.261452207046992413e+01
5.648131926337501341e+01
6.802977520927866806e+01
6.443914636844557720e+01
4.873428879796166768e+01
4.059127238633953993e+01
5.113285695331992997e+01
3.703712201491453015e+01
3.519077461114662242e+01
2.424735352187436987e+01
2.766556605026721627e+01
2.630735183340717853e+01
3.809389514307498104e+01
3.735025028484596277e+01
4.940566283198569408e+01
4.403481834646030535e+01
3.231174551967165343e+01
5.629667468608847258e+01
6.482810026761757172e+01
1.061893888475546817e+02
1.162402609583606079e+02
1.008594231156302641e+02
7.722797505486352065e+01
9.869526393565365652e+01
1.621361694483170197e+02
1.233272774289135896e+02
7.152689969912958645e+01
5.262964476043569562e+01
5.631317778555938247e+01
4.678118700484197490e+01
4.505413987369846041e+01
3.000664158406932458e+01
3.296911283235913004e+01
2.826729003971736631e+01
7.142331919665141982e+01
1.046048555419886412e+02
1.049864485439305497e+02
9.821760995060934363e+01
6.839450551458278937e+01
5.736358568213605480e+01
3.597039421436828377e+01
2.685509149028932541e+01
2.969225899397063984e+01
2.306450185230476890e+01
2.065896890334722613e+01
2.226918236428533149e+01
4.064064233343084709e+01
1.034653260041193477e+02
1.228189416279492150e+02
1.159640579965677603e+02
7.410987201039930028e+01
6.241130464705137371e+01
6.118152636537880085e+01
5.922891783347350980e+01
7.492327075308838857e+01
6.945613295289962252e+01
5.169259508479389353e+01
7.579638059746788770e+01
1.383195036093843839e+02
1.834504695355689421e+02
2.283535406346463219e+02
2.249426274036366351e+02
1.950442831687343812e+02
1.147329897318029168e+02
1.158336030901947851e+02
1.385706436172731060e+02
2.402802924385408971e+02
3.319000936922286087e+02
1.715249674506427198e+02
1.443340954247260868e+02
9.513169117820217480e+01
9.575906469557980927e+01
9.936487827997206068e+01
3.921811398183299957e+01
4.831026639537513745e+01
3.393293130998264928e+01
3.059823506762931800e+01
2.799494717656124720e+01
3.665645727754942840e+01
6.431254208912559989e+01
7.132281001838391887e+01
3.787931934216632612e+01
4.027876563696958101e+01
2.610249264752441434e+01
2.811449177580465886e+01
2.889854217044214479e+01
2.884643538322330514e+01
2.772130622719451054e+01
1.711896841177010842e+01
9.683252330430601518e+00
2.558290356656818076e+01
7.166306526117462283e+01
7.711384512802177937e+01
7.487614423070915848e+01
5.029391847392056292e+01
3.830981517510545586e+01
3.676149364604965797e+01
4.913570504593108978e+01
5.250284995912377184e+01
3.604216969582978436e+01
3.087028134756959119e+01
2.315358708178166580e+01
3.630428058556984894e+01
3.863816810366123633e+01
4.096484098176749455e+01
3.681947327904750011e+01
2.563241730062727441e+01
1.250623828141930538e+01
2.289658947297991887e+01
2.938919927911358343e+01
3.560231509593054966e+01
7.350762622399093971e+01
8.743739254474184008e+01
9.874987043909585793e+01
7.517758378758526305e+01
4.631272989597800205e+01
5.425331587937512268e+01
5.309338920236211834e+01
9.573562367370723081e+00
3.203912090566773685e+01
6.376268167161791212e+01
7.224582119007254732e+01
6.336974249904843504e+01
7.324370939195081576e+01
9.634053261312800487e+01
6.715252227245943573e+01
9.607235562766994974e+01
9.245814065962878203e+01
8.155751358580045007e+01
7.669024060192775494e+01
1.524017583581712927e+02
1.907672108234397115e+02
1.462503167858373843e+02
1.384606041330757193e+02
9.817853395832925401e+01
9.265702013797358916e+01
9.086004962602277146e+01
8.267105494197349458e+01
3.222513692035101940e+01
4.140864430293079579e+01
4.705012809039847355e+01
7.446291667557650840e+01
7.011093375313120646e+01
5.955776484361314260e+01
5.706784624061847211e+01
3.183211790483099435e+01
4.079260193477102803e+01
5.771896608008658092e+01
8.325449563514773388e+01
8.434102313802230810e+01
7.190900687737568830e+01
5.471988999406237042e+01
5.961051730176153995e+01
2.989160953793216180e+01
3.367859749664889790e+01
4.014724966978496212e+01
3.761300613490115552e+01
3.199068975122497704e+01
4.938963417307178361e+00
6.692113230464432405e+00
6.842432123628833018e+00
5.372760750762827442e+00
5.324295751407296606e+00
8.749845010805143986e+00
4.944764778467335198e+00
1.805903894515697417e+01
6.407820050223268993e+01
1.253327743275804380e+02
1.048639921484326578e+02
7.124673617893213873e+01
4.899424926545836456e+01
9.988602628975819187e+01
1.371623518913463045e+02
9.638505276076355699e+01
5.060129434725792663e+01
2.879156151373747718e+01
2.660963696640980203e+01
1.587461710494003064e+01
1.572504296775607635e+01
1.588205492897712823e+01
9.174252102185953106e+00
4.565043565351575516e+00
6.524334948410886348e+00
1.162280179600970875e+01
1.421372142581556730e+01
1.854049852766318196e+01
1.883820568970026343e+01
2.407548263234164310e+01
1.121992742576049551e+01
1.813283472295667309e+01
1.809539257436632553e+01
2.413161692499429378e+01
1.768406577021236359e+01
6.413074409781430951e+00
7.689236882494194347e+00
1.387221230958558316e+01
1.313227664430402264e+01
7.933638648215333156e+00
1.383670967358875714e+01
1.202611759286778081e+01
1.298652619937195318e+01
2.317661339435638368e+01
1.101126295198017324e+01
2.250024478766820479e+01
4.264755569610048269e+01
7.502475404655352520e+01
7.044958863696514584e+01
6.322681942113401021e+01
3.921871765707555824e+01
2.699897683471050414e+01
3.393123730735653254e+01
2.026331898920252428e+01
2.897960693522595221e+01
3.026151972064565498e+01
3.456634009066861069e+01
6.399566425255567736e+01
5.758035257684903740e+01
7.889351612914165912e+01
8.947742813282741281e+01
1.250374620479235546e+02
1.385377300941515273e+02
1.223126068248574256e+02
1.452169743611726460e+02
1.721170943900796431e+02
1.993236749695346646e+02
2.334174283016758125e+02
2.948470173326359145e+02
2.826223871861934640e+02
2.392817770400427264e+02
2.221551637339017020e+02
2.287075764999941043e+02
2.121510220586259834e+02
2.181408325619850075e+02
2.267862592612601134e+02
1.975561315023521161e+02
1.838539445403506818e+02
1.719371220085632217e+02
2.284265005039356993e+02
2.517997655701207691e+02
2.140563417136742430e+02
1.808676669889869402e+02
1.417517660340791679e+02
1.298056140255718844e+02
1.492087052902565745e+02
1.944666150518862651e+02
1.518165536678845058e+02
1.297386628670814162e+02
1.143026426871214625e+02
1.391543586765881457e+02
1.348111160172572340e+02
1.712803758405245276e+02
2.306709366749209096e+02
2.493447501441759186e+02
2.990318238599305687e+02
3.300619950222164221e+02
4.111023798733320973e+02
5.040783771445856587e+02
6.219601863317569723e+02
6.619271338898486192e+02
9.010560790569479650e+02
1.009628209722663087e+03
1.114522956602441354e+03
1.154787763005673241e+03
1.145184172818440857e+03
1.235509115525547259e+03
1.331121313603945509e+03
1.528894003020439641e+03
1.585552048855863177e+03
1.598084939208657943e+03
1.453337012418782479e+03
1.313611951640151347e+03
1.252421284419500807e+03
1.233379909334495551e+03
1.124651644995054312e+03
1.076909068772314868e+03
1.075121805480729563e+03
9.587386940134338147e+02
8.454795701061136697e+02
7.457016808372092100e+02
6.173627664071034360e+02
5.855431992215937953e+02
5.385977627128651193e+02
4.112183543745790644e+02
3.144570397761676190e+02
6.512761609826798122e+02
6.999116190123378374e+02
5.661679482715899212e+02
4.092363243679276934e+02
2.533967526155311702e+02
1.914596780904338686e+02
2.496081784422191845e+02
2.004907987191851930e+02
2.747114452993168925e+02
3.655016004406285219e+02
3.907350543626972126e+02
5.267811924286988869e+02
6.287716264313045258e+02
8.247312040243100455e+02
8.577974621226518366e+02
7.950091062038427481e+02
6.567700991530504098e+02
7.245883383314658204e+02
7.467525662618836577e+02
9.168141202476693934e+02
8.963940681923118063e+02
1.026498571981084524e+03
1.046726763014433800e+03
1.481011718679055321e+03
1.592372348356884459e+03
1.316045657938702334e+03
1.148417995738430136e+03
1.216944223037858137e+03
1.258955421589472280e+03
1.130490944904632215e+03
1.148790516527478758e+03
1.033240137308532667e+03
9.902027960540232243e+02
7.956376029427639196e+02
7.565589811069315829e+02
7.749486053437190094e+02
7.976594420919800541e+02
7.079085698868091185e+02
8.053694063079558418e+02
6.515461904556364061e+02
6.208045360750317059e+02
4.992739016033899588e+02
4.916084269237194349e+02
4.365827388739865000e+02
3.363976404434127971e+02
3.450132549208965997e+02
3.719757227525290091e+02
4.707204838970308174e+02
4.655920094325408058e+02
5.179441692016002889e+02
6.329319314106430738e+02
7.190645675152366039e+02
7.087500804101586027e+02
6.275838093235956876e+02
6.391549781067493541e+02
7.442538801639670965e+02
7.396798650563199544e+02
7.581573177255974088e+02
8.229298174578939324e+02
9.206306731879307108e+02
9.749261136721554522e+02
1.006203600606883811e+03
9.374843419800696438e+02
7.972581092436282688e+02
7.475403506358935601e+02
5.999242820558998801e+02
5.494145446397496926e+02
5.339432469453129215e+02
4.794229360897100491e+02
4.030459180451425709e+02
3.654491478667875981e+02
3.159558506281264272e+02
2.872878899011305407e+02
2.228947258699691076e+02
1.999674090764271455e+02
1.317100342691032324e+02
1.402594675807532667e+02
1.374747491954282168e+02
1.110863376101773241e+02
1.083218743540141986e+02
9.560521217836527796e+01
1.026473964904101592e+02
1.206008522942141639e+02
1.431089701645655055e+02
8.221644360130518692e+01
1.138667730754474121e+02
1.136570288014835484e+02
1.245866300794151584e+02
1.248320420165538707e+02
1.095471563663040229e+02
9.283037119050074182e+01
1.344356382753849459e+02
1.520656777959561055e+02
1.735355281662057507e+02
1.096042720023254304e+02
1.161359523798248148e+02
9.198382145638724694e+01
1.194744758895046317e+02
1.848816519883888247e+02
2.130152070248993823e+02
1.969163449928509806e+02
2.013838736230476059e+02
1.843646768880461195e+02
1.737219526441936637e+02
1.823303456890094765e+02
1.425213660512185641e+02
1.406140767888931578e+02
1.500431882636214311e+02
1.467072202138166119e+02
1.553617443662323012e+02
1.532920413228551695e+02
1.710368139316502152e+02
1.837932839174821993e+02
1.570625793877377703e+02
1.518572770100543607e+02
1.029894793042028454e+02
9.936133909962084942e+01
9.055133860248398037e+01
9.623459915691474009e+01
8.169537462605917710e+01
9.128249327548599013e+01
1.111729685058562325e+02
1.362720747534504824e+02
1.475778078950573615e+02
1.275337436952222276e+02
1.394262574800133336e+02
2.312590711131461489e+02
3.296891830238769217e+02
4.101435907497105973e+02
3.787627144788444866e+02
3.722389878720998695e+02
3.299905711456437984e+02
3.463661440387264747e+02
3.026340236646119592e+02
2.590921156681562820e+02
1.989229359073489434e+02
2.008615117396204539e+02
1.382760972582508714e+02
1.281019358873930685e+02
1.382207907342789213e+02
1.172056870469823338e+02
1.138043273999496421e+02
1.409122525799914740e+02
1.957548173388168209e+02
1.887240568758881523e+02
1.935157516860182341e+02
1.308453936731267788e+02
1.039178281953396947e+02
1.088730173621601693e+02
3.764303469178081940e+01
4.627100393349651597e+01
5.218158843914559952e+01
7.219630814967473498e+01
7.990894782205705837e+01
1.075419468080074097e+02
9.747947344267107894e+01
7.166202665440944486e+01
6.493111196212723257e+01
5.528450341838123450e+01
5.915949872542948640e+01
7.473566481628299130e+01
6.197551234296567912e+01
6.421542714691187825e+01
5.196117052792127566e+01
6.421515816388230746e+01
5.116113553171170025e+01
5.787068253390518180e+01
7.019484505342099112e+01
8.973585082765704612e+01
1.170444955352940468e+02
9.639636817635926036e+01
5.745610174428463068e+01
4.898438247455225536e+01
4.913577452684354085e+01
6.372604733488550011e+01
7.284826849570413287e+01
7.903189717676046655e+01
7.255417829651658224e+01
4.383508376225517367e+01
4.079121165604635735e+01
8.747285596944060160e+01
1.010091102769928995e+02
9.233076570763029167e+01
1.014685363927158335e+02
1.250884756521566601e+02
1.108691009774925504e+02
1.049963332850771565e+02
1.555744853239217775e+02
1.505062409141932562e+02
1.018977264405841083e+02
9.852306907252824431e+01
1.160243046560843680e+02
1.346406075530379951e+02
1.750370724096590038e+02
2.273447263261318767e+02
2.165577646959684728e+02
1.869034967564307124e+02
1.709362244056788427e+02
1.725587667311770588e+02
1.047696955747170904e+02
1.071629484475078442e+02
1.163681552823118182e+02
1.139308782455206881e+02
1.267363738590498485e+02
1.777635296671249421e+02
1.903614668150862883e+02
2.270308347782626583e+02
1.974597264285256699e+02
1.911334225472760409e+02
1.678852502344886659e+02
1.544122808045298711e+02
1.801872012378618706e+02
2.064021948104071384e+02
2.077868241949841774e+02
2.982521693774743881e+02
3.383391505800069012e+02
3.189816398777036852e+02
2.822529648086335783e+02
2.302019086903685832e+02
