7.685120293572453853e-01
5.231020309316041228e-01
1.624359758245665031e+00
2.963689133780353036e+00
4.913088234730138559e+00
3.796987670672632209e+00
4.384471279448333370e+00
7.921185899993977486e+00
6.156249858646375195e+00
7.115832051020167803e+00
2.711158754819808614e+00
2.864328401633286614e+00
1.862234603996878013e+00
1.790946272189940958e+00
6.251597890236074484e+00
4.150307456089745273e+00
6.693567292003105074e+00
5.725476776513553467e+00
8.450605301515198065e+00
4.780188453148715766e+00
2.901354160753064626e+00
2.357683581888738278e+00
4.581478722342205323e+00
3.973906450291578185e+00
5.778106957588576620e+00
5.580214916547213022e+00
3.673074947826857617e+00
6.063369663024135825e+00
7.123573813471700156e+00
6.856448359810113580e+00
3.410052062959362029e+00
9.559314543422827715e-01
4.056079680614866234e+00
3.210254091489420425e+00
5.868850122232563749e+00
4.467069552463327042e+00
4.038093308499115963e+00
2.092920865829415167e+00
4.526838551734937433e+00
3.926634608902695334e+00
1.598273345224775710e+00
2.946187985193546854e+00
3.059466548587437273e+00
4.127986329066008153e+00
1.455924395515550751e+00
2.380209359941662051e+00
7.522262590385365044e+00
5.646423129943128671e+00
5.572432944358499007e+00
9.727860672934404818e+00
3.865631241234015913e+00
5.146841893795597755e+00
4.190823416993961992e+00
5.274378584917374546e+00
7.222527911149757784e+00
3.124695553788316094e+00
4.856888109188508551e+00
3.690378412955112708e+00
4.332933746042328949e+00
4.212550511372183948e+00
4.997223402884646504e+00
9.370181749337273658e+00
6.297218876420351386e+00
3.350395507477316848e+00
2.651839247810248157e+00
6.033106734368983481e+00
3.349917544906162004e+00
5.450850347473616075e+00
2.536518807307738044e+00
4.073080146849235028e+00
9.490423179142322141e+00
4.129541917883089219e+00
6.174817820945877500e+00
4.962207365458130681e+00
2.750299798443275101e+00
1.880220828017746371e+00
5.382265808651652605e+00
1.915214804795338122e+00
5.574222029107452236e+00
4.825465946698458630e+00
4.803410485722721113e+00
5.247139786581467291e+00
5.622024329348486837e+00
4.487594424854549402e+00
5.043741979642076600e+00
2.722384282006719669e+00
1.995901776805774741e+00
1.705437743274710760e+00
1.856941810640065027e+00
2.718378433123865623e+00
2.075336684680635813e+00
2.679967577540061985e+00
3.661919008187037416e+00
3.227048478036783852e+00
5.982531353025657417e+00
4.742910394497051207e+00
5.155942868095364062e+00
2.598762935223968285e+00
3.406433434833811891e+00
3.214387521992906116e+00
5.355355190251257724e+00
4.510456663025432356e+00
2.923127804854995127e+00
1.282201497235233578e+00
9.415291781200902932e+00
4.734265825830143548e+00
2.243553069821433876e+00
3.129884501296868127e+00
4.736193064463045665e+00
4.079068783726612857e+00
7.985786835711599529e+00
2.953065691275407190e+00
4.181496439441293234e+00
4.526342425163809580e+00
6.421609739583867160e+00
4.858099008266534291e+00
7.233451076738046659e+00
7.457732117691545426e+00
3.743775500517600552e+00
2.800872381854335291e+00
5.594452160090887638e+00
4.010747894013536374e+00
2.424763232604620011e+00
1.298988829950976420e+00
1.697416970915731183e+00
1.978282957081339610e+00
3.161612804914102348e+00
4.261155158832896639e+00
5.557627917732349765e+00
5.893466439058924422e+00
6.100536593859728463e+00
3.397618254995768972e+00
3.442493885352544858e+00
4.663822856513323956e+00
3.432621131357190603e+00
3.258176224438631863e+00
8.413779456964819659e+00
8.302640524010030276e+00
5.422967088641809319e+00
6.552272110192225441e+00
3.295645345555299421e+00
3.621765319791549143e+00
5.270386602757109351e+00
4.891792892096146872e+00
5.503338803380187549e+00
3.610003212762626035e+00
3.028285916726478622e+00
2.581413598678555577e+00
2.552634364937619971e+00
3.748002563002493126e+00
2.956385979195081060e+00
2.684139620198068954e+00
2.012295037242902485e+00
2.542373153065206726e+00
2.763364309506063154e+00
2.433009276228393247e+00
3.335813945036181671e+00
4.586415559766657601e+00
3.082044960001289358e+00
5.664306636650238147e+00
3.904013622408663675e+00
4.902927687175242077e+00
6.989575793312364560e+00
8.667337014630579262e+00
7.888449211263990790e+00
1.904459072361517347e+00
5.297240956094407593e+00
2.643364854485328763e+00
6.033411808120050068e+00
4.088641422205918197e+00
4.720157213257655471e+00
6.899583089320015183e+00
5.463124353997936389e+00
6.305987818822960556e+00
1.053674671692121478e+01
1.009510283674610953e+01
1.542139014492543048e+01
1.490775244965458057e+01
1.467884599013731872e+01
1.295788037359142209e+01
7.323442940480523689e+00
9.091097061688309111e+00
7.841312528437576646e+00
4.993023196748843873e+00
6.202417641093679102e+00
3.659171657094772101e+00
4.156666827674383669e+00
3.530380205821175288e+00
3.389747434709857288e+00
2.714137270015715142e+00
2.917011065013034088e+00
5.820656850656273917e+00
5.515705572115675359e+00
5.790403458964693328e+00
9.053351053845176466e+00
1.098988532186915634e+01
1.326858130503917366e+01
1.562061269089629612e+01
1.000633745274616970e+01
8.744463854732865471e+00
7.551526698595552034e+00
8.112502067902701341e+00
4.218368520287569368e+00
3.509689228755183521e+00
5.747203639889161053e+00
3.564910996298262802e+00
5.640718153074182339e+00
3.768556162007694166e+00
4.075904766393987799e+00
5.576317579574280536e+00
7.137223184702544465e+00
6.390684694542344779e+00
9.841293557259479741e+00
1.631863668456779948e+01
5.955240687256687870e+00
5.709367755535345701e+00
6.721543875432413273e+00
6.075713915279676414e+00
1.045370208398223433e+01
1.110938527441822643e+01
7.208864889758936023e+00
8.410880809657284018e+00
4.729881484039057504e+00
5.059545216786990984e+00
5.358317905539768944e+00
6.355478066883429200e+00
6.958793970379493210e+00
6.968002644607905971e+00
5.675729841246556440e+00
6.706622917226146008e+00
7.544068768755075816e+00
5.437212448800480935e+00
6.560652747251643824e+00
7.007990409219092776e+00
9.127780565045231498e+00
1.216415810364951611e+01
2.772431200897164327e+00
3.800149624988355068e+00
5.075112117505106824e+00
5.640798554886245597e+00
3.820376572903665391e+00
4.309427134759593159e+00
5.957843895039180104e+00
3.966579064680633593e+00
5.452836902060817614e+00
5.757318242484889659e+00
3.507755845459338051e+00
2.688824609816165889e+00
5.374686144995457049e+00
3.039205052124938966e+00
8.444886473290933893e+00
9.066745275777982727e+00
5.539484924856675541e+00
5.191967102401672030e+00
5.372427709181820887e+00
3.609831225346003425e+00
7.801432341156813166e+00
9.869885856727623974e+00
5.068870019869851085e+00
5.792117658702818694e+00
1.805752307115704669e+00
1.431674469349852430e+00
4.507223338958567638e+00
4.823597210873002972e+00
5.508717022677574349e+00
7.915306064441903544e+00
6.616989442627178697e+00
6.788855689970972662e+00
2.948387839857244952e+00
4.136268200451599597e+00
8.504623638722113910e+00
6.233715157630858705e+00
5.371859758189430067e+00
6.054289753020008824e+00
3.573432957787220143e+00
6.188151253056119572e+00
5.607940014365332182e+00
8.730847121461033922e+00
8.609204476433371056e+00
1.097466952310541188e+01
1.645911337242211658e+01
1.606032345256733151e+01
1.819474566633409296e+01
1.779745902259012169e+01
1.387037378342211547e+01
1.030594948480784367e+01
1.313276006629558346e+01
1.067340353987457213e+01
9.187702747195514164e+00
9.456635051817194437e+00
9.841995933384570350e+00
9.883987394806547755e+00
7.860942936545618487e+00
7.397688380044844081e+00
5.794125293019936507e+00
9.466821120790241295e+00
6.718649008706380599e+00
7.709521490168802949e+00
1.161599112386541144e+01
6.946240704142052635e+00
5.745568762456737311e+00
8.024016242432178814e+00
7.181075421553988036e+00
5.603161274783996504e+00
1.153650767302047342e+01
6.414258217463883582e+00
3.957796303045418185e+00
5.153792787713096679e+00
3.772606245119666912e+00
4.354704596719897403e+00
6.218897652139690813e+00
3.179047033837411274e+00
6.055880189321404927e+00
5.099462651276104985e+00
6.141742816228679125e+00
6.729975814802542367e+00
7.659871322777203062e+00
6.854981301588476406e+00
9.632872150939686406e+00
4.001263718498557331e+00
5.430557169180189270e+00
5.405530096622058522e+00
5.322697127820726237e+00
4.960802749559700686e+00
6.955486561082327768e+00
5.929766347015367423e+00
8.034737336481951431e+00
4.579128629574092280e+00
7.730085012727556659e+00
7.448410863492937573e+00
4.931530535181508412e+00
4.796617366923833004e+00
1.029661925435353531e+01
8.082133121561481559e+00
6.688804286794026943e+00
2.264905202640712822e+00
7.544053215005313895e+00
6.427387347827680841e+00
5.939442563830303001e+00
4.325433567526451029e+00
4.920965139635792518e+00
5.235471322546966455e+00
5.468642964503622750e+00
1.004338595683515400e+01
7.416824440462787216e+00
8.634687348906320281e+00
1.296296518717679902e+01
8.947501467816339371e+00
5.483279124908949420e+00
5.599613800975149047e+00
5.454304877207175828e+00
5.304536515345835035e+00
9.353842050167529010e+00
9.411665915856405107e+00
9.492096708260762128e+00
1.288014861729706517e+01
1.226043016642077710e+01
1.227879144067017592e+01
1.521919751626363926e+01
1.382830870865189787e+01
1.587227865379929348e+01
1.622925904205294145e+01
1.703635672111407473e+01
1.716010393387363919e+01
1.265160914134860981e+01
1.674067575737288749e+01
1.499878534039839018e+01
1.725455542562110978e+01
1.490573704853034798e+01
1.496079857432732041e+01
1.093758847460677330e+01
1.297935409054690936e+01
1.364495407656451498e+01
1.282884950472518248e+01
1.834698207041233076e+01
1.153202279026351817e+01
9.287083929994492948e+00
1.062153679627169289e+01
1.120684458179586152e+01
1.148781972278276164e+01
1.236685343375657808e+01
1.202414825548869359e+01
1.700680868026883275e+01
1.404732578521459097e+01
1.312813549542568303e+01
1.035789185725562689e+01
1.372128588023826445e+01
9.670516786463316805e+00
1.346999384606715644e+01
1.281489030816900865e+01
6.723153956479070992e+00
7.163865396913528194e+00
1.019839829398399722e+01
7.830546405171940449e+00
9.395780809198999606e+00
4.587623211046053306e+00
3.499142804424517639e+00
6.502025029127082689e+00
1.026383855528925437e+01
1.412615445533103653e+01
1.657584847746021950e+01
1.635125149569040914e+01
2.541104669482201217e+01
2.569746473236444118e+01
2.267760368543187255e+01
2.227759323293327043e+01
1.869320732147858166e+01
1.902581844636166863e+01
1.574242029463012926e+01
1.510533576798997224e+01
1.416830108045512837e+01
1.576080912514562193e+01
1.929053211863540440e+01
1.759522541416223618e+01
1.340348158658925648e+01
1.520065766658398942e+01
1.745030435547159442e+01
2.001678212960408132e+01
1.701322422307278970e+01
1.771018358282188743e+01
1.815336722394645363e+01
1.995612573172635607e+01
1.716812522491959569e+01
1.663893848914073814e+01
1.755195758414266649e+01
2.046507745757335073e+01
1.932053338850422008e+01
1.858949254193227674e+01
1.584058407023266035e+01
1.433730316747662847e+01
1.756519549420946902e+01
1.219739579678221730e+01
1.078563094203785333e+01
6.022450143372999776e+00
9.744362359211715230e+00
1.018057125060148138e+01
9.126561029191771368e+00
7.552096657641882871e+00
1.240957175203448415e+01
1.352642649886980841e+01
8.899694030523008337e+00
9.462294850101885757e+00
1.518442832064915216e+01
1.294683852599193408e+01
1.247298970550554564e+01
7.291807420303090481e+00
8.044628444305482518e+00
6.101591249688364194e+00
9.581686960320830337e+00
1.047936382227337582e+01
1.415497883898247089e+01
1.940642939400792244e+01
2.046525772836769974e+01
2.305388984444769918e+01
2.516520402681462087e+01
3.037329925520333518e+01
2.694104856625002142e+01
2.776786625911807960e+01
2.334575604970595464e+01
2.133047932455013296e+01
1.439085948730576625e+01
1.823651009565507763e+01
1.623889177425675712e+01
1.540380926359251212e+01
1.340573834039408929e+01
8.207193538564947488e+00
1.038917008717414525e+01
1.385191112846430350e+01
1.581145368477102053e+01
1.376183966868545561e+01
1.171472678797988287e+01
1.364339066602989803e+01
1.151429594775985166e+01
8.372048453029814041e+00
1.295978561057608580e+01
6.586978289634052075e+00
6.212631038379808679e+00
5.760341886088266250e+00
1.148285468225585149e+01
1.144940025570376463e+01
1.404749657845337829e+01
1.130872344904785010e+01
6.982719191705657025e+00
8.386259198099018874e+00
8.103251133835364328e+00
7.211033966797225858e+00
9.365509863114136024e+00
8.397163188278669921e+00
1.028616055567412246e+01
3.591129271182872174e+00
1.118087045896308318e+01
9.182395242166547789e+00
1.050366989659429784e+01
1.760705223147390441e+01
1.024210585927412787e+01
9.804587906491182281e+00
9.037094739535479704e+00
1.089673936079350014e+01
8.351536977369418580e+00
8.992622716621692547e+00
1.042764079648694242e+01
8.316920250312058727e+00
1.197354067327137805e+01
1.598046187686939490e+01
1.554386026604329807e+01
1.289868981926203872e+01
1.313469221814683152e+01
1.465121614104796421e+01
1.873678697841562624e+01
2.225307994581889304e+01
1.322466850449574771e+01
1.401667983743550217e+01
1.335869084818819452e+01
1.156860458553682669e+01
1.295542628674274965e+01
9.983982784514369158e+00
1.353206098203320984e+01
1.001761737135015551e+01
1.028787292875993664e+01
1.004638878981555905e+01
7.249673574355042227e+00
4.481394379743242062e+00
5.140533878251645206e+00
3.994790212525276996e+00
2.050867726536532043e+00
4.131379334778147339e+00
6.795905205365482260e+00
4.065618502075537322e+00
9.187388471958588099e+00
1.450082061137336531e+01
3.554295232487032496e+00
3.665790897374332058e+00
5.327442349239308150e+00
3.327938977007529164e+00
7.177387786347001253e+00
7.304457336886973629e+00
1.871437364027005223e+00
3.550647438080748231e+00
3.576095918984343314e+00
2.658683068883678668e+00
6.346986823052480631e+00
4.327117162919348559e+00
4.328025827454713870e+00
3.516603608083637145e+00
3.402349560344277268e+00
1.598766629477144541e+00
2.094187631476100986e+00
1.867855457936089536e+00
4.112856148894752373e+00
4.228484070030908093e+00
4.755673967677304326e+00
4.818634786428277472e+00
5.581225631148301503e+00
1.883779678045795691e+01
7.970846076509053191e+00
1.089081559615029171e+01
1.334018200003574073e+01
1.407347263918622637e+01
1.585305806045053068e+01
1.530982987465985978e+01
1.242114920031660041e+01
1.134937368284996317e+01
1.074532377139465567e+01
1.249640565778116041e+01
8.685033637689498320e+00
5.840267214201095847e+00
4.375412885464735169e+00
4.035317154930536887e+00
3.126347317204965837e+00
3.222444405016525071e+00
1.074824672855333141e+01
6.898459915364496098e+00
4.207632602402365585e+00
4.199017392900186607e+00
8.458953759013846607e+00
1.318344347054602927e+01
1.161053660842429913e+01
8.236486085782985356e+00
1.387081535476082550e+01
1.265771118163450204e+01
1.421092137674668976e+01
1.132465413455706305e+01
1.000540900114497411e+01
5.368306813685917334e+00
3.695028926574381423e+00
2.866294961724274337e+00
6.709982434315716837e+00
3.937964307682637610e+00
4.680563361965291769e+00
4.055070939026183652e+00
7.203738443654359891e+00
8.014692553347817494e+00
1.104508775478099558e+01
1.282127596951722914e+01
1.126074342730379385e+01
1.219071584449434908e+01
1.220441385292853553e+01
1.025926740396323389e+01
1.279822499991389328e+01
1.206370375050173926e+01
1.748809003471424761e+00
4.386850611970004366e+00
4.086124591759138447e+00
3.029167621943817945e+00
2.985150647397389889e+00
1.760262731483658083e+00
3.619389064230375208e+00
2.617170466792454686e+00
5.374652869628855356e+00
3.929822665727983111e+00
3.841231418855690194e+00
3.153359935480867904e+00
2.606150810421317132e+00
3.329933800880028993e+00
4.446032298722664144e+00
5.025354143932159623e+00
5.111475212691082959e+00
8.556234116771104681e+00
1.672953064808609724e+00
2.412030583035468911e+00
2.337776457197866531e+00
5.546699614339097195e+00
1.155582701764715914e+01
1.492193872219049666e+01
1.248296573951091837e+01
1.151995405754053259e+01
1.109160948434220373e+01
1.397644553171785908e+01
1.261129832784743598e+01
1.049491344470346732e+01
8.721802537842350489e+00
7.827700418142561567e+00
9.359388941553541841e+00
5.337931222362204409e+00
1.114707598340729433e+01
3.380646737773471688e+00
7.640188166938856718e+00
4.487590719871610290e+00
6.514189612019655407e+00
5.278952912878955850e+00
8.404357698275195077e+00
5.552638152752045642e+00
5.922551319011761350e+00
1.261352009565786680e+01
7.103193926179232953e+00
8.998253163094043217e+00
6.360246852735772727e+00
7.900424130572316628e+00
1.037472428142791614e+01
8.222213684123717670e+00
7.537387531105347094e+00
6.598031682027266420e+00
9.707870284119707094e+00
9.271649379026019488e+00
1.071937339059995153e+01
9.838074251571681472e+00
1.135203378191500079e+01
1.372499378189958996e+01
1.809379299734575497e+01
1.444357491464123910e+01
2.021561453568393318e+01
2.162135573618118656e+01
2.201701215401678624e+01
2.302231299206035331e+01
1.303309683809399999e+01
1.280062075497554552e+01
1.451755984675924438e+01
1.160109399676242248e+01
8.328432811687221715e+00
1.056720637274049146e+01
1.303259609294027754e+01
1.638321098929151276e+01
1.279412143732662166e+01
1.480522585971815808e+01
1.536941884097391231e+01
1.518763471542205323e+01
1.141173391260633174e+01
1.015717719689085641e+01
1.341125485759997105e+01
1.362846669020744095e+01
1.071525724718723183e+01
1.017265858589494520e+01
6.171696825878307813e+00
5.096046986994227090e+00
9.966256788026877089e+00
5.874357395056303055e+00
4.980418074697929853e+00
4.564438307553142948e+00
5.428169923647602424e+00
3.524304491064155442e+00
4.596277566242027213e+00
2.286132741006674518e+00
9.720204876217639622e+00
4.700481977441672399e+00
5.357389581925877664e+00
6.924074548070636936e+00
9.505706309279288391e+00
9.217442445649670191e+00
5.744544723570092160e+00
6.344224391516149808e+00
8.646212174867910605e+00
5.544938579753620367e+00
3.495190397828404905e+00
5.914425460096865983e+00
4.535530561557741258e+00
5.343653755767652669e+00
4.711369810320959139e+00
3.957688010220193675e+00
3.614571382538857680e+00
4.134224373888252480e+00
3.694112732846387193e+00
4.805765457492266357e+00
4.544495755498109801e+00
2.455491942725168020e+00
5.105487459055590094e+00
2.137659358399549347e+00
3.639659185811558562e+00
2.420438230184927875e+00
5.524914669181439031e+00
4.369757392191837120e+00
3.428496970398986488e+00
7.019254717108732500e+00
2.508941229971395792e+00
2.059705034034863935e+00
8.080731087700646853e+00
5.596243987729810243e+00
4.011238012641304529e+00
7.070564432382090203e+00
6.962645796631716344e+00
7.453807339473523363e+00
8.502042034191026332e+00
1.181182479784969885e+01
1.386643987205960471e+01
1.474782060656433913e+01
1.995961546025475997e+01
2.131522086595818877e+01
2.218780433736307955e+01
2.126420236781410367e+01
2.262411020544315576e+01
1.503748186100536088e+01
1.352316130909314396e+01
1.092358450532765701e+01
4.906941311697613273e+00
3.897787143335482263e+00
4.339650426755007118e+00
9.004613848074500382e+00
1.647080263607944062e+01
1.797547463989731398e+01
9.821514125107047022e+00
1.469161322530458058e+01
9.653887840093190675e+00
8.863632267604621973e+00
1.330983748029643543e+01
1.120919348442612673e+01
1.583812820754146955e+01
1.091690352475578685e+01
1.043523913990155449e+01
8.493130289111732623e+00
1.741496729824747547e+01
1.685222244836361938e+01
1.404413101343116033e+01
1.198740972681654959e+01
1.521981406075716947e+01
1.218166586233519233e+01
1.367394989157362417e+01
1.236347243725373701e+01
1.205159007744340549e+01
1.142081276953838653e+01
1.016845280834754739e+01
1.311675369623305265e+01
1.134549855308504895e+01
9.425946563558236235e+00
9.580261189188158610e+00
5.792826446121251749e+00
1.099765314859451770e+01
5.301305471011087178e+00
8.235462291572300586e+00
6.256319002038506660e+00
5.145498519289890105e+00
4.825410209698753228e+00
8.294484966447578600e+00
1.195863590983451097e+01
8.423137154090770906e+00
1.004318588606587781e+01
1.619465668526664004e+01
1.609651078598175999e+01
1.269938731918125718e+01
1.197941437209601467e+01
1.224500720747254867e+01
1.113211827869237247e+01
5.246004457130750254e+00
3.682418544221464085e+00
2.877833980762647403e+00
6.266193986432984531e+00
3.306220476935182617e+00
5.281649252879107692e+00
1.613158669475066143e+00
3.861119923196293158e+00
4.369524301849335934e+00
5.100213350910362209e+00
2.923673627074378611e+00
3.809449436237933195e+00
6.824645830271914626e+00
5.301201576446638697e+00
6.626763200783633678e+00
2.677709671783295775e+00
1.877793440710320949e+00
5.868764677724759515e+00
6.448499505384294395e+00
5.958858311368279814e+00
7.820777899622833651e+00
3.269005856438015556e+00
7.976956920463972089e+00
5.861588409654546084e+00
7.723195372073761611e+00
9.402303967235871696e+00
6.355721929465902420e+00
6.243413115619886433e+00
7.342246476713572889e+00
7.495886783809750042e+00
1.180682454147237337e+01
1.323067020189156828e+01
1.371371617126844988e+01
1.333393602570925296e+01
1.493701945494757410e+01
1.467442613946468022e+01
2.121475546815362279e+01
2.078893141365584896e+01
2.015204158050655536e+01
2.100268957318812113e+01
2.014812930084922371e+01
1.753714052449798899e+01
1.495056587223304945e+01
1.321020792280265610e+01
1.226779428412227979e+01
9.132898506577362241e+00
9.426892173490228899e+00
9.339131050631378272e+00
5.677060210779342420e+00
4.318562878321158927e+00
6.508270127791027981e+00
1.078220159632649811e+01
3.743940010359172899e+00
2.534799144920738989e+00
7.251541492395132238e+00
5.877929988678967987e+00
5.072202075119115250e+00
5.009302040402920930e+00
6.549981032573488626e+00
6.800214064585510698e+00
1.243012652784126892e+01
1.192581226086143964e+01
1.258293664836239500e+01
9.212774242438715788e+00
7.520569659647355465e+00
7.116519640789577217e+00
9.671776475871110890e+00
7.292558170653240524e+00
4.781156385147077970e+00
1.284656404214226377e+01
8.060594453798627157e+00
7.152552423380779345e+00
4.917344634597477615e+00
6.203580405989111313e+00
1.712716651685024960e+00
9.553840361771348100e+00
7.663704522616401782e+00
6.432004901621370507e+00
6.591060520837398684e+00
7.185831813130358015e+00
5.216206830548868467e+00
5.332132866441867236e+00
6.938199876963460966e+00
1.064631736687621277e+01
6.933866458909568209e+00
1.240321441215375309e+01
1.693277864695270551e+01
1.728275269582155715e+01
1.400826181012269700e+01
1.098161228145566781e+01
1.185401873451666610e+01
1.172573465331211473e+01
1.259772576124882448e+01
1.133088453007518304e+01
9.057882957186055961e+00
4.407525439670665790e+00
5.999685015318386938e+00
9.918013147713717004e+00
3.752174825640274491e+00
5.577596948042976344e+00
8.927605998367027951e+00
1.421507949242304392e+01
1.483386070910139232e+01
1.530632961635219225e+01
2.139140083869797593e+01
1.851142316164559887e+01
1.148043552799442679e+01
8.049313954113744174e+00
6.876496292148660316e+00
2.714780511168444210e+00
8.237604026567675319e+00
4.025563464512871725e+00
1.000331609505863639e+01
1.256855795985269708e+01
6.163728363545681432e+00
3.706401372667638139e+00
7.641261411904018530e+00
5.492280243290173836e+00
7.983512405734530581e+00
4.687296166047070223e+00
1.989831421422522117e+00
4.318525417480090667e+00
4.008287103878410029e+00
2.895584892859792703e+00
3.202964404528473530e+00
3.937423490288064709e+00
1.074254712522576538e+00
2.992026062984935120e+00
5.076285188466775011e+00
3.274052991314038596e+00
3.276559201665522281e+00
4.395387268344778775e+00
6.099880520377525706e+00
8.709380025255313740e+00
1.169859769487849022e+01
9.514176996379966056e+00
7.740081665542266620e+00
8.121540739544242271e+00
8.851160527156384461e+00
1.006706628335423481e+01
7.268071086192934516e+00
5.576229570892915710e+00
5.021182210598380991e+00
7.696975132714388046e+00
7.121370224301789342e+00
6.373371929765625943e+00
7.444380836863168760e+00
7.180222357942343869e+00
8.881318640348029092e+00
9.312888195647083478e+00
9.101217952234730291e+00
1.060049865076858921e+01
7.774370290669571304e+00
9.647085342647372386e+00
2.085978507791158876e+01
1.446413217973547738e+01
8.416907747376971116e+00
6.561860426318622430e+00
1.079986375692986833e+01
1.314274532830631337e+01
7.760853291541743637e+00
5.906688743905395000e+00
5.215163940666385223e+00
6.287126791106260271e+00
4.065402754323972800e+00
6.557180367852059710e+00
4.029520594526161403e+00
5.555655262807481343e+00
4.837509404193956364e+00
6.833831532028406208e+00
