8.201456493686524185e-01
2.462741586120661186e+00
2.081435578056026969e+00
1.387513838376532194e+00
1.121917288414316927e+00
1.236132645341446290e+00
4.278394900052822969e+00
2.608074253437223877e+00
8.845689130332148764e+00
6.223474438083598237e+00
8.736378217835046200e+00
6.157211835595413518e+00
2.782028573762960200e+00
3.187964600839766405e+00
2.572896753523991276e+00
3.196871424254896343e+00
3.383442672206759649e+00
2.571475983522925279e+00
2.251381481199846046e+00
1.969475536858919629e+00
3.099217635724009767e+00
3.995763103120824056e+00
9.178815121824550616e+00
2.894698407514943561e+00
8.691293445593542444e+00
4.156429997702293377e+00
6.149003768261445124e+00
4.051443788061638962e+00
2.051153210287536943e+00
2.045442343232975357e+00
2.818946734910825036e+00
2.586113923844783891e+00
6.278262629472492584e+00
2.690737241900293508e+00
3.027650371443624255e+00
3.280527272411069450e+00
2.419312629032146944e+00
6.363768945052350468e+00
1.499809488507506838e+00
2.211843052022095968e+00
6.534670302570352085e+00
7.117204837498462666e+00
4.914451750883925385e+00
6.965489583533806872e+00
5.373693481870637889e+00
5.466176521369789931e+00
3.128915033637209575e+00
6.722160650498069323e+00
1.985010169049811868e+00
6.032495611461081708e+00
2.901259935048243310e+00
3.146488936927438029e+00
7.413117544849545659e+00
4.471139556427564443e+00
2.383276218749458053e+00
3.436596076205387096e+00
4.534890473933065991e+00
9.175259869264136725e+00
2.710661285154416511e+00
3.249010029376884212e+00
5.197934092190009459e+00
4.667400238557941172e+00
5.185034884858322535e+00
4.590134549032412359e+00
5.647843913606884314e+00
9.676190938932498042e+00
2.734520918377134180e+00
3.130108506432051740e+00
5.175339968703550397e+00
5.203818226425655169e+00
8.730438564539205970e+00
8.098479578254821121e+00
5.014340440619586836e+00
6.941599411101265993e+00
2.034401138340780069e+00
2.013343623877550836e+00
7.661239003382374513e+00
2.909055211737254787e+00
3.314841496831403944e+00
3.281089111592564667e+00
1.604000759433651391e+00
2.942885928710463617e+00
1.964455715085214438e+00
1.952090990561363704e+00
4.742786628348056865e+00
6.220592810218423807e+00
1.394995147857638340e+00
2.678068717430081680e+00
6.015719130342366050e+00
4.077116400136668872e+00
7.329379351235007611e+00
6.275603536416518580e+00
1.558268073151592326e+00
1.848829187786182437e+00
2.627585230028300245e+00
3.537521878916723761e+00
4.146783394808686296e+00
3.824451539536117828e+00
5.880826123443153364e+00
4.495169252807392546e+00
2.665695875123128111e+00
3.209452940913380292e+00
4.283026452217647773e+00
1.653737138095774162e+00
2.135708644399891831e+00
1.555165268122266964e+00
2.515194889912228060e+00
3.376375009795594018e+00
4.849344715827057506e+00
3.156724988091248463e+00
7.195527508640872760e+00
5.912365338512519664e+00
4.168463025647191955e+00
3.565534342008012114e+00
2.812591350976814120e+00
4.571564096261111487e+00
3.891894345795845478e+00
7.709679297217698846e+00
4.530586667364970843e+00
5.534866372361573639e+00
7.748866715556943063e+00
6.552781860700349625e+00
5.587824874792966412e+00
4.488275965251639299e+00
3.168570262332972121e+00
7.068483882680286712e+00
6.311478844840016755e+00
4.770792282068739176e+00
4.149578779916160087e+00
4.727695779600214365e+00
9.596970990920043576e+00
9.819368496775087607e+00
8.834691487887468497e+00
6.049202243297864712e+00
6.648140892893251497e+00
5.026343127817161971e+00
7.480953585343911527e+00
4.488374920445191485e+00
3.239669083618176071e+00
3.051557283802352583e+00
3.048846120714584274e+00
3.140545649618242674e+00
2.002738678702660202e+00
2.917852313287046861e+00
3.741549970407930914e+00
6.958096921778343713e+00
6.445910278169563412e+00
5.380311321057342333e+00
5.878642017627256244e+00
6.156324475540311703e+00
5.450382815017737137e+00
4.669604409571840975e+00
4.501360110890494148e+00
3.725247583442643506e+00
9.514381083078077950e+00
6.877644762278490198e+00
3.531381929527602548e+00
3.281646105351217813e+00
1.064117116027928134e+01
6.120218425066084045e+00
1.971703822031852793e+00
1.991657967904732596e+00
8.181943024139451737e+00
6.138142862143585177e+00
4.183713266871191827e+00
7.883970531376922608e+00
4.867923466873647520e+00
6.228707128325847719e+00
2.064548184674227738e+00
3.555927016315918454e+00
2.418085916629144627e+00
8.643740135729347074e+00
4.720088168848718624e+00
9.226980355999161887e+00
4.560638438096480840e+00
4.216268773038904349e+00
5.549279640336130193e+00
1.147120824601290323e+01
4.833074199374306268e+00
6.180560602103529533e+00
4.960966855048313917e+00
5.119031155286525525e+00
2.895248775664744478e+00
1.487985531361869507e+00
1.229929164090069360e+00
2.423116606931832173e+00
3.735908687862378397e+00
2.071819509283315597e+00
3.625868250853072627e+00
3.737082047741472124e+00
4.304083161479991482e+00
2.570187043104677382e+00
4.810235620246189114e+00
3.991598722804781119e+00
2.840509973807401778e+00
2.507786948198232668e+00
3.353679104833229729e+00
3.307359193954024335e+00
4.501696866410739517e+00
5.258165124849468519e+00
5.097207599662436195e+00
5.050406783209315797e+00
4.929036297916056242e+00
3.951252705913843144e+00
4.840172336714359425e+00
8.343466595415257814e+00
6.204261211923320474e+00
4.030816296214194239e+00
5.809171190874698354e+00
5.438816620805010160e+00
3.833522868404178663e+00
3.732189474555559716e+00
4.625370208773770919e+00
7.477659823276592732e+00
5.001333755023168237e+00
2.548851826156194100e+00
1.993588187882886276e+00
1.101228302257573066e+00
4.795207333299706498e+00
5.408294219708865036e+00
2.889414363078935288e+00
1.314517280940785238e+00
7.027098266849526986e+00
5.187127998387954797e+00
4.698691463237569366e+00
5.950671479256094187e+00
3.122403656997462029e+00
3.251174640563428753e+00
1.181962067742705536e+01
5.543241453076149128e+00
1.713285876709492950e+00
2.525917985691847445e+00
4.494204299341029163e+00
2.336356518253839276e+00
4.527503495199025174e+00
5.038011130217586064e+00
2.455109088440562193e+00
2.427164899127235209e+00
1.396777184528829707e+00
2.328180160484159877e+00
5.112890564849582375e+00
4.307710256639870394e+00
4.817132763896740499e+00
4.316063927047387061e+00
2.497923353511289690e+00
2.111904331581158534e+00
4.764178321601431065e+00
4.910452382188227105e+00
5.969686081336523564e+00
1.852891940994277231e+00
4.327354988389812362e+00
2.583824607522015704e+00
5.362523714326056457e+00
3.414772485138247049e+00
1.058225173294580124e+01
7.931319752995639405e+00
6.960357358233859593e+00
3.837625616321194144e+00
8.678748518952923874e+00
6.708707974732631918e+00
3.802195543619836915e+00
2.663460622219857576e+00
4.172032106182748556e+00
3.103398436620319334e+00
6.765745376297883418e+00
8.562527522754571407e+00
4.653376465794593742e+00
3.881590299406119104e+00
2.880503826363737474e+00
2.912414813120524304e+00
1.897014157213660068e+00
3.529144668393795037e+00
4.078684875017090761e+00
4.320055056436033603e+00
2.049834403223177670e+00
3.585878555246178045e+00
4.439909063959493807e+00
4.474407151640876101e+00
5.074289889290912292e+00
3.995818161042301142e+00
1.755835290103720192e+00
2.597236961591578464e+00
2.203377116774901889e+00
9.562667291267212377e+00
2.414485851259809746e+00
1.789843260909182776e+00
2.492404996143711582e+00
1.809158433694805002e+00
3.745586470427801462e+00
3.063646174200727046e+00
5.901297292528771443e+00
7.205514196636411128e+00
7.489123480882381223e+00
7.515038873602502001e+00
6.014249215350637279e+00
4.448355407011849394e+00
8.516937806160928659e+00
9.843279573153361994e+00
1.298689777657934386e+01
8.191893019036777801e+00
1.513785247471765016e+00
3.316186486991982818e+00
4.300795334849924600e+00
2.948025993903791608e+00
2.274960076027828126e+00
2.964009368648791831e+00
3.714448441030522297e+00
8.855214365152791700e+00
4.397539081774834990e+00
3.063146837771900888e+00
5.871071066959053120e+00
6.556918670128132121e+00
4.129295498132427689e+00
3.808588169756309760e+00
1.395842062263991101e+00
3.917756217770638649e+00
5.926181367882855433e+00
7.017766239548658191e+00
6.758996957775567083e+00
8.132267292089871091e+00
3.363377057395879000e+00
6.151018215681729018e+00
2.969461094464891815e+00
8.274095577179505057e+00
1.001114325938065797e+01
3.682682080533376201e+00
3.575798742601889124e+00
1.525452577312061075e+00
4.188053577223505464e+00
2.109614603056139792e+00
6.507395601454433631e+00
3.724042939371382754e+00
4.640781236824266465e+00
1.420107885249032531e+00
2.741045908767659078e+00
7.645027294305964949e-01
4.676339376370954426e+00
3.906485722244156911e+00
2.133082912878244031e+00
2.941696071941287460e+00
6.696132284709600313e+00
7.384319013285513655e+00
5.946510067304662250e+00
6.519335646893286373e+00
3.000975209431263835e+00
2.178645580827132555e+00
2.857980283534581112e+00
3.241184463898250101e+00
5.258106487555650688e+00
5.014363490070921081e+00
2.375947006329957034e+00
2.788632234541607691e+00
2.996901643549248817e+00
4.432522878274953726e+00
6.428935215181382112e+00
1.065829732811433139e+01
1.300171560189729680e+00
3.071233770975231536e+00
4.782605526674696073e+00
3.987590832683194808e+00
5.097334866923124430e+00
3.125759437833864229e+00
1.757074009393736924e+00
1.014463195216356528e+00
5.440176510846571389e+00
6.229862143331869717e+00
4.600821432567121505e+00
4.484351530480097381e+00
4.347083572839939514e+00
3.156761286202677930e+00
4.719888301040670697e+00
4.193812899840703601e+00
5.144273865925252487e+00
3.402615336080968333e+00
4.329467768303561392e+00
4.927536054858717485e+00
7.179620898056146672e+00
6.982769241384466419e+00
6.170942338106780944e+00
2.875871608481564756e+00
5.518168280150517191e+00
2.876967494575837669e+00
2.048261015078070013e+00
2.001193988699917270e+00
6.588632809083272868e+00
7.175758549926837482e+00
4.282859111605461067e+00
5.069651236427346497e+00
2.326433916972459937e+00
2.993307113040520218e+00
4.442698832163562983e+00
2.132448440033819725e+00
5.379274604565952522e+00
3.318961087460759796e+00
2.934380377545342089e+00
6.816645650209041563e+00
4.611904844432197059e+00
5.190933452825356120e+00
6.090816566586623182e+00
4.292471377621697393e+00
6.014121834986290160e+00
4.831119171271486934e+00
8.603904416430056656e+00
3.026386814489493204e+00
5.181209690394209311e+00
6.004847071330372543e+00
7.326865337440624515e+00
4.621920879292910733e+00
3.921496525885145967e+00
3.702531663924268912e+00
6.157673498110758814e+00
3.316654178892503690e+00
6.534565199747397024e+00
4.110014096652233384e+00
4.931512481691916250e+00
2.583036448954320274e+00
5.993993408108038601e+00
4.699395582640566893e+00
6.337587225112465639e+00
3.602478886820413173e+00
4.003030204560992011e+00
3.195754786215718291e+00
2.443907983355987579e+00
2.692955810655658144e+00
3.702612393640849930e+00
3.471721058603849830e+00
3.437242927654331481e+00
3.158863500690948456e+00
4.437246487093002401e+00
5.288180300191648087e+00
6.340015034069377720e+00
6.499930744320593590e+00
5.350787655233957274e+00
3.906490316981626520e+00
2.597626842170449368e+00
2.953837959915256661e+00
3.629062448301054733e+00
3.200997727247728797e+00
1.474431437790664656e+00
2.406143323216704211e+00
2.744646712883656470e+00
1.632421811826847424e+00
5.241114728805266409e+00
4.407302339704409988e+00
1.130224036466551674e+01
2.356319110279454954e+00
3.715850520049327699e+00
2.630009703631025264e+00
2.749073116827268404e+00
1.605352710307638597e+00
4.431694274997703076e+00
1.795437495285615359e+00
2.027951538734271253e+00
4.377421673266011837e+00
4.210476010839335537e+00
8.256224585734598165e+00
6.082789461576356693e+00
5.798165672241930579e+00
5.487257339437102921e+00
1.706632019161547387e+00
4.358678314195433501e+00
4.094074713390078557e+00
6.383397568816045364e+00
3.125793893497917253e+00
2.777910682937582365e+00
3.047342557632573001e+00
4.486777045562099886e+00
4.014139624412115914e+00
9.503639750611000636e+00
4.492088130236595589e+00
5.663813163748239177e+00
2.442125806758749462e+00
3.581964934383496502e+00
3.628232138935486351e+00
4.711602076602485312e+00
2.181711969447853505e+00
5.054053073307988697e+00
4.717328584765387411e+00
4.551489180197370032e+00
4.390578478272041174e+00
2.424812735168450306e+00
2.566801757070634071e+00
2.747914339125909766e+00
3.271176246558662459e+00
1.635484679578010914e+00
7.837439264037095121e+00
8.856218296473782559e+00
9.147231603636832631e+00
3.365065869652660524e+00
4.629928888693394917e+00
2.015019276398988701e+00
2.391357173139599723e+00
5.488017901942812138e+00
6.468859360637768674e+00
3.044782066233024942e+00
3.829336242202503016e+00
4.379168956065687901e+00
2.728857454575494224e+00
7.161895789056877959e+00
7.393224338151473063e+00
6.671975340467541926e+00
4.607155463936479123e+00
3.502459991105967951e+00
2.907765846539622334e+00
5.990826658669924143e+00
7.000176967892630664e+00
3.977924172709417672e+00
4.131845474782034344e+00
6.564610221463864193e+00
5.146066074343518260e+00
2.450804082124628192e+00
2.060092898497257075e+00
4.138470896584201419e+00
1.558660649459343350e+00
2.651865481930929747e+00
4.125590900691147311e+00
2.760113181154369766e+00
9.004093985961279856e+00
5.241455383549732616e+00
4.384375866408954714e+00
5.284397318905313057e+00
2.920119312056089544e+00
4.857331055966286115e+00
6.281379751777399711e+00
1.035410275072413455e+01
6.877701582436941408e+00
3.286294799417689205e+00
4.672035775524082446e+00
4.554648573125383848e+00
3.247196789732734512e+00
3.378708263312165450e+00
2.583724868232978089e+00
8.798795345722584926e+00
4.462792959960334649e+00
2.297905724190512533e+00
4.336931083560683575e+00
5.369706446324568283e+00
3.451702544660320449e+00
7.828384791652167607e+00
6.766626124018686461e+00
5.085155283191876485e+00
5.090713146713318871e+00
1.064092294008736239e+01
4.183260082263180024e+00
5.574743833389612213e+00
1.345696910390799417e+00
4.274554503125153282e+00
2.526881731486703142e+00
3.734688496271189262e+00
5.064229898945203701e+00
4.776962043897988508e+00
4.499784693467902663e+00
2.760086339768418107e+00
2.825487714008978024e+00
6.710498225328501043e+00
7.677514408321028938e+00
3.634105768872990527e+00
3.214446945964436697e+00
5.754763817892267319e+00
1.027772787728493498e+01
3.060682989356406924e+00
2.902229486564293914e+00
2.128202031986569320e+00
3.395206955075024347e+00
2.414060693168774918e+00
3.986453911672036110e+00
1.926313411537605491e+00
2.058565477036267577e+00
3.434795941020217569e+00
5.210109439997327563e+00
2.063934663272386505e+00
3.452486205711992273e+00
3.315094851035414347e+00
4.033104141240303697e+00
6.146850680589238891e+00
5.953339464394765912e+00
2.811750261398432205e+00
3.092002649008188886e+00
5.345070738342114325e+00
5.111005687334800207e+00
1.726409371541866689e+00
1.938652858325289330e+00
2.618812176169801997e+00
1.600192096802848241e+00
2.575559209387306314e+00
1.527246250813744100e+00
3.545732386749967713e+00
3.510391702835965688e+00
5.688258266512568717e+00
6.672868312361146081e+00
4.077119684981692416e+00
7.230054640373095864e+00
2.956547733141999146e+00
3.697425280762656197e+00
5.677951494487618156e+00
6.739234873262272885e+00
3.912321794034881339e+00
1.789287059841025096e+00
3.510600986589142991e+00
1.864096349998020763e+00
6.656563689158085495e+00
7.635624306257039251e+00
1.922637529148892632e+00
2.442642169697488708e+00
3.703623980834708007e+00
5.031922052398120293e+00
1.726710490353544181e+00
2.595796796123323258e+00
2.236661546918513377e+00
3.974944367073214746e+00
5.750099423705091084e+00
3.060097877268845856e+00
2.474119200450240363e+00
4.395426146190500205e+00
1.664797604496570882e+00
4.108794483250640894e+00
5.121137973915218744e+00
6.085234797081408686e+00
3.260552626390859743e+00
1.759713191814014532e+00
4.223804619821403428e+00
2.472643055601521755e+00
2.525339973424490125e+00
2.278747015567855527e+00
3.170568561331823965e+00
1.576690859000953626e+00
5.124599357050035664e+00
6.178234781831236866e+00
1.658889575295355190e+00
4.523269246980694547e+00
5.472779724712709459e+00
7.717819047537872734e+00
3.543067502408887126e+00
3.813377844501904868e+00
8.623359473833666300e+00
7.879931184489936236e+00
7.553389888811095076e+00
5.513023908706327525e+00
8.900149343955265024e+00
1.288098085832089978e+01
4.520146169105632161e+00
4.278702604165152579e+00
3.140694144435651758e+00
3.924299389512179825e+00
2.684571622813615388e+00
3.848984703553151032e+00
2.838991456666125845e+00
1.780802961239397408e+00
6.617326737382452251e+00
4.890961377712812919e+00
6.089565647815154747e+00
1.746632907789898548e+00
3.769694963839206547e+00
2.994200627668083481e+00
3.095132966535488972e+00
1.218532810994876847e+01
6.148325836375760467e+00
3.794830657451624401e+00
5.159510314448599644e+00
5.207011437507500951e+00
5.014387244549265432e+00
6.930321282468247190e+00
5.105347703397508319e+00
3.538006663028168575e+00
1.013858812514498275e+01
8.864836997843093869e+00
3.390256473012860372e+00
2.118098018504947166e+00
6.161559340949958496e+00
2.161765049898547897e+00
2.255361425109772000e+00
2.829268237697461164e+00
2.466474198168594700e+00
3.992117731119880997e+00
4.702607076490760818e+00
5.194816849731648034e+00
3.421006508503812604e+00
1.176267801005474345e+00
3.648534579806123279e+00
4.724768710964037055e+00
4.800747299853502348e+00
4.888768077521362443e+00
5.295322506074134239e+00
4.990306803419265691e+00
5.134043589680821640e+00
3.201896187594092336e+00
4.255255834677584836e+00
3.089151613329165436e+00
3.996387421761121495e+00
1.734856595328191586e+00
1.347957673679090362e+00
3.267543576216694223e+00
7.034300538345712894e+00
5.642797477101528791e+00
3.048839356274739121e+00
3.258482058240215196e+00
5.042115282495456263e+00
5.361726585132258194e+00
7.108082292365744514e+00
5.772146097271146914e+00
4.703671891284779250e+00
1.948156540838075879e+00
2.979719346928154433e+00
4.851252447178994842e+00
2.656805459750272824e+00
5.326433176783362811e+00
5.914950950170853261e+00
6.389681367291163205e+00
7.907397078536934742e+00
5.424548494513754981e+00
4.519751806122189741e+00
4.883451133192293625e+00
2.500489927194988304e+00
3.826936960289509138e+00
2.804641146245004268e+00
3.754507149332511950e+00
2.802180638420488812e+00
2.994598592481073851e+00
3.534269620094598885e+00
4.043368282964634908e+00
4.926711419298666073e+00
2.739529887868708435e+00
5.358547436035951961e+00
8.833860367033765648e-01
5.254423766397694706e+00
5.023079713051060935e+00
2.920219044102382977e+00
4.467825054113820471e+00
4.644893541367916434e+00
3.921629666201757569e+00
4.617109477010557406e+00
3.026398665921792297e+00
3.666844072495154538e+00
5.767019755812356152e+00
1.149514653188495927e+01
3.432112811639357552e+00
4.178682651537756421e+00
5.289589329558557651e+00
4.647075543496452354e+00
8.856963302631404744e+00
9.655902724869630305e+00
8.855184402766340668e+00
6.230053417456442588e+00
5.686272849802043616e+00
6.166324519682321537e+00
3.636786500491384189e+00
2.971860972197777784e+00
2.360887011908840094e+00
3.408546848365945348e+00
8.406280021308742079e+00
3.846107156044249020e+00
5.096559426075584653e+00
8.716767489860783868e+00
1.175691434456636664e+01
3.065678851686043593e+00
1.512784954809131444e+00
9.883894772811366636e+00
6.794765922361801103e+00
6.483731384260544850e+00
2.673031699379227355e+00
3.950703235353509868e+00
4.239724191242999041e+00
4.050575444674521464e+00
2.578977562434932036e+00
5.900651985076848405e+00
3.570627424459425825e+00
4.952899742383639392e+00
6.436648550481727682e+00
7.751518939384585138e+00
3.593397819465530052e+00
3.456432371662145897e+00
2.986513233049245208e+00
6.634589284946546428e+00
5.639822653636383798e+00
2.821883025356616947e+00
2.037768367851074736e+00
2.810898351650386484e+00
4.088613254357719384e+00
3.179423301113167621e+00
5.044099169153753337e+00
4.401519936536784527e+00
6.921394250297904449e+00
6.121676170487656776e+00
5.758179446609142715e+00
5.752346482552431972e+00
6.728143449442603341e+00
4.270924380507659990e+00
4.770267055190856809e+00
6.300618566914795160e+00
5.607261599998087043e+00
6.983565867961442741e+00
6.922154711362741075e+00
8.638402859878855367e+00
4.694528549956700658e+00
4.985134801126029025e+00
5.316074805995280705e+00
5.635968527670120132e+00
6.880492361241231869e+00
6.961744699755870514e+00
2.976397058186257549e+00
3.880269092880953341e+00
4.664150603151501429e+00
3.851590493677150562e+00
5.340193577176249207e+00
1.959812551086754340e+00
2.762887877572032913e+00
3.968591533827865003e+00
3.128190721479993552e+00
4.661870723927955318e+00
6.451201543551981388e+00
6.954694752293424820e+00
7.607604300917230056e+00
6.992495749357874324e+00
6.184040888141452363e+00
1.547134618998129696e+01
5.677406110381299165e+00
8.479825229763383376e+00
6.704052982835592367e+00
4.225070114612148764e+00
3.976372650540839437e+00
3.634468988888219787e+00
4.227805030301094114e+00
4.934760127507881400e+00
7.144731900121070289e+00
4.353996194537110398e+00
1.613697015442035365e+00
2.157975195230422027e+00
3.855344456868375236e+00
3.866036722360505440e+00
4.171171270526111030e+00
7.315593067084525281e+00
6.920197715500711944e+00
1.122523149041139767e+01
4.728471299566245456e+00
2.266346615302847312e+00
1.717049915850271447e+00
8.634146258301250043e+00
4.820500162324981019e+00
7.726039722633943896e+00
7.095067631421900778e+00
5.152553469584269408e+00
3.978265587045606733e+00
5.793404188649422970e+00
5.555224990402172658e+00
7.672847059223046884e+00
4.502688141232592756e+00
3.247945211241725527e+00
2.822581461645238043e+00
5.656988481143926606e+00
8.152000382286651359e+00
6.656067714140741387e+00
4.078563884038937992e+00
3.704853827703384894e+00
5.164286343818512037e+00
3.248811450017414781e+00
4.002634490682398294e+00
2.919142112157071089e+00
3.231527683294137976e+00
3.512916558450172477e+00
2.699417601756576524e+00
3.939395794198449874e+00
6.371469267175433160e+00
2.825132928162126689e+00
2.771795278208028179e+00
4.729336268424146006e+00
3.892781804109089805e+00
5.047871721766790998e+00
7.552720029979858474e+00
3.010281968651971951e+00
9.665944241330832742e-01
7.226403866191222214e+00
7.828429990652737480e+00
8.362858535243852032e+00
6.274970008555161627e+00
5.207084035182021786e+00
3.704810236966501691e+00
4.407716547616182368e+00
2.973956190720989934e+00
2.980550294494777930e+00
4.184572917859871843e+00
4.834249730193556083e+00
3.150603664839541906e+00
5.129599604817834724e+00
7.226469454731843101e+00
5.124914829947872619e+00
2.919328051325549289e+00
1.525677323872534741e+00
4.439643288152436362e+00
5.227824152184036066e+00
5.935376079097890667e+00
7.623520612611125458e+00
8.324847660228400059e+00
4.123605369234787155e+00
1.688640150453340816e+00
2.904089603731326186e+00
2.382892740232712026e+00
1.894500807600234982e+00
1.231611706773509507e+00
3.766504345934104325e+00
2.912411353297507777e+00
3.817580812959157743e+00
5.393458633801865076e+00
2.212177799549891688e+00
3.587482171051701751e+00
4.960095882801222267e+00
5.385163067959950922e+00
6.585948796749203638e+00
5.273515160981255612e+00
3.632972806821672673e+00
4.113928419171260842e+00
4.215325456591869191e+00
5.038751684624892313e+00
4.636711971799567067e+00
3.886019577153430493e+00
5.997215185999587916e+00
3.333779882757767599e+00
2.798100445100083267e+00
1.123941784016578183e+00
3.026676583790487651e+00
3.135296199540192230e+00
3.626384432031308336e+00
3.808666466381539273e+00
3.553473210545369465e+00
1.974610013592080993e+00
2.723669411899243276e+00
1.518872072980781196e+00
4.902866842614105103e+00
2.362941727888648646e+00
6.757007263763958882e+00
7.261762073547405549e+00
5.534949928660107155e+00
7.050440319050832017e+00
9.075227135374321463e+00
6.626340155117786956e+00
4.034233594580974192e+00
4.447709658078665029e+00
4.389316076576196046e+00
2.380496189423988440e+00
6.324910154030392917e+00
8.675197981127988456e+00
6.685161713959192120e+00
4.539537336724162486e+00
2.358915677004730149e+00
2.973254839086688861e+00
2.224211936900130748e+00
8.029008879662734799e+00
2.862098505683136285e+00
5.148899398687371232e+00
3.259809261925581847e+00
2.345332604509279495e+00
3.000978782721836158e+00
3.272905772687155324e+00
5.925233550391546089e+00
3.339930694847605519e+00
6.934149299424975155e+00
6.204084410207929778e+00
4.075330534946866479e+00
4.860255488553387515e+00
4.209034159916451578e+00
3.177227729914642751e+00
