9.916229130177523388e+00
1.053230468992287072e+01
3.323185129029116780e+01
2.464936666288452471e+01
3.753226837253922099e+01
4.726658877144019755e+01
2.406134028676457959e+01
3.971723693201778360e+01
2.839696428918236748e+01
2.750270066973650174e+01
2.163165420000901307e+01
1.852314868442386597e+01
1.762626873830583563e+01
2.828650489963238002e+01
2.435217691237957638e+01
3.041738204774412679e+01
2.604437704273538046e+01
2.196099715483756043e+01
2.310196711291491667e+01
2.376673226018100848e+01
2.953919894236914701e+01
3.052992220242277455e+01
3.586679187845118832e+01
3.290156983405965718e+01
3.777727464106632738e+01
2.194190382661525263e+01
3.030848404936066132e+01
2.568417014782088614e+01
2.375692683246118264e+01
3.283111832156323828e+01
2.889724322035840842e+01
2.917783255226583705e+01
2.752307076439550215e+01
2.975833176127972024e+01
3.350019080390740811e+01
3.715087123366060240e+01
3.982027352895268280e+01
3.324700151347685306e+01
3.345780889245038736e+01
3.101314444480214760e+01
3.153585467866732017e+01
2.357309725604822503e+01
2.809543576200186976e+01
2.159781878070167238e+01
3.454112621231949021e+01
2.343112328253790366e+01
4.793556240199620078e+01
3.903032224761908964e+01
2.299351250448243533e+01
3.036805285823631095e+01
2.107996248134768891e+01
2.716010331774099029e+01
2.799173663030485315e+01
2.103389896606362441e+01
3.426470265753044941e+01
2.459628591645286733e+01
3.044399388282025853e+01
3.504051412031209622e+01
3.430817982557186951e+01
3.629754235526903727e+01
2.249844207084074199e+01
2.185682174012588419e+01
2.216768524153416919e+01
2.357114514913955006e+01
4.615534077016521763e+01
4.216214470915903689e+01
4.242279179473429451e+01
3.374459925864407239e+01
3.032036251864856524e+01
4.135681769506315675e+01
2.489980154985673977e+01
3.110153658933701948e+01
5.862725855987739010e+01
5.258919228224982589e+01
5.844673197227121619e+01
4.684698748619989317e+01
2.690841004100695955e+01
3.183962563197313145e+01
2.645594736556799376e+01
3.020688761117148502e+01
4.365128599997714787e+01
3.775200164946531345e+01
3.401045207909564283e+01
4.112004673032713242e+01
3.485093506910883576e+01
2.559715592129300532e+01
3.167005183183530548e+01
2.713913411824118427e+01
2.917462128500014629e+01
3.323002413025326973e+01
3.507632437416219773e+01
3.171982639549202432e+01
4.259557603408834581e+01
4.046407372494103072e+01
2.621802984925480473e+01
3.290193944578449958e+01
2.621088143400539039e+01
2.950189929704702507e+01
2.607046727389362317e+01
2.438694237986527114e+01
2.037738505932404465e+01
1.888613159759761473e+01
2.888947331534070173e+01
3.894503035477250563e+01
2.328447948484293306e+01
3.550028275993916083e+01
4.103694036471512163e+01
4.354784361263178738e+01
3.668299066159573130e+01
4.532882112434644739e+01
3.240653704785032119e+01
3.384282781932059692e+01
1.895097302772176917e+01
1.977873805529571882e+01
2.377007909342906444e+01
3.230086725100674983e+01
2.939825697823205886e+01
2.970420887498527662e+01
3.055045815293371092e+01
4.132064450632461927e+01
3.074477792367293105e+01
3.087729128852714666e+01
2.901480752296711429e+01
2.857848960522677828e+01
2.322920191908253429e+01
2.540716941434983056e+01
3.300028981574194376e+01
4.090563029585690202e+01
4.556822186306754929e+01
3.463466453269302292e+01
4.489190152632429687e+01
5.529113618283380305e+01
4.222492064196144668e+01
4.245034993710923743e+01
2.978998412270471974e+01
3.310278706825632611e+01
3.086804745412051787e+01
2.877201165521508130e+01
2.593232425413168230e+01
2.312631329582150741e+01
3.422005578108984025e+01
3.713927315420446007e+01
2.711611029674274675e+01
2.763090985429468205e+01
4.053228288071311880e+01
1.865074467190584073e+01
2.145018215292301278e+01
2.426062905906378120e+01
2.601266385906146184e+01
3.371741307211637917e+01
2.735423681784688910e+01
2.746670080952615578e+01
2.676426678341598020e+01
3.789416072476631570e+01
2.706259202875067871e+01
3.189057797955809193e+01
3.421963951029161422e+01
2.673027155979637115e+01
1.866427945687300749e+01
2.043535875541199331e+01
6.656542246253275152e+01
1.258933974921540795e+02
1.106150134845729553e+02
9.796949155792042063e+01
4.713822492659154761e+01
4.058454574593281450e+01
6.841569669839594781e+01
6.879401637899020727e+01
6.687663500251673554e+01
4.342667850152549391e+01
5.471773396169343329e+01
6.416146801950023359e+01
8.596463417664405426e+01
8.378556090071666063e+01
9.385111623310622520e+01
9.523898267395345840e+01
7.791391942439116747e+01
9.357825268430936205e+01
1.193669612594272138e+02
8.362858372905962767e+01
1.100586701996534060e+02
1.102800333362319236e+02
1.207947654008831222e+02
1.292587872911236104e+02
9.619096624251798744e+01
1.066536594028492431e+02
9.898524981871322836e+01
1.065944436898558081e+02
1.286764591206892305e+02
1.203030016165987064e+02
1.112323639656531924e+02
1.132019237727443937e+02
1.240264574503378441e+02
1.398507770183420860e+02
1.236778473022187086e+02
1.124645885439648225e+02
1.131854330044849348e+02
1.167897228624190546e+02
1.148212694746172957e+02
1.069047341525168378e+02
1.110338188337812539e+02
1.264483901268123986e+02
1.232521786946268065e+02
1.190199054881751408e+02
1.046953770984008969e+02
1.070973034786781710e+02
1.283192546245510073e+02
1.198606964923356344e+02
1.178610477233343090e+02
1.181427853665467467e+02
1.138290048264323531e+02
1.202261657999376467e+02
9.803644825219399195e+01
1.086201739699306472e+02
1.169415022051394999e+02
1.213796606336696158e+02
1.063337845329029818e+02
1.085533643204820464e+02
1.101430751976712514e+02
1.180116812571350380e+02
1.179128022345830118e+02
1.154611118503907221e+02
1.148058562750078124e+02
1.322325591601355939e+02
1.253965150368083670e+02
1.348304202672481154e+02
1.061994359492343705e+02
1.222132033768777859e+02
1.093773746041121058e+02
1.088032954067227251e+02
1.260982807898082569e+02
1.321881651702267391e+02
1.193328990614455165e+02
1.251943065977203133e+02
1.195966079450253119e+02
1.295300574486026335e+02
1.380996686926681605e+02
1.389881474123982628e+02
1.287689194732731153e+02
1.422863194374463660e+02
1.322634177323666904e+02
1.510532350410602760e+02
1.239225066696665323e+02
1.308193495022116224e+02
1.364437754491314649e+02
1.367206471461554713e+02
1.295488188756952752e+02
1.275774201151916287e+02
1.327509545703622109e+02
1.322441379511995763e+02
1.254833214828595800e+02
1.335396839109849054e+02
1.228250581056661304e+02
1.313858224357809377e+02
1.247914129576011391e+02
1.448032851267300316e+02
1.429471319453200238e+02
1.421163937653510345e+02
1.391813570025994409e+02
1.414100711785845590e+02
1.423994389387829074e+02
1.389988714567824388e+02
1.512339705781147643e+02
1.519046677999224073e+02
1.350179595496532272e+02
1.564179036037080834e+02
1.619505655296536872e+02
1.589477235512545974e+02
1.500793679714130917e+02
1.444649764920378630e+02
1.361237764790871267e+02
1.455292943805783921e+02
1.305491874276585236e+02
1.364806944347441799e+02
1.275628617518811296e+02
1.444755823858820918e+02
1.411167657096265486e+02
1.361456137758646605e+02
1.265551114180435093e+02
1.322800181683890344e+02
1.189112958107582756e+02
1.228644735059924216e+02
1.207494029119820027e+02
1.106477998058838352e+02
1.010724928816525363e+02
8.503512097380038881e+01
9.341218631777284997e+01
9.606991779813139942e+01
7.693819498890451314e+01
9.357606415844533387e+01
7.999801220455309192e+01
8.774550467906531992e+01
7.898819727192540086e+01
8.468072961127909082e+01
8.337429052328602097e+01
7.562181014721073780e+01
7.254464425174890607e+01
7.873434730909531254e+01
7.082060392149598727e+01
7.021272173624323898e+01
8.282261102080599358e+01
8.899648097302818428e+01
8.590786377116455697e+01
9.116907181369845148e+01
8.701933886089933878e+01
8.599392363770870418e+01
1.060327433367003351e+02
1.122489520477650160e+02
1.215882163810308469e+02
1.269714934691126871e+02
1.130794371513347727e+02
1.092172185152825961e+02
1.014476442705718284e+02
1.090367404591533500e+02
1.018244494955701498e+02
9.838229433031692395e+01
1.148830268065315892e+02
1.146646141509205279e+02
1.112137591001287404e+02
1.025150427638554333e+02
1.113737838472271022e+02
1.069981764012642174e+02
1.092611956384017731e+02
1.138069513741890688e+02
9.729339458366544591e+01
1.006846056389258734e+02
1.114764053788601501e+02
1.105409255395208135e+02
9.255515218142880940e+01
9.181646057346048906e+01
8.722688366914206881e+01
8.221168303263699784e+01
9.917064601351073350e+01
8.736475420606595321e+01
6.925546164439960251e+01
9.280177530098633554e+01
6.306208509555909814e+01
6.569712592632755843e+01
7.241892076517370924e+01
6.391454805825068064e+01
4.276433618646615287e+01
5.581744976032212691e+01
6.181968837201574729e+01
5.243472045973313556e+01
5.065991532679838372e+01
4.172977905020579925e+01
4.167552043409978069e+01
4.480661263357369961e+01
4.561268418074286046e+01
5.510968908183991033e+01
6.139177061404494395e+01
5.931783262433592085e+01
3.706014844214149662e+01
3.348767956774668164e+01
3.737569358524271479e+01
3.636821964711776189e+01
3.734125361366430695e+01
3.838455739560490798e+01
4.849563204985941667e+01
6.043614258062642364e+01
5.531090480422737699e+01
5.738873822177122008e+01
4.910734303589000405e+01
4.732504818044880324e+01
4.675872925436945593e+01
3.142878350965530743e+01
4.131521784917605800e+01
3.192205331422519166e+01
3.902391742351373694e+01
4.759688121164752772e+01
4.064539198415302934e+01
4.319466946242695826e+01
4.221500293808065862e+01
4.467966440959629182e+01
4.336037677979258831e+01
3.430901278081911698e+01
3.471111248786506565e+01
4.014510258322724923e+01
3.268105692657965022e+01
3.839778372564114051e+01
4.529542766749337090e+01
5.075063959246515566e+01
4.186720912479624701e+01
5.049734272276207037e+01
3.468302132963249562e+01
4.124987481492173202e+01
3.027826778449129819e+01
3.707828495602594643e+01
4.651896578102020641e+01
4.871647103416751889e+01
3.717456025340825221e+01
3.811104243158243321e+01
1.889436576704457948e+01
2.184526170060616579e+01
2.429267974112478967e+01
2.475798842711693837e+01
3.374941637258820748e+01
3.260748344597491410e+01
3.889712756448714970e+01
2.665095343113192072e+01
3.564452519810734543e+01
4.082521957381013067e+01
4.349054458744375040e+01
3.483285855933527841e+01
3.974375090979106773e+01
3.870276010640030506e+01
3.177560759001272928e+01
3.921832246582399506e+01
3.109438893950815697e+01
3.948716588552344575e+01
3.583073796371078146e+01
4.059324637646623302e+01
4.703886882637613098e+01
4.827644519544780621e+01
3.253512369419542694e+01
2.969250947468659518e+01
2.308052494246556563e+01
3.409600717841053097e+01
2.357002604831131976e+01
2.751134500252006987e+01
2.299273216110473683e+01
2.825360987457373696e+01
2.301580150551383142e+01
2.624486180789283907e+01
3.024424604314506837e+01
3.012730239773412677e+01
3.474271888451806944e+01
4.119639219826655818e+01
3.801078483301004241e+01
4.620165921354115568e+01
2.919701466648485422e+01
3.458179153091252545e+01
4.058798912385922364e+01
3.999403009068733184e+01
2.867547776646800273e+01
4.006812181904623316e+01
4.103160807015798639e+01
3.358080929368806977e+01
3.324119411108542010e+01
3.992839760458731746e+01
3.227917032719947343e+01
4.017277785669568857e+01
2.758211669808834898e+01
2.411947675764446686e+01
2.869870244655392710e+01
3.864343386603856345e+01
2.769596193806695084e+01
2.389427428908702211e+01
4.371510107950530966e+01
3.635477602695445398e+01
3.528653342331706710e+01
3.306108413000605140e+01
4.206821680354062920e+01
3.625566290792016844e+01
3.709101586620217006e+01
4.614218502250227516e+01
4.411364727593691981e+01
4.496704038258681635e+01
3.518285659136569876e+01
4.478665553187883575e+01
3.380816958908889092e+01
3.332159072478984996e+01
4.362296458234139607e+01
4.052021299500963636e+01
4.307593338656457149e+01
3.908519044102204276e+01
3.863707189241561224e+01
3.838790876510272909e+01
2.195716743532939930e+01
2.939599481886459387e+01
3.393113007345169052e+01
2.651313597326322835e+01
3.043884873921416201e+01
3.180347452835648525e+01
3.440851778794573335e+01
4.449019084760048059e+01
4.095923095762481125e+01
4.477775919554278516e+01
5.513965926841625986e+01
5.213416523664890434e+01
4.209242248988802260e+01
3.153905398296923934e+01
2.530251548971369502e+01
3.032918905726822700e+01
3.366332396683321804e+01
3.600884858470121941e+01
2.254385632415410967e+01
2.398062627348679143e+01
3.903254833062352702e+01
4.219130608166205576e+01
5.452960794160213709e+01
5.108495824402341867e+01
5.340869113195736162e+01
3.894092545935688321e+01
3.595990993905621025e+01
3.255427854127506038e+01
3.233590795289060793e+01
3.050129687656759359e+01
2.355594876646532398e+01
2.413659699069791031e+01
2.687370994963574589e+01
2.490599552533507932e+01
3.688285548249076840e+01
3.382405811176908372e+01
3.809599505508253259e+01
2.870529389327851177e+01
3.781408430009435051e+01
3.329501710018372762e+01
3.518209887417381054e+01
3.318845971610583234e+01
3.875294639563914245e+01
2.958228136334475167e+01
2.942484914344663238e+01
3.922821221031085770e+01
4.800709911122141449e+01
4.484867435810794234e+01
3.128519771388627646e+01
3.831925436810400498e+01
4.566382135313013180e+01
4.098816593659473995e+01
4.912591478040702953e+01
4.838699712702088362e+01
4.396442602377587150e+01
4.589393703644014266e+01
3.773802245863512894e+01
3.526372226446629554e+01
3.581378789897569703e+01
3.128070258756988409e+01
3.510249404185287858e+01
3.230881599130658088e+01
4.415445337565953565e+01
3.888765515817240725e+01
3.491187780250957928e+01
3.422660937982494289e+01
3.080768936190960972e+01
2.808113157657025383e+01
2.899395381173022557e+01
3.933575797942241792e+01
2.837002611913918670e+01
2.199034023507163127e+01
3.882882761786401460e+01
3.504479421284604257e+01
3.539313607023458275e+01
3.692430966816756666e+01
3.159224163780785233e+01
4.728454293239969530e+01
3.683383420834128685e+01
4.463323701515917463e+01
3.260357714353551728e+01
3.163145384311415498e+01
2.560070003533904881e+01
3.154898449300485552e+01
2.801691012929177660e+01
3.051015817343524716e+01
2.949112460295387095e+01
4.526857730623364517e+01
2.898791446566578145e+01
3.099381720629213888e+01
2.863595552106368203e+01
4.106012759706949566e+01
3.885182987092964879e+01
2.836176489855241556e+01
2.686615643359352035e+01
2.953249300492051077e+01
2.509481753432732276e+01
2.318479569456888001e+01
2.074396899598255928e+01
3.025437807995857398e+01
3.669057104422600446e+01
2.214744674660349943e+01
2.450149703656695621e+01
2.384100124107327545e+01
3.618051166633382820e+01
3.442506842573705228e+01
5.437601930348136392e+01
3.891989821675954886e+01
3.718675921464875955e+01
3.381178912448427809e+01
2.562331724819800272e+01
3.254902573048885017e+01
2.868042009767003009e+01
2.754945957197640638e+01
3.761994757043660798e+01
3.330228528682156508e+01
2.283541291310246635e+01
2.737210668371663758e+01
3.407291157442864460e+01
3.917773143823219328e+01
4.605258667128942562e+01
3.925027937619476148e+01
5.708064665549377992e+01
4.586096987939009040e+01
3.654890679813590282e+01
4.100444506130489941e+01
4.197220961890770496e+01
3.709424842056570526e+01
3.621901544851039034e+01
3.444187303914901577e+01
3.065043797969171280e+01
3.730500363310805767e+01
3.059816479082548923e+01
3.156039047901365535e+01
3.553347899608588989e+01
2.580905332766171867e+01
2.450338209099737341e+01
4.001258652981996278e+01
3.825167278894959821e+01
3.866942231753257886e+01
3.550426543229788479e+01
3.343741238368170343e+01
3.810658775593099534e+01
3.165388303565710615e+01
3.408932281532220543e+01
1.736230428920951141e+01
2.299568042343738838e+01
2.497672849912699178e+01
1.547363672192483897e+01
2.893370965027012076e+01
2.752945718694569166e+01
3.736296652435814281e+01
5.138462478592131788e+01
5.037173670126617964e+01
3.859992737688602915e+01
4.228520227210365334e+01
3.823399910223957932e+01
3.133328999636330892e+01
6.614731528562670348e+01
5.181488880205871084e+01
5.556098871903252245e+01
4.665600371732048757e+01
3.080078522853983003e+01
3.339422728456227674e+01
2.621966995497461994e+01
2.974696370415875890e+01
3.753002336463153199e+01
4.206230464615516240e+01
2.945941889181932183e+01
2.348708974453998266e+01
3.361361943521758633e+01
1.660110058370119646e+01
4.214264811547804612e+01
3.630795613194363369e+01
2.573684499365606726e+01
1.921467121002425316e+01
2.346513713939056700e+01
3.073222796023432224e+01
2.711075902510126312e+01
2.427121697617907614e+01
2.672475919700313440e+01
2.321712741137054437e+01
2.694909987314726507e+01
2.247015771115462712e+01
3.000590649199832427e+01
3.729751652403778905e+01
2.592634886504770364e+01
3.655272531259173263e+01
3.702731431886556379e+01
3.600628192334082200e+01
3.091733695709988439e+01
4.238932758394156508e+01
3.201423818365409346e+01
3.215070885731132933e+01
2.764840272707393254e+01
3.153715841600712011e+01
3.152181419605039991e+01
3.712815179881434346e+01
4.512140130786632852e+01
3.900625330691184445e+01
5.082898074475723149e+01
5.237042920519264300e+01
3.679322712659622141e+01
4.956817400511691574e+01
4.721430125231460551e+01
4.338995858044122400e+01
3.777294378575860634e+01
3.298219619226594546e+01
3.136514366018561262e+01
3.612106868824120198e+01
2.887443545535008127e+01
2.613332688440483054e+01
2.756469222842542166e+01
2.810512943790257978e+01
4.588015618227157688e+01
3.522250365321672660e+01
2.439360955838633416e+01
2.257729922201010808e+01
2.832082380550984269e+01
3.711797236519490895e+01
3.751964194797074725e+01
3.142906942617410238e+01
2.258214380848362168e+01
3.130778141739635245e+01
2.590301540045707185e+01
5.157123284619554227e+01
3.563062108067909151e+01
2.382171156791926592e+01
2.972212966696480052e+01
2.989144248148111060e+01
2.345073622195404894e+01
2.299096107976562564e+01
4.197790610859912874e+01
3.811008217838728029e+01
3.755113984088620782e+01
3.813880994272474823e+01
4.046526775158287847e+01
3.163088682847949684e+01
3.309470095834467429e+01
4.044418018202367904e+01
4.143938678149076793e+01
3.758521517684555846e+01
3.405444517305363661e+01
3.548414399482536652e+01
4.437634356043709261e+01
4.451841809839820030e+01
3.973009951069104773e+01
4.009937150215460377e+01
2.611766559074855110e+01
2.984774506519445580e+01
3.425505747409925306e+01
3.777394537836147492e+01
2.773154902816462197e+01
2.971006147560898825e+01
2.818137781420216825e+01
1.664604334985644130e+01
2.671019734203365203e+01
2.192804381888056753e+01
2.298935335892432619e+01
2.465494306811367764e+01
3.541529614393365222e+01
4.210909007923700642e+01
2.929967373007372800e+01
3.267999951606835651e+01
3.318211874913850323e+01
3.055339376170867993e+01
3.938286722059810074e+01
5.081037813454566532e+01
2.508456422013630061e+01
4.124243814523683938e+01
2.422263765038769634e+01
3.626226457047097540e+01
3.343119373771984471e+01
3.235824673058701251e+01
3.405329499575782393e+01
2.528539982478688941e+01
3.708634965720533216e+01
2.432414613243762602e+01
3.184510947669664560e+01
2.512707098322536936e+01
2.072914565443034363e+01
1.933283730661429445e+01
3.783030335041737402e+01
2.537024009840906658e+01
5.143897562814460400e+01
4.711665404501498955e+01
3.014841235950999376e+01
4.131976383927869279e+01
2.958905708552125446e+01
2.974805999710735804e+01
2.859939852075508426e+01
2.749707553980339370e+01
3.376030043051839868e+01
2.925429918491638404e+01
3.286336511740258004e+01
1.977997771043748187e+01
2.235895084367135155e+01
3.528943505876745945e+01
3.711051160097422752e+01
4.282549899517778869e+01
2.509388800896049787e+01
2.285815103708068108e+01
4.204698027886468026e+01
2.226299053587611354e+01
3.628183489531666339e+01
3.571592908227229657e+01
3.145947608549764496e+01
2.979818513652068646e+01
4.024975828015259083e+01
3.717586833476007513e+01
2.614382345699397092e+01
2.528938301159566393e+01
1.921419802830140355e+01
1.916388499520627064e+01
3.218255373858445978e+01
1.501834673699209688e+01
3.064506327272486530e+01
3.029565271280343453e+01
3.036893365319679461e+01
2.832732233660065901e+01
2.395809589862927069e+01
2.908025675161580281e+01
3.448031841030702083e+01
4.201752995226213727e+01
4.445190274971461974e+01
3.665609844427871877e+01
3.059709625402049582e+01
2.408366642503752431e+01
3.075210688174666984e+01
1.902102189111120012e+01
1.700031949600921166e+01
1.447624935600113361e+01
2.570923176742267913e+01
2.252455910588188459e+01
3.451668519341346553e+01
3.003433101708343855e+01
2.206065532620984371e+01
2.238904704026685621e+01
3.332644131834096868e+01
2.305572263386405751e+01
3.312618778576680256e+01
4.171899914415918431e+01
2.649846127123927531e+01
3.313074054667549717e+01
4.051935806917074956e+01
3.791702319563844981e+01
4.400934807458803988e+01
5.419413634525358248e+01
4.162066698488945349e+01
4.078978768459747783e+01
2.111978383549866578e+01
2.342310910392293266e+01
4.016306761394918823e+01
5.320344439046762375e+01
3.319937068040236738e+01
4.576034775318853320e+01
4.860530597449967161e+01
4.055690119358973078e+01
4.593639167357330422e+01
4.833553595638968403e+01
3.304943104031667644e+01
3.060900203519062046e+01
3.360425738136004270e+01
2.506692665541091003e+01
2.026314329578129758e+01
2.853362339098670120e+01
3.691830784981058144e+01
2.910249286072911090e+01
3.538577194526855862e+01
4.380929622921463107e+01
4.169906174772503960e+01
4.441631442070321611e+01
2.498100671439099685e+01
2.628388214246699661e+01
2.248398130205777434e+01
2.791661663195472443e+01
3.040662624660447122e+01
2.244010851980669230e+01
2.641568956435104454e+01
2.346392898321522225e+01
2.958073163512840154e+01
3.253143580543053304e+01
3.337246952502454889e+01
2.485827857687701936e+01
3.337466397992839262e+01
3.661165741812611429e+01
2.377196053188361091e+01
3.305413648294918971e+01
2.887161098883752430e+01
3.622126742323218451e+01
3.402667898155350201e+01
2.641031556980646400e+01
2.339780554308823213e+01
2.223899744621893859e+01
4.171425884262048100e+01
4.225896469056149130e+01
4.396964753816187255e+01
4.235060292057554676e+01
3.267013108906721897e+01
3.131830258216860940e+01
4.705188336339266186e+01
4.203267427003721934e+01
4.593675539870584856e+01
3.759728272977604746e+01
2.327550262756510691e+01
2.649650596012694592e+01
3.636421106730221453e+01
2.532575583988003842e+01
3.360425270979654044e+01
4.008132305736084788e+01
2.858576247896287725e+01
3.815501620655436454e+01
3.054205695378699303e+01
3.115036413839055385e+01
4.312033298041243512e+01
3.969670859931834883e+01
2.600560574547561998e+01
3.410387154971449064e+01
3.528538048130587867e+01
3.935085971749958134e+01
3.474618307349447832e+01
2.305478970332324451e+01
2.668750785167332396e+01
3.338020690282940706e+01
2.524731446188156880e+01
2.810465975823133533e+01
2.188879046052128174e+01
3.395104453919145016e+01
3.093428050821010444e+01
3.458537772154929968e+01
3.284465790562899912e+01
1.879340846467860970e+01
3.010309337789482242e+01
3.496430273365156438e+01
3.211515554205710998e+01
2.709110376064849390e+01
4.425512217286077288e+01
3.027015184454353047e+01
3.681741841575078666e+01
4.066310265787761580e+01
2.734759223143997175e+01
3.175263043448809341e+01
3.916149375709506586e+01
3.881566572284933869e+01
5.096698985758443712e+01
6.501037868206147152e+01
4.868143662798137683e+01
3.662829978192163338e+01
3.055235849873515974e+01
2.956233136331650968e+01
2.775134542102377111e+01
2.631413248472210142e+01
2.063591576011152640e+01
3.197062969750365369e+01
1.763424097248945799e+01
1.660015495044208222e+01
2.766308485716970367e+01
3.945263944039823656e+01
2.720137110998430785e+01
3.103104224660291521e+01
2.972034548966921363e+01
1.998282571234624427e+01
4.887732896751026601e+01
4.774041484196796148e+01
5.704869678009618639e+01
5.576602047862386513e+01
4.417816731841082145e+01
3.809969858600994286e+01
3.608267190624167853e+01
3.042097553871891691e+01
4.063788165551770959e+01
2.350174297173886018e+01
2.360479923467951124e+01
2.413548400891479773e+01
2.886291300009364136e+01
3.091941825088473905e+01
3.750607552082254870e+01
4.446269050908211540e+01
3.740136181580213304e+01
3.549802212789594336e+01
2.983656203427188913e+01
4.391806760850440838e+01
1.737139366990566103e+01
2.554781920616977331e+01
2.683186849652861028e+01
2.812449744794589179e+01
2.427468032871166415e+01
3.751065071926243633e+01
3.042212569718962811e+01
3.100353153403368367e+01
2.514380336756439149e+01
2.647479230204531930e+01
