5.909336271095802395e+00
1.416569519528149179e+01
3.084893240497830291e+01
3.068187540092625554e+01
2.073585889328063203e+01
1.861782955917294657e+01
2.567628120727695062e+01
2.851913168315201830e+01
2.680195767930067419e+01
2.943703888049317996e+01
2.824045444575245511e+01
1.990934490397969725e+01
1.450075998449319492e+01
1.374315653658285719e+01
2.576146144708054564e+01
2.556628850085307647e+01
3.078196474647758407e+01
2.629885822920984140e+01
2.539091086001158359e+01
2.250937362177477752e+01
4.388277702419294712e+01
4.417204495680464049e+01
3.527727758306430417e+01
3.690347163210149262e+01
2.679729163799865432e+01
3.358532327484267910e+01
3.859543743228386603e+01
3.007744014546731748e+01
2.974830444417143482e+01
2.801275205855472095e+01
2.942598282976342361e+01
3.342485600799722789e+01
3.580584875193336813e+01
2.604688080591944654e+01
4.154094094682582750e+01
3.417903666789248973e+01
2.257333154973246891e+01
3.560858233077957635e+01
1.540481779703966403e+01
1.753278000238751133e+01
3.984158269698794896e+01
4.522587176770579731e+01
3.034329034566262351e+01
3.222626472024156641e+01
4.137179600898853948e+01
2.419220066839295313e+01
3.526922533987577424e+01
4.250482177811544204e+01
2.593808778924723057e+01
3.327456732156903030e+01
3.961841378873231179e+01
4.204228781019392613e+01
4.172866038778062148e+01
3.864556728313718992e+01
3.813651999205417553e+01
3.117899123938569872e+01
2.516674859320606572e+01
2.243782352296317129e+01
2.969423003788444504e+01
2.117700169216651673e+01
3.599444572899380290e+01
3.615552007359710274e+01
3.656528019826377118e+01
2.841754241795387870e+01
3.594772468708125501e+01
4.018479162672402083e+01
2.649642522199438588e+01
3.003232434348113955e+01
1.962290526475787189e+01
2.262226511010692676e+01
2.568735662185865465e+01
2.926895514527099351e+01
2.415781375122650942e+01
2.557989256461413063e+01
3.302540919624188120e+01
3.040121318386676919e+01
3.921781371173865693e+01
2.873361156162945207e+01
4.139956796734284694e+01
3.784619070372918515e+01
3.862240307908798798e+01
4.834781504808615438e+01
3.338752151660945344e+01
3.751547941264303887e+01
2.830968710719999493e+01
2.401975708732933157e+01
2.851020505795332127e+01
2.841074950491324458e+01
3.665519096971139845e+01
2.973487412379260419e+01
2.870338269902334005e+01
2.177332343599858078e+01
2.432380960845869922e+01
3.110364578358468179e+01
4.993063273833325866e+01
4.911789562942693266e+01
4.566827076397727581e+01
4.592248083056490771e+01
4.162716696300017105e+01
4.035955426283267400e+01
2.099001371241473635e+01
1.862848730255706187e+01
2.705295983634958290e+01
2.609561056438683124e+01
3.016077116880404319e+01
2.883503080429285603e+01
4.314014177135458539e+01
3.513944178561857967e+01
2.405530485750892211e+01
3.037898731770185989e+01
1.694082764199975344e+01
2.368035143242164509e+01
3.291559518874486656e+01
3.614615269747449133e+01
4.391869574008619992e+01
3.566698363973124231e+01
3.174546731510474373e+01
3.404260084248465290e+01
2.492868179709488530e+01
3.136384411413024864e+01
4.385491170137643024e+01
3.198375777874855075e+01
3.282859337155161228e+01
3.290502656124888148e+01
3.648793836356897202e+01
2.946704637687351536e+01
2.197048678856746662e+01
2.505996281251757551e+01
2.522699048329408100e+01
2.689644820398874359e+01
2.119877456391469295e+01
2.771222288485207130e+01
2.991527272454187525e+01
3.349449391157691736e+01
3.344960628793739943e+01
4.946560376188601538e+01
4.567149056134505969e+01
3.961709615874051593e+01
3.465372278982756171e+01
3.431240901436525093e+01
3.158363974164445764e+01
3.143063991858776873e+01
2.367124751141058070e+01
3.252289907207044450e+01
3.368055858925232826e+01
4.335750547455839410e+01
2.404432860129916705e+01
2.461088104670218968e+01
3.110996185768807720e+01
3.333054588376491978e+01
3.803188009421375426e+01
3.940169464159502866e+01
3.532328196959753797e+01
4.782607090793892723e+01
2.937280555722897901e+01
3.082617968547945608e+01
2.912646788203841908e+01
3.193306350396212778e+01
3.272482881897219187e+01
2.471127858342181938e+01
3.224236670729702325e+01
3.095816169782406035e+01
3.644126502789204380e+01
3.720534025739999606e+01
3.713871776148205583e+01
2.663543850665820756e+01
3.161258494542215658e+01
2.360505948033301848e+01
2.742696271508344452e+01
3.891386560229021541e+01
2.550289710625158790e+01
1.818975668283345826e+01
2.803047858190085861e+01
3.489049275690450003e+01
4.303599867510310872e+01
2.950885754682364137e+01
2.410266705776159668e+01
3.695547470541133350e+01
2.935417896576478469e+01
3.237273278281972466e+01
5.370286276066612174e+01
4.878413988858739003e+01
4.564140028073909860e+01
4.229212849869229274e+01
4.338988854356706071e+01
3.774992516073778859e+01
3.642437393643272969e+01
3.235331882874118037e+01
3.486147883767386446e+01
2.784300634356634419e+01
3.933592769965395064e+01
4.298601513963275522e+01
3.919137324610623807e+01
3.746868541546896125e+01
4.449664658527505168e+01
3.878655524579618685e+01
3.113273623909868704e+01
4.029890976393188140e+01
3.986695342510063966e+01
4.353433163524019989e+01
5.258839836602717099e+01
5.032508239526296023e+01
6.357405765311739287e+01
5.486069943459690279e+01
6.160612917140225164e+01
3.669063440786118235e+01
2.623460395225807318e+01
3.459616241885311894e+01
3.055733713813090091e+01
3.234044087497093756e+01
3.733029820009819844e+01
4.419666612184727228e+01
3.062684391752637580e+01
4.422896972916308300e+01
3.645787543748116377e+01
4.202510525952644826e+01
2.806701162549543227e+01
3.252469344724655542e+01
2.820738118830043817e+01
2.827536965602474694e+01
2.344411338727072192e+01
3.287374633636612486e+01
3.673834939648143916e+01
3.427691321661366430e+01
2.574070816849708265e+01
3.422862306783883923e+01
2.391511968061671212e+01
2.112908201228235328e+01
1.517955221566298718e+01
2.240529512865384376e+01
3.366021158183134787e+01
3.581248609290354068e+01
4.119864305924188130e+01
2.695422148358172620e+01
3.401777005420739641e+01
3.897142815868079424e+01
2.856117403001530164e+01
3.199594987913194544e+01
2.361259902219404339e+01
3.433322166114407992e+01
4.254369371424591861e+01
3.248416330280198139e+01
4.495585467577701166e+01
4.549606978882038533e+01
4.086187173816630747e+01
4.580034373453522534e+01
4.402285685441070484e+01
4.051703068818132181e+01
4.593522167746613150e+01
5.126044462470196805e+01
3.591227887702946475e+01
3.603590508963044670e+01
3.318660840704938408e+01
3.759315814324205718e+01
3.784211055106550248e+01
3.525984125010193537e+01
4.858584476018787512e+01
4.826697188675204586e+01
2.549687789090784307e+01
2.780976590021299444e+01
2.798425870447841390e+01
3.317388834499353578e+01
3.266806227417237096e+01
3.964970047737223524e+01
2.888775403986917567e+01
2.529302738411031726e+01
2.793819838258311350e+01
2.061198516625641730e+01
4.354677573098053500e+01
3.093404365335447537e+01
4.235796280081206078e+01
3.180114496586437411e+01
3.397786377250112366e+01
3.234006644739397984e+01
4.518710534047741589e+01
3.839053890943293368e+01
3.022373301712904947e+01
2.956221727016544776e+01
4.959210628724855496e+01
4.024187747059745135e+01
5.004053866561158515e+01
4.791814152070163146e+01
3.252631250541683272e+01
2.371184244290189014e+01
2.883760393520410403e+01
2.028446712652949913e+01
3.048147179429049558e+01
3.218040255450420517e+01
3.680482297146667037e+01
4.646757789795196913e+01
3.953863587955238046e+01
4.227041419071470330e+01
3.110657508750396971e+01
2.793175685476008141e+01
3.267869618529152120e+01
3.574598809212606909e+01
2.983748913034085604e+01
2.743566760350889311e+01
5.203140479504173044e+01
5.230569376518562308e+01
3.534613347363568892e+01
3.285411135326971532e+01
2.620535440619713441e+01
2.225848791699700158e+01
2.525343573107164019e+01
3.627072666733042894e+01
3.114575535607793810e+01
2.917227910934782287e+01
3.374282957791697868e+01
3.164739034616388125e+01
4.239326960482079443e+01
4.709644832012272531e+01
3.960506355676670864e+01
4.360574250271856300e+01
3.861598946619441364e+01
4.351121143837877980e+01
4.120784979966814632e+01
4.321439019640927626e+01
3.270505603765460023e+01
3.616001985388174944e+01
3.692574388589978440e+01
2.981692573360578180e+01
3.438309863837019265e+01
4.346077048442366220e+01
4.698611866908728274e+01
3.366072536315184749e+01
3.288761388535434804e+01
3.011129770891313484e+01
2.287159524819020007e+01
1.988110614265316300e+01
3.475669873724110914e+01
3.233375746658722250e+01
2.201901773699086462e+01
2.726727049346438037e+01
2.611216470373554088e+01
3.642620694441517060e+01
3.724634219697610149e+01
3.641608328941864414e+01
4.169383525041477156e+01
4.464684797236255775e+01
2.080957925574685419e+01
3.046215594693890338e+01
2.595418793264784441e+01
2.784268151299956884e+01
3.327992821082625596e+01
2.852114130361825062e+01
1.994991001966128152e+01
1.544665588248714627e+01
2.419370162626324117e+01
3.333137113977248589e+01
3.166084976555438146e+01
3.457950116578498267e+01
2.907972288962635687e+01
3.308727170588048239e+01
3.798326398282633676e+01
3.008036400232098018e+01
2.038365144558770581e+01
2.172561793564732824e+01
2.642205325371904223e+01
2.343604395117757377e+01
3.638053604241650874e+01
4.253273572295157123e+01
3.193654229903995656e+01
3.322103514637580446e+01
2.988567257213109940e+01
2.962319329387977618e+01
2.747840164105613070e+01
2.690631074276933532e+01
2.677525066335928372e+01
2.994487252453684079e+01
4.458373226379205789e+01
3.710517955426131209e+01
4.791768600186135529e+01
4.364406653568744332e+01
2.590849430902285988e+01
2.825070007531128624e+01
2.900520396551381097e+01
3.256071155976521680e+01
4.614082490724709373e+01
3.551719560412750809e+01
3.675710942140653970e+01
3.789715424656676390e+01
3.746294323914634106e+01
3.878367795544507146e+01
4.182677630047722772e+01
2.889204889260598819e+01
3.924039711697646027e+01
4.133067422402173463e+01
3.570378034145600310e+01
3.771489718490238374e+01
2.274274994657127635e+01
2.599547565157365625e+01
3.032425914479344087e+01
3.662994372262675569e+01
4.135366849289186320e+01
2.942300215004465613e+01
2.853463320977344253e+01
2.674514094274529086e+01
2.490096016351133557e+01
2.788540624154330771e+01
2.584817707162562428e+01
2.979476873773123557e+01
2.863610876421128992e+01
2.642900248132122343e+01
2.226865312023591059e+01
3.054003780917008370e+01
3.014478113937856207e+01
3.222239870821177021e+01
1.706905272590865152e+01
1.767612347794521099e+01
2.344841030003123805e+01
2.318825246454497346e+01
2.552201964590197747e+01
2.695662571958154174e+01
2.270971939840711684e+01
2.671350601789282209e+01
3.100879270780178132e+01
4.104700460049667754e+01
3.625861193773909719e+01
3.143363200788364509e+01
3.101408376442399373e+01
3.051828641355601235e+01
2.124026441492689798e+01
1.949154564937656531e+01
2.728470227937964765e+01
2.069096382837420123e+01
2.960761327342581595e+01
3.587187090434824199e+01
2.516764063447182309e+01
2.423013557853817801e+01
3.471612294320838998e+01
2.963199307704244490e+01
1.934655052301409484e+01
2.426786646843719453e+01
3.311354137383472818e+01
2.849933296147282036e+01
3.250446218474255033e+01
3.383155463754001602e+01
2.137514842556844386e+01
2.518707905696201976e+01
2.991504241382081375e+01
4.582155962658322323e+01
3.936253619503784051e+01
3.198524192586741677e+01
4.738697783856704859e+01
4.608970687936454169e+01
3.007937123471895191e+01
3.160881990832360700e+01
2.834778424986845025e+01
2.820229424946224484e+01
3.166766799566731194e+01
3.778952449384148338e+01
3.243814571113777134e+01
3.015238007304344947e+01
2.972162831624657642e+01
2.425046810393225982e+01
2.930144210706425767e+01
4.068342012440384536e+01
2.448331312027750428e+01
2.488857221772747152e+01
3.325291966932946508e+01
2.732069942163602860e+01
3.368432490924786293e+01
4.425960859817745785e+01
3.625991953801104017e+01
3.958408453727588494e+01
2.989111335220809451e+01
2.391424997962008092e+01
3.390359936330873580e+01
3.468965300666826579e+01
2.734126707731178030e+01
4.523914758904229672e+01
3.558996322678866164e+01
3.891550778670489308e+01
3.075891594301714704e+01
2.841455661701535362e+01
2.101517893747555732e+01
2.517870427219718010e+01
2.192644972272594472e+01
4.008015708746219730e+01
3.894341300861638899e+01
3.656147891373289838e+01
2.640810905600388381e+01
3.638691656902081917e+01
2.915674373762843885e+01
2.445304005377619916e+01
3.088962998702818297e+01
2.827945141765810178e+01
3.961009604492440417e+01
3.226799073372946225e+01
4.805752054064856083e+01
3.735312465424407691e+01
3.257180781937029934e+01
2.925063687189724959e+01
2.208129984327117512e+01
2.695270865026535745e+01
3.286408495592421275e+01
2.997614883551737819e+01
3.266443003992276317e+01
4.019417039335888120e+01
4.655430352795905691e+01
3.533610115852605560e+01
3.819646879837483766e+01
3.759133974520032950e+01
2.849470900592706357e+01
2.561369833492563330e+01
2.937938242939822331e+01
3.033672639284945660e+01
4.052658715161201997e+01
3.747257752273952747e+01
4.158189580410047625e+01
2.467932582313727963e+01
2.583988594082008916e+01
3.931239385652120433e+01
3.588327483829758791e+01
3.259369241164613129e+01
3.252913391354472594e+01
3.467279041022704433e+01
2.998804209365852458e+01
3.525751669213812534e+01
2.962122923382520412e+01
3.628351271794949895e+01
2.411984071135132268e+01
3.818449278721261919e+01
3.858939496121580248e+01
3.247059077267143579e+01
2.713594589070591567e+01
2.606757883263297515e+01
2.766161700908139309e+01
3.154668684525368505e+01
3.072206017934164279e+01
2.658554566778229500e+01
1.742285094905292908e+01
4.259502555894037812e+01
3.634002100002652469e+01
3.997050198555787404e+01
3.573272078621160119e+01
3.212776977088215347e+01
3.731896444218145348e+01
2.712542565575908426e+01
2.482901098762447489e+01
3.121460474262258344e+01
2.112928183938301885e+01
2.706598676914619261e+01
3.008906231432118972e+01
2.564532594095664919e+01
3.305681354809205175e+01
2.805765670237211751e+01
2.633494712097513712e+01
3.020413006704783498e+01
3.937243288901661487e+01
3.905694837827009280e+01
3.765157585358236503e+01
3.977786237508199463e+01
5.221469056182036894e+01
4.094772802295435099e+01
4.250677291514697487e+01
3.584411108194080953e+01
3.304570622913607281e+01
4.230578036362796013e+01
3.174586564024702895e+01
3.131761751152795625e+01
3.285871569405804848e+01
3.723331840012375693e+01
2.470925129167379453e+01
3.566704098434873060e+01
3.676920166505379939e+01
3.292451603308555974e+01
3.399629250794080804e+01
3.708849230082587667e+01
3.417627188356278367e+01
3.038017878533602101e+01
2.575035637968053948e+01
3.008491492402357181e+01
3.287261023038693963e+01
2.719626028106204885e+01
3.898989792850370151e+01
3.413234098459116694e+01
2.453759061138933717e+01
3.246829406131345763e+01
2.932516841671123231e+01
2.798084259282240893e+01
3.837312838458964137e+01
3.321786522935543928e+01
3.305519573344830775e+01
4.757339243955317443e+01
3.279540402506607677e+01
2.566476169735812007e+01
2.484776221277572006e+01
2.798198817280775685e+01
3.300424514722519831e+01
2.643126574291607866e+01
2.030492265235396232e+01
2.167116765707118020e+01
3.137125641815120858e+01
2.530760812397989667e+01
4.595977027649460922e+01
4.047231515879143160e+01
2.906673999556422672e+01
3.092980437886084744e+01
3.757368336368653416e+01
3.801518890358659064e+01
4.090246321295960286e+01
3.973817750189942899e+01
4.361107166874454322e+01
3.152102844234551426e+01
2.930389128063094617e+01
3.017657623217616347e+01
2.695647346580282644e+01
3.535334575303840410e+01
3.605204957828552637e+01
3.494239888961368479e+01
3.458379266454321765e+01
2.731433497151252610e+01
2.967252135043245787e+01
2.599356116679506812e+01
1.502027332616214927e+01
2.910816044047175666e+01
2.666390350677084342e+01
2.323022527490384093e+01
3.534473200481244959e+01
2.703222473822080474e+01
4.300241329660583034e+01
5.054062362916572226e+01
2.245820534565194748e+01
2.633008655567677181e+01
1.878886765959261851e+01
2.122792984552991058e+01
3.601742143570209720e+01
3.652097038490910563e+01
4.406870403834512473e+01
4.373128902178945765e+01
3.964430993087677280e+01
3.762790846174126358e+01
5.629355357968663753e+01
4.548589613543853716e+01
4.671134894043395747e+01
4.308303916868992900e+01
2.407684224502950343e+01
3.094907478138912182e+01
4.020634463426650029e+01
3.465319579416473061e+01
5.343264800007997906e+01
4.799303229802545445e+01
4.501644826130696941e+01
4.071748172204188876e+01
1.999327876979262442e+01
1.858239390220911602e+01
2.225585245317474303e+01
2.121985079673068597e+01
3.331516530807050458e+01
3.038817959333652752e+01
3.016113384864332403e+01
2.861873728832941666e+01
3.024373093468431861e+01
3.120683273376550915e+01
3.166797354523550112e+01
2.316453033818119778e+01
2.471905299014909474e+01
2.984790166536074096e+01
4.714472194940847771e+01
4.087925871731584948e+01
3.150671435187494751e+01
2.953434556980524661e+01
2.279743052572545281e+01
2.509233372501288173e+01
2.277545503002461302e+01
2.541631590613785718e+01
3.877061274433263094e+01
3.732358140586840989e+01
5.292482174922815830e+01
4.961957918543981805e+01
4.347748717144068564e+01
4.533772960108148453e+01
4.525616618529173962e+01
2.907572070090079919e+01
3.432349400017943708e+01
4.168861145333907103e+01
2.416530281604542196e+01
2.372687195831848683e+01
3.491648010619967835e+01
2.262117508976117364e+01
2.447228533921426674e+01
2.297580793660963394e+01
3.983414252287296620e+01
3.116101537081211958e+01
1.779116297825557069e+01
2.271844529048739503e+01
2.954555835763063243e+01
2.957026451346323270e+01
2.052739400956161475e+01
3.450464373862786971e+01
3.657025467815834219e+01
3.413879662488552924e+01
3.196306466513201627e+01
3.063381873485004192e+01
3.644206011149042013e+01
3.545088105897213637e+01
3.159143280728002168e+01
4.257646676042404721e+01
5.086153819211769189e+01
3.126496870179651566e+01
2.681350845603421007e+01
2.634567470829732017e+01
3.117186911082812983e+01
3.287263615571305309e+01
4.345099745204610997e+01
5.429884081995047040e+01
2.696880703160716664e+01
3.297487529734724632e+01
3.512389371814299466e+01
3.716828124925025634e+01
3.693361276405877192e+01
2.776247606121332367e+01
3.999358077167510572e+01
2.597169152114267021e+01
2.865202869290327570e+01
2.981055192681255406e+01
3.653690289815421011e+01
2.466656238849390448e+01
3.530399767632328434e+01
2.843845985084810479e+01
3.645529565732195465e+01
3.442372931205321152e+01
2.375255845317469294e+01
3.496467999031150953e+01
2.454368655389188447e+01
3.862201043079224405e+01
4.048196146896930259e+01
4.102532673598668822e+01
4.033497698381536622e+01
4.263598812923896730e+01
3.766906678326395763e+01
3.827443314392156992e+01
3.210970939970889049e+01
2.403339251555005163e+01
3.547028564159156616e+01
3.494831016663698620e+01
3.396302616497599303e+01
3.446852144398513929e+01
5.421389169633320648e+01
4.336295427031974015e+01
2.856252618592078463e+01
3.027411065510894161e+01
5.174252926133800656e+01
4.799332672112052478e+01
5.007386824822845028e+01
4.792009925291070260e+01
3.469036194779494764e+01
3.208663464233972462e+01
3.972716652996082587e+01
3.649431285222817678e+01
3.179405803557179055e+01
4.336179267591938924e+01
5.323113909250342601e+01
3.988939384360540430e+01
3.494205280734506402e+01
3.783573153132392974e+01
3.528421171293665992e+01
4.216262255643125201e+01
3.257079482489920963e+01
2.913844442427595283e+01
2.760268259021893655e+01
2.428115320968693780e+01
2.548510052015429750e+01
3.675327410333711242e+01
2.039884937066868886e+01
1.973434364247851391e+01
3.975967758527928453e+01
4.003607437578091321e+01
3.117392499215537782e+01
3.468358839660680815e+01
2.305654139072198916e+01
2.635557163399759162e+01
3.863225895218312189e+01
3.167245990572971337e+01
2.260285980199876832e+01
2.499512001981059228e+01
3.725418730442689963e+01
3.569348701994348971e+01
4.565370792588429083e+01
4.709086195906115790e+01
4.358011678732572847e+01
3.887007103454064350e+01
3.235039112216504265e+01
2.868446828465304677e+01
2.848175155384576485e+01
3.253940459675276031e+01
3.560769470220608213e+01
3.230367615883330501e+01
3.244582478093570899e+01
2.325993214858518243e+01
2.639492842226151126e+01
3.372660548925090040e+01
2.066742883100078032e+01
2.206819440805137589e+01
3.973455141861849427e+01
3.651089223226748715e+01
3.819158360948308228e+01
2.405319632966101295e+01
1.845747276004463799e+01
3.655196551954924189e+01
1.698854303613039818e+01
2.163383954440352852e+01
2.672697513004791858e+01
3.062672696544475670e+01
2.412069599217231897e+01
2.429676356710751506e+01
3.532114921470058988e+01
2.110368683433186376e+01
3.030600497744411115e+01
3.206093284969846025e+01
3.059993664212859343e+01
3.291262030987526543e+01
2.574592270274386507e+01
3.276932324677561326e+01
3.056540955305859697e+01
3.546446404044583289e+01
2.685369627802301196e+01
2.755722787968847243e+01
4.292069346101194327e+01
2.719518797614934869e+01
4.404145430914873316e+01
3.459454437713927888e+01
3.206070494923717717e+01
2.451783277022200025e+01
2.992997518194789563e+01
3.540686849956826165e+01
2.897323526424802509e+01
3.056283477676333504e+01
2.877334143041930758e+01
3.299299756320857568e+01
2.896776376245323803e+01
4.405393657587536183e+01
3.492457779170663912e+01
4.084953805304054697e+01
2.606323969312536093e+01
2.764363054437677292e+01
2.637249289106229355e+01
3.680024534707972350e+01
1.851764717063334942e+01
2.090607038925994487e+01
3.622865469965782381e+01
3.964697429859848654e+01
3.585568114459672273e+01
5.552132783764332657e+01
4.509621310933130900e+01
4.858333585893676343e+01
5.204661809559767960e+01
4.862967940575408932e+01
2.510377409444228292e+01
2.542954462932702242e+01
2.995541159523135022e+01
2.592439163843340921e+01
3.477549666216764024e+01
3.004658283484260650e+01
3.031474121339871175e+01
2.462094067027549471e+01
3.860020034337377126e+01
3.528928014550785974e+01
5.389525279681430447e+01
3.861640084897499037e+01
5.235007286526093395e+01
4.612430084726506152e+01
5.071208168081786738e+01
4.284289755433454161e+01
3.206962573096890878e+01
3.812188931973819450e+01
2.616402798720642409e+01
3.754386055025931057e+01
3.953441297570979174e+01
3.127240531666304335e+01
2.859206264190456181e+01
3.070295120004766076e+01
2.053892467509677644e+01
2.165955823954717374e+01
3.954690681342774639e+01
3.551572224266494970e+01
3.733760024122834409e+01
4.706246328382269439e+01
2.632629363250130794e+01
3.725275036131191086e+01
3.165702689221086885e+01
3.526189334235565553e+01
3.855423246330802556e+01
3.666243774650401122e+01
2.594009260866009114e+01
2.974101177566111076e+01
3.330073347430403174e+01
2.725024068235970631e+01
3.984298024478364653e+01
4.229205844941296277e+01
3.224283400520485543e+01
3.327661992190020612e+01
5.754468526351996616e+01
3.889668725254471582e+01
3.899242509298863979e+01
2.936532132050989574e+01
3.031256291201638930e+01
3.433902413603711778e+01
2.420991224376630768e+01
2.647281405459434822e+01
3.500752409957843270e+01
3.252469073996552140e+01
2.484218631818559331e+01
3.251110715255246930e+01
2.450971273780525195e+01
3.505399774370696520e+01
3.364809467120860376e+01
2.713593234538582166e+01
2.789350362046065968e+01
3.411818787564284605e+01
3.223324461397482565e+01
3.212056952533496457e+01
2.801472154580661211e+01
3.286294274008454863e+01
3.834965699503624847e+01
2.329228783005953929e+01
2.626217648636017898e+01
3.210626486302260929e+01
3.837196681119980468e+01
2.170953996502362315e+01
3.111792788221228179e+01
3.084526330548535711e+01
2.719435966742821265e+01
4.126536788294779967e+01
2.320254916184639882e+01
3.093892035545622221e+01
2.839490913023931284e+01
2.434072828200573468e+01
2.589147934291935726e+01
2.191702274766037561e+01
3.805618956455420943e+01
4.528359428569226708e+01
3.845166222326334804e+01
3.808114912283495102e+01
4.122290405710391781e+01
4.400538206258256935e+01
3.934345559132351866e+01
2.582650374861941245e+01
2.648233732997605117e+01
2.580290200454036409e+01
2.597020868494626455e+01
3.231837856667680597e+01
2.970390038189613691e+01
2.542590799690561809e+01
2.832326986976779892e+01
2.467931729837777510e+01
2.451071208886175157e+01
2.484692292411467562e+01
3.166427749811367320e+01
3.110297865768503911e+01
4.023456493354304087e+01
4.072492784201288885e+01
3.938841139873518671e+01
4.205823311593472624e+01
3.976942538638130031e+01
4.691985768335455731e+01
4.042695769424654628e+01
3.487287599516448466e+01
