3.264219191613727311e+00
6.623458429141840575e+00
2.482043721549974080e+01
3.580825695523513019e+01
2.831341110063820210e+01
4.457024399947123072e+01
2.635091344215322451e+01
2.807335873781946844e+01
3.007008797199310024e+01
3.831337864092927958e+01
3.257286000511696500e+01
2.988299960098483155e+01
2.219813303175190455e+01
3.259515989779535516e+01
2.620027159352509472e+01
4.580034234748341504e+01
3.130270477888593561e+01
3.721466459215685774e+01
4.199054334728871396e+01
3.332320722165759008e+01
3.391578088568596172e+01
2.872739396740433548e+01
2.706226027185669381e+01
3.824347951888523767e+01
1.905795514615028452e+01
3.608377513974317452e+01
1.947049664978834116e+01
2.037384343554716892e+01
2.513163710968060727e+01
2.865942536932018569e+01
3.292344029775293279e+01
3.412406769375296989e+01
2.507553095520313136e+01
3.287818045319194482e+01
2.898510061221765710e+01
3.035476772019820046e+01
3.778088005526203119e+01
3.352202721884506786e+01
3.174022097155333455e+01
3.952257471489197371e+01
2.853902190233710456e+01
2.543395123381113621e+01
3.283941404048196944e+01
3.236339077425870414e+01
4.708301140364011417e+01
3.812980456804344698e+01
3.611772497370398582e+01
2.695816272339734354e+01
3.065313804609313664e+01
3.051462764170217667e+01
2.475068794879574341e+01
2.224193902947461510e+01
4.394084790766265769e+01
4.589856464404466863e+01
3.475499730421568501e+01
4.183377560150340457e+01
3.102992367728576895e+01
2.398281383368322395e+01
4.775508352566227188e+01
4.390714141516509983e+01
3.300791246882713637e+01
3.578528356591894521e+01
5.372181191424370894e+01
4.450918041918552603e+01
2.673780750486187330e+01
2.642698753814309853e+01
3.072233233162174670e+01
3.797239212641855488e+01
3.749102429017437288e+01
3.381804532088900572e+01
3.231773118593806515e+01
3.021999465547759556e+01
3.450430199494432060e+01
2.748720138949351721e+01
3.130194145154808538e+01
3.668493427665224971e+01
4.339200248279885841e+01
4.232642769803229754e+01
3.052124546004385408e+01
3.210219644718767995e+01
3.021274537528616122e+01
3.129492847936920086e+01
2.793152015930483500e+01
1.674347835046660649e+01
2.789327920006901707e+01
4.182354290900568827e+01
2.984378008824516115e+01
3.992337234565906812e+01
4.160306820903002745e+01
4.192144570909758272e+01
2.901345521440856956e+01
3.789571332092658906e+01
4.785765454879647507e+01
2.856999032871896915e+01
3.372969623449132115e+01
3.326131328599507242e+01
3.918358717292072413e+01
3.246609097135531385e+01
2.400623671328122910e+01
3.056256252587339617e+01
3.948337707418356501e+01
3.079576478469650880e+01
3.372953082419337534e+01
3.888918911463698436e+01
4.455832197369348080e+01
4.889780800388545856e+01
3.897936023960529894e+01
3.344586681888389279e+01
4.313221592221451317e+01
3.980494671146801977e+01
4.951729823977732536e+01
4.716361040459315035e+01
3.553161749621214938e+01
3.476008752307139105e+01
3.722748426362070973e+01
3.130020768603643688e+01
3.406397053699233624e+01
4.270701226203162548e+01
5.088641717983189494e+01
3.982075978555447904e+01
4.646144650153263456e+01
5.554294539883438375e+01
3.427392099225507138e+01
3.820888007796727237e+01
3.392356594036296258e+01
3.262721886010913153e+01
3.685914029186107399e+01
3.216558646627032658e+01
4.386162549875000138e+01
4.188744530211226191e+01
3.768230801617039560e+01
3.078188059508755003e+01
3.251955422748130786e+01
3.743610218424109348e+01
3.289742924558422033e+01
2.588024171267756657e+01
3.590448014647132879e+01
2.964959995577273943e+01
2.927893035980441994e+01
3.262561641577747196e+01
2.676111017620288024e+01
2.459999553884227907e+01
2.844473476346037444e+01
3.416194657350290953e+01
1.800229220403684494e+01
2.542346600792909683e+01
2.315857037618125247e+01
1.841351778530003713e+01
2.973355857007836178e+01
2.190026762404526650e+01
3.340999738776547900e+01
4.447561656107168915e+01
3.526720949978400910e+01
4.141803586062785314e+01
3.405606581738392435e+01
4.166638111082284013e+01
3.400086922630629260e+01
3.681504629235382708e+01
2.848912324255817907e+01
3.539475525437029546e+01
5.293110452397269938e+01
3.369940328726926992e+01
5.157248154142664731e+01
3.835592381911618531e+01
4.732720761404812038e+01
4.856052939679006641e+01
5.608650728770152938e+01
4.873405202705631467e+01
4.729540408704613697e+01
4.124302354766609824e+01
3.411205733372041493e+01
3.751371303068432184e+01
4.105390395477638066e+01
3.997057179394312243e+01
3.850425145262408222e+01
3.521656319221536080e+01
2.995118288525798889e+01
2.958579047214910318e+01
3.211588325890512152e+01
2.451405708276889328e+01
3.140622374754956070e+01
3.215495621346452992e+01
3.525991323562048052e+01
3.350886822904367790e+01
3.393447726045061330e+01
3.748730037851741770e+01
3.605837484223471989e+01
3.188970061952653268e+01
2.175026767188427357e+01
2.453797647194631182e+01
2.607042383214962200e+01
2.758994684605254122e+01
1.465350086391173612e+01
1.939651256150102299e+01
4.343112359914348986e+01
4.340762354987601412e+01
3.730997772135575019e+01
2.724056843600748934e+01
2.630512554859911489e+01
3.301136539607263387e+01
3.464651066515851596e+01
3.779608266036324693e+01
3.262824326476034287e+01
2.941764526164171301e+01
2.950437855847387780e+01
2.332126025373031197e+01
2.475469217157227675e+01
3.203712106418534944e+01
2.381676999858106925e+01
2.849841069360332213e+01
2.565834707532560799e+01
3.257618557486124189e+01
3.939026946529185125e+01
2.876960939998929945e+01
2.587649953095741395e+01
1.804718584610330367e+01
3.297212922842462035e+01
2.907223344156685840e+01
3.605370949173927642e+01
3.681585447264136235e+01
3.947279273958557866e+01
4.052045847168987081e+01
3.794390637979356740e+01
3.501144682679029074e+01
4.455709243870613534e+01
2.748568720897406692e+01
3.125098803719908958e+01
3.458387331880230420e+01
2.473579485108766107e+01
2.806126177286017764e+01
3.125284328312578452e+01
3.273111886893272526e+01
2.471665964945967175e+01
3.810535164288406662e+01
3.975513544658216603e+01
2.275521694785220106e+01
2.987324289642809916e+01
3.011813044089808855e+01
3.918006786350868254e+01
2.950579636682814666e+01
2.137648600912291741e+01
2.739677514702074035e+01
2.432766120783763242e+01
2.849016077163588889e+01
3.648011580089718819e+01
2.283071622972419235e+01
2.824942285503975370e+01
2.892947284228002403e+01
4.532284364369539276e+01
3.766686495247036248e+01
3.673401776381035688e+01
2.896542037990943541e+01
3.968213227897445705e+01
4.394461873910270100e+01
2.378189711324061051e+01
3.732169890422059666e+01
3.833154990317129318e+01
2.692928922300676930e+01
3.551277106441661147e+01
3.532555391917708221e+01
3.361923298443640107e+01
3.376695445613418656e+01
2.240561583042132199e+01
3.748219767203860897e+01
3.605722923813702607e+01
4.216218264167611807e+01
2.744994901647204344e+01
2.703100362123025491e+01
4.185131196672561771e+01
3.344253950333381908e+01
4.915094950820194697e+01
3.786087555214680833e+01
4.952750516156964977e+01
4.648414846509298570e+01
2.594136118307773131e+01
1.630694135169358461e+01
3.034957236490996735e+01
3.212894344979532946e+01
2.616879891309019257e+01
2.296254637187651326e+01
1.986244990933170484e+01
1.993248488566631949e+01
2.251456969220310000e+01
2.720769649181288585e+01
3.661898881610882484e+01
4.745955315136877317e+01
2.999324367547636427e+01
3.400348519286926319e+01
5.665229034399948205e+01
4.167389681021090553e+01
3.926615800700734127e+01
4.346327766035045670e+01
2.514181724661472472e+01
2.831143641314865533e+01
3.764858220538606304e+01
2.458463898136673009e+01
2.325476434431611494e+01
3.581621903156717934e+01
3.037307478207705103e+01
2.393772031642437881e+01
3.278187600720649897e+01
3.486284100791874607e+01
4.169347174927775512e+01
4.337562154217204835e+01
3.597168819308596710e+01
3.134113005375512628e+01
3.411652005436888402e+01
2.400198167600876786e+01
2.373979837297415685e+01
2.774291268966756974e+01
2.623896202309518699e+01
2.453803671622274507e+01
3.431310612022797102e+01
3.655413173940752358e+01
2.853595602320104518e+01
4.233697222098201252e+01
5.224310395281886343e+01
4.990876741829587360e+01
3.356095235277528133e+01
4.354002837349550248e+01
2.967103581334153617e+01
2.603920645012959767e+01
4.221537502777447060e+01
5.580399053159726463e+01
4.338415563283871279e+01
4.585780451550374437e+01
2.828240457069392022e+01
3.388164719787372547e+01
3.196399248818039140e+01
3.005212979852284150e+01
2.010436423989299470e+01
2.269384914459061520e+01
2.577483568388356971e+01
3.726666746395677876e+01
2.580793627647407718e+01
2.847792220812713282e+01
3.266255277893890963e+01
2.330233903686171359e+01
3.667450276943313980e+01
2.771344793757372571e+01
2.632668868941727780e+01
2.813174838517481646e+01
3.758319015683050424e+01
3.817851559857133736e+01
2.649657436899952145e+01
2.514900353433409563e+01
1.930099642583495267e+01
1.703935891367695277e+01
2.894198712971201459e+01
3.359490729111591634e+01
2.763801741087869601e+01
1.920346732023952185e+01
2.671720411578345633e+01
2.383725670734073177e+01
1.854082163395510108e+01
2.597129258260720519e+01
4.675353417567803405e+01
4.820918147257311404e+01
4.134174841077640394e+01
3.947184646928972285e+01
6.252103346033367615e+01
4.669120011697584260e+01
3.841268008617924323e+01
4.280013635416153761e+01
3.442224716272910712e+01
2.812961900783019686e+01
2.529899707032519274e+01
2.898628099878455089e+01
2.201165248089037263e+01
3.386245118454511527e+01
4.163627447376843804e+01
4.480156969463663330e+01
3.545314103359920921e+01
3.503310037222667717e+01
3.234410652747448722e+01
3.412622967756004044e+01
3.591297326961262826e+01
4.140798008929198915e+01
2.456102050709794682e+01
2.077278094209782466e+01
3.020524736597213078e+01
3.639290926708235929e+01
3.131916078933608105e+01
4.033557139550308079e+01
2.698846263363213538e+01
2.896088510536083405e+01
2.820922447991073057e+01
3.462123078439278601e+01
3.987664672165345792e+01
3.627192808063597340e+01
3.289117498601865464e+01
2.613123140090398877e+01
2.286638953025476084e+01
3.235148807590793751e+01
3.611081986435412006e+01
2.965911350292912019e+01
4.022936135382124689e+01
3.986486166059997061e+01
3.001789701700134216e+01
3.552791219853545357e+01
2.668999720117049179e+01
2.956084171594136478e+01
2.454027009685211169e+01
3.134900601499360562e+01
3.207732360526774329e+01
4.017806808943491603e+01
2.966614432168122661e+01
3.249790024163709035e+01
4.185345366482335550e+01
5.231541837939442274e+01
2.695020713031107107e+01
2.420632069183567836e+01
3.552205267655202903e+01
4.043340924153819316e+01
3.209051848984403676e+01
2.543949015552307813e+01
2.043475036639770792e+01
2.075424799618268423e+01
2.968852524055895259e+01
2.562260244354909489e+01
3.964081770709162811e+01
4.211998621951725852e+01
2.703751039585889515e+01
3.051127272944352242e+01
2.687316697908548235e+01
2.651987761066101967e+01
2.780655116962460482e+01
2.206706234129606514e+01
2.882583060263617014e+01
3.376173273887050641e+01
2.259944764401216943e+01
2.355331976966022012e+01
3.443988586958724341e+01
3.303247393080926031e+01
3.395222369344067204e+01
3.246649810061817476e+01
3.062081241019999922e+01
3.197456498788497115e+01
2.589192040811891360e+01
2.382660146588785466e+01
2.714583003858357912e+01
2.838535723309404801e+01
3.406541146594275915e+01
2.186037203793706141e+01
4.383137765214502224e+01
3.108498368411992629e+01
2.551792157425926177e+01
3.438232546579390458e+01
3.795398848807676728e+01
3.669642243097355561e+01
1.972656151918632261e+01
2.218992940642487000e+01
2.659815752625615559e+01
1.696484865118772234e+01
2.414661047833994090e+01
2.461292896477632297e+01
2.503335535806765222e+01
1.895353212101191431e+01
3.403681531912229730e+01
3.211281299033510805e+01
3.677421335529901825e+01
3.777067142540256839e+01
3.352481007681269176e+01
4.465997709724499742e+01
3.329628167142736572e+01
3.307674109447149391e+01
3.070285235593204831e+01
3.488033114126146472e+01
2.392680559133252061e+01
3.145930909552517107e+01
3.193006084294299640e+01
3.017401861357921078e+01
4.512960978768473552e+01
3.929789548200314897e+01
3.935006488432121330e+01
2.161753651722564129e+01
2.305864058905522640e+01
2.532890000153877708e+01
3.073314183511647713e+01
3.205973680039550544e+01
2.700569976595823007e+01
3.072461022966150423e+01
2.910167744046549743e+01
2.915778735433050883e+01
5.370597732226642762e+01
3.981926460633541609e+01
3.257473314258990627e+01
5.612598092671421313e+01
3.869322567648427480e+01
4.444921598233690929e+01
2.993330319623384739e+01
2.559346995488337484e+01
3.497352960254041676e+01
3.465581197189783325e+01
2.923356023845992979e+01
4.151367842129983643e+01
2.343366122330172274e+01
3.003339338037269357e+01
3.003544092393017095e+01
4.406145423061831679e+01
2.059221958476006265e+01
3.027309922833426370e+01
2.576348789099789016e+01
2.871369311364584931e+01
3.662700538430071617e+01
4.172491773779688629e+01
3.700580295728951796e+01
3.165061424281084967e+01
4.920273679407292633e+01
3.788916859046448593e+01
3.498102028623263493e+01
3.031933850729356905e+01
1.810700556658371596e+01
2.555052471271307368e+01
2.899960624551400556e+01
2.448601605425153238e+01
2.876909603810690186e+01
2.275446187159879585e+01
2.333236602377509428e+01
2.639992452564532499e+01
4.934148822149660418e+01
5.234477104575113060e+01
4.497140946952499263e+01
5.018352648899222856e+01
2.661031433890561715e+01
2.265393905302497046e+01
2.467469114751502701e+01
3.174932046840357103e+01
3.651762465398672219e+01
3.182837975695940358e+01
3.196715730826694113e+01
2.430546714906348527e+01
2.566616626230333509e+01
1.882638830254211015e+01
2.450729906830521543e+01
2.793062975334590803e+01
2.093120443794177987e+01
1.524160883494685059e+01
2.502295791555202342e+01
2.981978793755565960e+01
3.747108730439407509e+01
4.680913002662178002e+01
2.764796419505115921e+01
2.551306091142869903e+01
3.090068538049785118e+01
3.562683686996307131e+01
2.872772223645260681e+01
3.901666189911450289e+01
3.085699690813504148e+01
2.743784563095638873e+01
2.314708419166760578e+01
2.586009481828219236e+01
3.786157868996809128e+01
3.548361307524815800e+01
2.921100226964481905e+01
3.712006054230047880e+01
3.831805952273030158e+01
3.471927077751769986e+01
4.609539572947328168e+01
4.740258233195660864e+01
3.124292705565440187e+01
2.044651990723777857e+01
2.442551821785054145e+01
2.486799000539474847e+01
2.439521585897741218e+01
2.476291604081492892e+01
2.773985154966385025e+01
2.438181465266927361e+01
2.588936233729246439e+01
2.770529952994935385e+01
3.711731286724735668e+01
3.777205453320294737e+01
3.288453403910224182e+01
3.327422297278025098e+01
2.810716778604750843e+01
3.760376842817797183e+01
3.219067840198610497e+01
4.160283382148484321e+01
3.059903973843393388e+01
2.738433638778531787e+01
1.935059783897139241e+01
2.147855255761736260e+01
2.486621980386635045e+01
2.320195587118963942e+01
1.905000085258064146e+01
2.902982038544697119e+01
3.767604974966891973e+01
2.894397824468284597e+01
4.433711960947671571e+01
4.406985463031129058e+01
3.517910274521199909e+01
2.773843810868959991e+01
2.603140065091163180e+01
2.926647841373524628e+01
2.368647045287553965e+01
3.342372943944378960e+01
3.422184849039985721e+01
4.278487878755207419e+01
3.019455069090572508e+01
3.361324462895461096e+01
3.170902116343844312e+01
3.551124732801883255e+01
4.787479673272469682e+01
4.716678227034752524e+01
3.603729189182506332e+01
3.495058205617927172e+01
3.104746911325528913e+01
2.685720417356724354e+01
2.460549085452673523e+01
2.258134849735819927e+01
2.136234394276067405e+01
1.736249540969049221e+01
2.667760180180170693e+01
2.542403258728704074e+01
3.143281489933114514e+01
3.588567386504161760e+01
2.451950780928649820e+01
3.443195938432124592e+01
3.783651910369081861e+01
4.539977716888486015e+01
3.581651956283020155e+01
2.872727674997325664e+01
3.458257763691960918e+01
3.718216953320101226e+01
2.496721906783814049e+01
3.458451227754435564e+01
3.542435070653233709e+01
2.493723995217777301e+01
3.040748256831104612e+01
3.106888857857995134e+01
2.812146434643186055e+01
3.231067563277729704e+01
2.814261120388326631e+01
3.645439338012790387e+01
3.701626586044528722e+01
2.348796293039684002e+01
3.264521304855109918e+01
3.681477960208265898e+01
3.302292757371112941e+01
3.528768136436897151e+01
2.618375762781235139e+01
2.708926591263640660e+01
3.417619480355564576e+01
3.465380101152453562e+01
3.677083079994586967e+01
3.822998595344215289e+01
3.403508516267569917e+01
3.692374539595120098e+01
4.778524759643287467e+01
4.559144099096643288e+01
3.740920191302694064e+01
4.108500289073528933e+01
2.596959703143087950e+01
3.270999846195551441e+01
2.776992394752046067e+01
2.533052416660787287e+01
2.892427358864454945e+01
2.957514598818355012e+01
2.502383493170126627e+01
3.262291336860697299e+01
3.364983570274575442e+01
2.821821206207351906e+01
3.277328356808223475e+01
4.429889071354567420e+01
3.085660520776763605e+01
3.426932040537597146e+01
2.716943171751280417e+01
4.261884316195271794e+01
2.655483881974708993e+01
3.719259097894603627e+01
3.736273139946046484e+01
2.971252751304685447e+01
2.868009377781710256e+01
3.008322587422318506e+01
3.782173470112006441e+01
3.839098131157689409e+01
3.768306437488257643e+01
4.575907960331237234e+01
3.025384873997778001e+01
4.366829398212536972e+01
3.001623424096093729e+01
3.770484229632722872e+01
3.080624666365634923e+01
3.161911107944927579e+01
3.895483389491640480e+01
2.986542700687110852e+01
3.698314944330103771e+01
2.611466385646772892e+01
4.255033561791552899e+01
4.520489324920724528e+01
3.993931012184816609e+01
4.050322999713855410e+01
2.674417108997762327e+01
3.222807819344994584e+01
2.884889218189302795e+01
2.774430363748778561e+01
3.432070720614768788e+01
3.425175515219356015e+01
2.720528945474467264e+01
3.637247014676793810e+01
2.615224416966463750e+01
2.320364410372049235e+01
2.685240544997821388e+01
2.940933301062696970e+01
3.247313721559748956e+01
3.226648328023786405e+01
3.583337495758683389e+01
3.578528088823872366e+01
3.460855406943016987e+01
3.227763316693294371e+01
2.535670236467413119e+01
2.968548306150011484e+01
2.449530748065154384e+01
2.603449459061499383e+01
3.464530821189595855e+01
2.624962103947314418e+01
2.945316551054700227e+01
3.246364751683153571e+01
3.851878508886827035e+01
4.046051760237808281e+01
3.576688057228503936e+01
3.849972745550788034e+01
3.538539634223108266e+01
3.844823340784068932e+01
6.013294935696529109e+01
4.351601270479905281e+01
4.056930073943885873e+01
3.063054044077561500e+01
2.903873616278485414e+01
3.908377764419704903e+01
3.446249532648372593e+01
4.207525033004297654e+01
3.072492035504874153e+01
2.359793992193258916e+01
4.077295447153154839e+01
4.214334408581325420e+01
3.257350672376230705e+01
3.230171124768590829e+01
3.119537834169833701e+01
2.309213401823551948e+01
3.377429662625808504e+01
2.399885728782172123e+01
1.648549415649812389e+01
2.176432697550015050e+01
2.638418254755261216e+01
2.779615277376080584e+01
2.710371573161690506e+01
2.640713699934056891e+01
3.089887764303134787e+01
2.854237766594187420e+01
3.004815397439140767e+01
2.468074237478998256e+01
3.483599947736579594e+01
3.590511894974175533e+01
3.679787263523853369e+01
3.549722532198314440e+01
2.768080804844280962e+01
2.836884702162836547e+01
3.403872384702232523e+01
4.339931821508999121e+01
2.872214721690032491e+01
3.905837515087783629e+01
3.200121878363837880e+01
3.530034966938433172e+01
4.245292115477533912e+01
6.394353787242565090e+01
4.024135519933732041e+01
3.820826529688228135e+01
3.084835658127239810e+01
2.821162541422786418e+01
3.142995037870771924e+01
3.296883995322323102e+01
3.760004326819773013e+01
4.077179230929914411e+01
3.882167848016695899e+01
2.964600471996848796e+01
2.573470719503340831e+01
2.290315783336117406e+01
2.379831039271934756e+01
2.656853874870035170e+01
3.126591005852515082e+01
2.262258454893543913e+01
3.050096736075148840e+01
2.805650801541945683e+01
3.682036936632286483e+01
3.389845511533756195e+01
4.423940620339745777e+01
3.837026069329585454e+01
3.137124025843961661e+01
4.084217581337485825e+01
4.416223422057285575e+01
3.778811824149439502e+01
3.180512643220854230e+01
3.268074433449718441e+01
4.179636945084824617e+01
2.659514764893925332e+01
3.369243504284226987e+01
3.753119424926981651e+01
2.834655733823908719e+01
2.235046235894320787e+01
4.235280558470257262e+01
4.258259007784658934e+01
2.522628221159137851e+01
2.093564003371040627e+01
2.460927145601320376e+01
3.035553002780951815e+01
3.851115734188340411e+01
3.238813446048820310e+01
3.163433423368061881e+01
2.759116397431816381e+01
2.526265686186230752e+01
1.987600264159545205e+01
3.167758890734970123e+01
2.143259088297404702e+01
3.340627128109681365e+01
3.825934803510253346e+01
5.545052784470424001e+01
4.894543139155704381e+01
4.160668166074348306e+01
3.829065168666362240e+01
3.832060894201590173e+01
4.487219740007904534e+01
2.496396499667151758e+01
3.422234279957125835e+01
1.948152012155952661e+01
2.853047920035548657e+01
4.048454724302057173e+01
3.428387431897819937e+01
4.003366030873461057e+01
3.740177047594646353e+01
4.482053713584834753e+01
4.689974191583463892e+01
2.156451470157453087e+01
2.420340284941392639e+01
4.565137767303225758e+01
4.268577636189067448e+01
4.506752729693110382e+01
4.911618972077979350e+01
2.351150196532120518e+01
2.261918889467589366e+01
3.654581398592570451e+01
3.212819727252634294e+01
3.174209397431880575e+01
3.132859571335396254e+01
5.068680516594510266e+01
5.544225739655595220e+01
4.161529561624223561e+01
4.252344089727367304e+01
2.586898096203771757e+01
2.689475163935739843e+01
2.433668339659492830e+01
2.310093614337932522e+01
3.252295058196371969e+01
3.085727599310846969e+01
2.943875053410537390e+01
2.285021713162194601e+01
4.371428992528745994e+01
3.725830924770671970e+01
3.346310712059688086e+01
3.861959854457327879e+01
3.975098610308613445e+01
2.625355884380428506e+01
4.151732722293830591e+01
5.788407553256760707e+01
3.161514101322570269e+01
3.092651871543632325e+01
2.524391108429544062e+01
2.822264701072631610e+01
2.612146661099928480e+01
2.431695600207216401e+01
3.084825748484794161e+01
4.338835680609069101e+01
3.146563868726779489e+01
3.280724554236600454e+01
3.251726918961928448e+01
2.991479639821083225e+01
2.300869692940422695e+01
2.720906469967048480e+01
3.782942188002175499e+01
3.249621495691975781e+01
3.893220185014095591e+01
4.810865741295560127e+01
2.884699983382673949e+01
3.235266077717770372e+01
3.544352253953104537e+01
3.512025426951895213e+01
4.438931854924428677e+01
4.549510677463267427e+01
3.039731418725436285e+01
4.677290082497895440e+01
4.419923596106212926e+01
5.192948885798216452e+01
4.365850556813619221e+01
4.779873923948557035e+01
3.761198362451028032e+01
4.416845403420327898e+01
3.627556800244140334e+01
4.067065985712878984e+01
3.730833270895825393e+01
3.382251894239627177e+01
3.348638645619978149e+01
4.528103086363100260e+01
4.618709107773938882e+01
3.874472131799613805e+01
2.603570528788097604e+01
3.205372279485854392e+01
3.476194590975616450e+01
4.414287165553464831e+01
4.122137633880028318e+01
3.770602794307990990e+01
2.901085435611974361e+01
3.151744027996238628e+01
2.327151840909801095e+01
4.830276520047818423e+01
2.491056161318877926e+01
2.339169581577620605e+01
3.334636294456763750e+01
3.634134547704240248e+01
3.862839188552997882e+01
4.061246528381438736e+01
3.311849551565338601e+01
3.393556516122273337e+01
3.206829270893986461e+01
2.309720059528265779e+01
3.499795253251300409e+01
2.184615452325142826e+01
3.280284980945067730e+01
3.622571699186050864e+01
3.344184510584930337e+01
3.724947126160699895e+01
4.383005135724570778e+01
4.035995589508824111e+01
3.290658277588864422e+01
2.986309440899210443e+01
3.434982310761090218e+01
3.736467758908656123e+01
3.905816058928551371e+01
5.143978678879587108e+01
4.403640145586194876e+01
5.676874129832570048e+01
4.665858779303689374e+01
5.470769727235641966e+01
3.935947344613958876e+01
4.631566315752493779e+01
2.828510296840542182e+01
3.002998429220995291e+01
2.849323272706105570e+01
2.587473293835656207e+01
2.971534820693836210e+01
3.683828269187578286e+01
4.812149655689051286e+01
3.338784553458641113e+01
3.987101682040480455e+01
3.685438827584255961e+01
3.651444116017759711e+01
2.888823852930432778e+01
2.852005249900171791e+01
3.025408427382738452e+01
2.780335884057478424e+01
2.874122942581359652e+01
