1.183417197418072675e+01
1.008464061249609856e+01
1.397016963084565333e+01
1.511823626235162799e+01
3.012351412698154718e+01
2.493957696468318019e+01
2.810057891781583805e+01
2.662315746489167267e+01
4.815880314132014917e+01
4.277441330419956245e+01
3.653638197122421616e+01
3.275754201755918160e+01
3.506093381721053959e+01
3.180881998113332543e+01
2.615187991566273595e+01
2.951974573169757221e+01
3.337964480171808646e+01
3.341424925096030307e+01
3.065944903845316105e+01
2.963526949587267723e+01
2.714453343392966289e+01
3.499344646126763081e+01
3.114867653653676882e+01
3.368188457564792770e+01
3.889249596767011496e+01
3.014240084760565352e+01
2.573159109491253815e+01
2.768914053857964674e+01
3.178891848708363099e+01
2.065446105245982622e+01
3.063534519078076812e+01
3.502562428368107561e+01
2.875351861613613735e+01
1.857986271886752405e+01
2.058424490001264218e+01
3.388998169692463591e+01
3.881234237584695990e+01
3.034978809810234068e+01
3.807514403616741561e+01
4.289720069742768516e+01
2.230316972973259482e+01
2.207078149214013862e+01
2.805250078899602784e+01
3.351332705419966373e+01
4.251277196699377470e+01
4.647281473588815004e+01
3.693404327720567437e+01
4.646296017293053637e+01
3.658406707583698392e+01
4.870506224413864516e+01
4.762321904363257374e+01
5.057358546074722483e+01
4.967995040206225354e+01
4.435383132719514521e+01
5.667365437082461455e+01
4.646159401807633316e+01
2.650512654944486712e+01
4.209894096066199154e+01
2.213641348596467751e+01
3.517887562093309839e+01
3.392871574035383020e+01
2.862110631266497407e+01
1.919932464416329765e+01
2.241255291539477668e+01
2.472554595562563406e+01
2.890031784214624011e+01
2.564012452824488619e+01
2.987006827556190913e+01
5.174776595871684748e+01
4.179033213616048670e+01
3.729899506178535518e+01
3.151207144798572912e+01
5.323961447044135298e+01
4.407972917026194892e+01
3.398936745483285193e+01
2.950498450658093574e+01
2.950494312225077920e+01
2.635491582509133579e+01
4.431595765293668165e+01
3.591649843507642714e+01
3.218474289902582086e+01
3.649538500837928012e+01
3.636848694840719531e+01
2.768494507807939087e+01
3.930835302821009947e+01
3.706940254980290916e+01
3.459766278283798613e+01
3.393075762476023272e+01
2.645163513957821877e+01
2.232195370817780855e+01
2.858479719171371514e+01
2.836558319425165564e+01
1.676682089031358558e+01
2.331437011076610233e+01
4.283300519123620376e+01
3.340325374957264160e+01
4.505783342212573928e+01
4.124605864740982497e+01
3.688792015262331603e+01
2.668393864288671224e+01
2.088688863759038483e+01
2.449921187215866070e+01
2.850765476058201742e+01
2.108245514480483962e+01
2.653428981411669341e+01
2.917233169443457896e+01
1.513316277803316012e+01
1.832204358043491155e+01
2.756684946443219530e+01
2.967352358843239912e+01
1.831425002835307225e+01
2.490614952148936112e+01
3.530943966838312065e+01
4.174672977162538245e+01
1.546513865626832818e+01
2.763569802590905056e+01
2.472002046553788546e+01
2.679086209803562113e+01
2.033221869433940654e+01
2.313137074766613210e+01
2.638528921876517686e+01
2.559855543024470492e+01
3.241926696192896884e+01
3.439441356162016916e+01
3.018932693050233240e+01
4.096778189445762308e+01
2.954717347768888658e+01
2.705369217985365182e+01
4.098345531239667849e+01
3.301826993913569197e+01
3.582177369351716578e+01
3.580865718813233656e+01
2.028027797905502183e+01
2.333432993004590372e+01
2.944115528808654503e+01
2.515665721773230246e+01
2.385450845946557408e+01
2.201854237658855240e+01
2.970375746256895155e+01
3.965376750366002057e+01
3.616810302734936755e+01
2.962425886178075274e+01
3.202833692688524536e+01
3.827937115849392313e+01
5.074403959303106859e+01
3.237709223565997974e+01
1.953933828862641775e+01
1.958340562109916050e+01
2.585227767233546459e+01
2.571309671774439565e+01
4.015212943808877810e+01
4.531175606883677887e+01
2.951475769881862377e+01
2.854816850067868117e+01
2.907494083613839209e+01
2.334155663513246637e+01
3.300079898545060075e+01
3.193198005998581834e+01
2.828998996995931847e+01
2.502406181745422842e+01
4.142734901503926892e+01
4.436134104322448479e+01
2.936352175376387308e+01
3.049243692226191627e+01
5.660595001960700756e+01
4.784006939033248784e+01
8.184151804516456252e+01
1.023662024503367292e+02
1.779993849834637558e+02
1.799201702131192064e+02
2.202399192060604776e+02
2.289734122553606994e+02
2.636373380045250769e+02
2.690818189029353107e+02
3.133929096901274534e+02
3.207980515991968105e+02
3.076896365229006847e+02
3.239289767905033273e+02
4.004024400718888046e+02
3.929481848462359039e+02
4.086135078641511313e+02
4.053456488659477372e+02
4.165270149238629074e+02
4.196582947134604069e+02
4.394349536330434489e+02
4.355098124538508841e+02
4.220734990347133362e+02
4.360628635971040126e+02
4.595679464367336777e+02
4.616690089384566704e+02
4.880549067670032741e+02
5.227005296844200757e+02
5.284295689220398344e+02
5.206677891853968276e+02
5.275011444523157706e+02
5.428791781748180938e+02
5.603488476310915303e+02
5.533233145965529047e+02
5.571643674634624404e+02
5.684373465847611442e+02
5.606592284969242428e+02
5.490170047515184706e+02
5.216556453627284782e+02
5.056192340766936582e+02
5.724930793523772081e+02
5.504554960187142569e+02
5.386899666171429999e+02
5.380669903501733415e+02
5.252203076405987758e+02
5.397912844216831445e+02
5.135330977456478649e+02
5.268432451578207747e+02
5.402757448813406427e+02
5.562015424774522216e+02
5.534110472045153983e+02
5.285108871454201562e+02
5.053502552063716848e+02
5.288285401324452550e+02
5.217693740278655241e+02
5.262564700360251209e+02
5.330733458747949953e+02
5.546576286413464913e+02
5.477422554995517885e+02
5.226674113745743853e+02
5.269498818374659095e+02
5.383282404310137963e+02
5.341361547485438450e+02
5.538023438651725883e+02
5.100140885832126401e+02
5.330987643578040434e+02
5.307112947228653184e+02
5.009318068833779307e+02
4.470307551777113986e+02
4.606178088405624180e+02
4.417405000418015675e+02
4.461058376415606403e+02
3.983992231890384232e+02
3.996077254710066882e+02
3.987996971421651438e+02
4.054628427482132338e+02
3.940731393005857512e+02
4.245053236266719523e+02
3.884326730970798849e+02
3.862070859793875570e+02
3.801244121155983180e+02
3.779192521263032063e+02
3.773772778227283311e+02
3.743685105299251177e+02
3.790028235447146017e+02
3.882639123746620839e+02
3.677680862588950390e+02
3.854042766344096549e+02
3.521405507602387956e+02
3.503879069890944606e+02
3.482552747264255686e+02
3.609636868773777678e+02
3.411444781303361538e+02
3.397892583058779223e+02
3.196698772305065859e+02
3.324951757705895830e+02
3.386986020719261319e+02
3.332875797270293674e+02
3.583259025562235252e+02
3.821989557868815268e+02
3.720808474136674135e+02
3.824504793615023459e+02
3.269348435160865165e+02
3.311617537685279444e+02
3.708302325189965245e+02
3.456511642976579424e+02
3.618266759387179263e+02
3.879641266315543362e+02
3.849853164974265951e+02
3.694217110414978720e+02
3.430906699581712473e+02
3.530289821312013601e+02
3.551568152837938896e+02
3.431202036592243303e+02
3.395263603200821194e+02
3.384099303790795261e+02
3.770159524267868960e+02
3.601762560674347355e+02
3.951216889121650979e+02
3.885064460626072105e+02
3.664711211825814985e+02
3.334265683618743878e+02
4.072602245333986843e+02
3.861890437238559457e+02
3.719660525997471154e+02
3.669291155656009664e+02
3.757234934371915074e+02
3.798687674430350967e+02
3.373727678617497077e+02
3.398412732318747658e+02
3.492772078716113242e+02
3.409959869540134605e+02
3.839857395080266542e+02
3.887872574239640926e+02
3.512572318136108152e+02
3.612368548834596709e+02
3.272142219153720930e+02
3.315899227547258192e+02
3.241914916952841281e+02
3.210493493791458945e+02
3.441655088441943917e+02
3.267210309595290028e+02
3.226372052123497838e+02
3.305711364645960657e+02
3.507800217145615420e+02
3.307089326712080606e+02
3.385478546207891100e+02
3.221224786377693476e+02
3.038445517853527349e+02
2.974929677944041941e+02
3.287763658715747965e+02
3.077940186380848218e+02
3.103825178795537454e+02
2.783624111985475906e+02
2.593649305268818352e+02
2.726303928537005277e+02
2.759991350822037930e+02
2.802648477933337290e+02
2.772101667273297494e+02
2.648560743493832774e+02
2.958003205226875707e+02
2.811633623875040371e+02
3.011457315759423068e+02
2.801496430976857823e+02
2.784201465742661981e+02
2.689585615761766917e+02
3.011031952678409880e+02
3.030711184521672976e+02
2.883149146502850044e+02
2.861250393216847101e+02
2.713999209626019820e+02
2.882891451135889156e+02
3.234506561020650111e+02
3.142790434903893129e+02
2.998407573740813632e+02
3.074547316030764250e+02
2.892406814335155900e+02
2.835189552984033412e+02
2.994204903444963293e+02
2.926703593596624273e+02
2.638697917378921147e+02
2.631997337416972300e+02
2.556484951913275552e+02
2.674015242445702825e+02
3.039061142632992869e+02
2.987974335797748040e+02
2.975126958016531376e+02
2.831492666418593558e+02
3.279387047378495481e+02
3.257217462921940410e+02
3.148304900615312931e+02
2.999442573793141378e+02
3.152195971486464714e+02
3.103242077857242407e+02
3.526593837685177277e+02
3.209862081806962237e+02
3.159703085064483048e+02
3.187579385352274812e+02
2.827689623091930002e+02
2.761962099815388569e+02
2.876232420458997581e+02
2.830513548038689464e+02
2.755108938754303267e+02
2.698475431266284659e+02
2.971679752317385805e+02
2.967707482803808148e+02
2.910844767798228645e+02
2.846998148694465272e+02
2.894680245084790613e+02
2.795309431641258584e+02
2.737717621743608447e+02
2.742893664886549914e+02
2.905957170162748184e+02
2.783563575686285958e+02
2.764085866503815510e+02
2.721588998746876200e+02
2.873125405669715065e+02
2.947143330948543962e+02
2.908842047635279755e+02
3.047511710499259152e+02
2.593575746554722627e+02
2.625523119880940612e+02
2.903721887931142192e+02
2.869495462633520901e+02
2.967532464642930563e+02
2.825476420902859900e+02
2.643347675179524003e+02
2.673084064158268234e+02
2.736206619781324321e+02
2.562353025299208298e+02
2.373341596361881329e+02
2.315718017330376028e+02
2.730379048216896081e+02
2.614618096815955823e+02
2.455442572694868772e+02
2.398862974937175068e+02
2.594157714888618784e+02
2.655410696046515113e+02
2.714082499303320901e+02
2.721353823490445052e+02
2.728483778342296091e+02
2.690020737037409617e+02
2.632425193430296417e+02
2.702208728667009154e+02
2.332142856338429624e+02
2.316637717196549602e+02
2.458214434831038773e+02
2.427198782377269879e+02
2.460382567224269508e+02
2.506830867672590273e+02
2.607992327448130254e+02
2.729392835816918819e+02
2.839647295613100937e+02
2.680409654573186913e+02
2.845440428049925004e+02
2.742648350756022637e+02
2.283861759381113359e+02
2.413760525415482903e+02
2.496945644421260226e+02
2.578864060487717325e+02
2.591205337858056055e+02
2.883737598860850539e+02
2.673743397642270452e+02
2.738772207211042655e+02
2.974137642496934291e+02
2.833183495871128343e+02
2.917087243896209543e+02
2.851735919420544292e+02
2.868971524593623599e+02
3.004876269777670359e+02
2.964058150626809720e+02
3.065505955160907661e+02
2.812352273222954864e+02
2.791069466252517941e+02
2.777252537524773857e+02
2.987810155378693935e+02
2.900631931524077913e+02
2.785958020302629166e+02
2.704453879138105208e+02
2.909143462018298578e+02
2.572406240525854741e+02
2.730497878147950814e+02
2.865245058600524999e+02
2.888854626762810653e+02
2.488022633520058946e+02
2.670474571071701462e+02
2.983184572399653121e+02
2.805803741868850238e+02
2.609075070894581359e+02
2.734972696685392179e+02
2.632164560899918229e+02
2.458482092492191100e+02
2.268818808628050760e+02
2.348617477211335540e+02
2.701845960647277138e+02
2.786215020173562493e+02
2.504984575418531279e+02
2.411352600919693430e+02
2.606814419244524288e+02
2.566590933128542815e+02
2.456877095481438857e+02
2.486725270812547706e+02
2.523973674100464848e+02
2.484818000245237499e+02
2.532157070943936503e+02
2.602277574502209632e+02
2.809861769990322387e+02
2.709112395900633601e+02
2.476712377147377424e+02
2.496349707428930742e+02
2.458261992779919183e+02
2.226693929624182715e+02
2.510304025630937019e+02
2.534930825579858720e+02
2.706914362123906130e+02
2.713077376166302770e+02
2.576996895533269480e+02
2.513651271828961455e+02
2.646842611553497022e+02
2.440536421927111235e+02
2.619611461438485662e+02
2.643698122934943626e+02
2.658934755423767342e+02
2.431394255010510221e+02
2.601606956907742187e+02
2.594815967190439778e+02
2.506915895104000924e+02
2.483633255037568119e+02
2.433318316238631667e+02
2.460464794597592117e+02
2.349289849325595583e+02
2.515934388034404776e+02
2.574017359978053037e+02
2.518572543871475773e+02
2.391705060815521051e+02
2.435848842428990224e+02
2.174500714584468994e+02
2.454923365131794526e+02
2.425407498793363743e+02
2.524917870411134970e+02
2.664481304897959149e+02
2.771722298227443275e+02
3.101346214658066742e+02
2.889832737541071879e+02
2.979940042649485008e+02
2.814730889313829039e+02
2.880955776495080727e+02
2.794939797745553847e+02
2.691445603983956403e+02
2.772316179508687242e+02
2.578944269422026423e+02
2.301832972735544729e+02
2.596280328264068089e+02
2.507987662980713708e+02
2.560836971773653090e+02
2.644954977206529634e+02
2.695091772927498255e+02
2.532735930853980619e+02
2.704071248246455070e+02
2.606779904030929629e+02
2.525157215126512256e+02
2.405276345239620923e+02
2.653966876785013937e+02
2.617966347926076764e+02
2.699207018871853734e+02
2.771287713193708555e+02
2.710053090708443619e+02
2.708254664455211014e+02
2.593016313073470656e+02
2.732077804148189557e+02
2.377256824994500448e+02
2.385890924356703806e+02
2.292239927775591468e+02
2.411375267834667397e+02
2.730995832385006565e+02
2.789678058859551584e+02
2.501963107429818365e+02
2.647943032214722052e+02
2.628127710354855822e+02
2.458443937760020219e+02
2.643908021094859464e+02
2.628386733688029722e+02
2.636694863340987354e+02
2.561880626969805235e+02
2.635508652948130930e+02
2.653866570751085305e+02
2.503348831862798249e+02
2.419213405391039089e+02
2.310361502498062976e+02
2.180118733679811669e+02
2.528680717516611196e+02
2.402698900247984000e+02
2.439084288521009114e+02
2.239390758324780677e+02
2.674745687116972590e+02
2.647724429898296421e+02
2.490132332847987300e+02
2.527777117930327506e+02
2.328300985707316499e+02
2.446778421521408688e+02
2.644178457819630239e+02
2.525507559975338836e+02
2.347531356363498674e+02
2.250342412900669160e+02
2.398553866458868811e+02
2.536263828927802706e+02
2.494867698886828009e+02
2.579434096025184431e+02
2.566926087774191387e+02
2.361375118944536382e+02
2.414739298962296346e+02
2.369848400838636167e+02
2.327352488310237391e+02
2.300182224444407382e+02
2.599097621660396271e+02
2.586781655522222536e+02
2.453674591162163097e+02
2.571976181394816194e+02
2.754496202299915240e+02
2.625062235428145527e+02
2.682754017225803977e+02
2.634007476606597038e+02
2.429514448808953944e+02
2.424085115901935694e+02
2.239316282795666382e+02
2.365314895682305689e+02
2.512051837637978338e+02
2.473240924596821344e+02
2.646132928972862146e+02
2.602247424958626425e+02
2.685811302662381763e+02
2.845316028740322736e+02
2.535247622241736281e+02
2.636669468022852243e+02
2.823163178198316814e+02
2.776571574649341869e+02
2.796386606342874757e+02
2.853139625875911634e+02
2.691116212534819851e+02
2.810508211837576482e+02
2.891088714720148687e+02
2.683441627670605953e+02
2.456054486936625381e+02
2.452325865113591590e+02
2.360624654556206679e+02
2.280897172997952964e+02
2.551745436940168190e+02
2.581942925374370930e+02
2.851724974698782376e+02
2.822583001939414657e+02
2.695266983597380204e+02
2.621742045808808257e+02
2.680176873667423365e+02
2.906375699709849982e+02
2.650264926089853361e+02
2.513508732629582312e+02
2.613533539577367719e+02
2.892471631631723881e+02
2.697379650758129515e+02
2.686902112460500121e+02
2.948613513683696397e+02
2.797650842270656995e+02
2.796834251837419174e+02
2.690316340584498676e+02
2.575279767642410889e+02
2.496783093468602033e+02
2.805131633030104581e+02
2.856129276433121049e+02
2.628686135930311139e+02
2.667238580616378272e+02
2.550684007961141901e+02
2.561738117551500977e+02
2.616086193218587823e+02
2.575839449868860811e+02
2.528093740511119165e+02
2.570749069333381840e+02
2.705591272690612072e+02
2.804672470597422489e+02
2.659286727971302184e+02
2.619609699917499483e+02
2.634410087880846731e+02
2.597896218848673584e+02
2.534139774544151464e+02
2.674211393100744090e+02
2.710543200148975984e+02
2.658193080036058973e+02
2.294839235297282869e+02
2.403748113294318500e+02
2.509052068035135505e+02
2.253075950240234135e+02
2.767543586490846792e+02
2.673039183205663107e+02
2.395470320431060998e+02
2.421231655043488047e+02
2.788157110293789742e+02
2.721521385757617395e+02
2.407037388417714396e+02
2.413765806035806065e+02
2.725224658118822276e+02
2.817141570226613680e+02
2.946635933367344933e+02
2.753866574461682717e+02
2.543364070879662222e+02
2.517109169326619451e+02
2.604488741350932628e+02
2.752332930747220985e+02
2.529650900213487432e+02
2.680787656071867673e+02
2.651057736156226952e+02
2.613061651422510181e+02
2.581831738948506541e+02
2.569971551281982443e+02
2.334961288606435517e+02
2.270541047277447717e+02
2.334367038117606512e+02
2.314410195081391635e+02
2.589836456321996820e+02
2.715118330908802591e+02
2.219927026251172606e+02
2.173290799318189954e+02
2.335831004129444750e+02
2.502169406139023238e+02
2.412847146451036622e+02
2.416144325427948729e+02
2.424345989636380807e+02
2.491499596605557940e+02
2.639033551447366222e+02
2.523229902591244809e+02
2.309007697468541380e+02
2.480755953626310202e+02
2.853471361093548921e+02
2.785846643108268950e+02
2.851517519462557857e+02
2.609474685957060274e+02
2.547670493411910684e+02
2.395711699838169011e+02
2.816900653911545191e+02
2.590205216849087719e+02
2.829288020914840445e+02
2.719800932812958081e+02
2.653515777758785248e+02
2.645549478400205885e+02
2.843052261458188923e+02
2.855247165836141221e+02
2.733868372419974548e+02
2.570689914856089331e+02
2.940687985282302179e+02
2.982377042423207740e+02
2.666319842571730305e+02
2.615292136445560800e+02
2.641871721021951771e+02
2.653968988742092847e+02
2.389402216897606195e+02
2.457256016866392656e+02
2.608796065853695154e+02
2.694163875979891145e+02
2.612606181460309926e+02
2.618647205218688327e+02
2.447335500987844341e+02
2.510258994149066609e+02
2.597706047801273144e+02
2.685097139380458202e+02
2.814722510331150716e+02
2.726021043044494263e+02
2.761988613072144858e+02
2.697845218242756573e+02
2.597536581655921282e+02
2.655570612700681750e+02
2.581561585203413642e+02
2.704433288164199780e+02
2.170277857849363556e+02
2.317512998210853823e+02
2.524025145316020655e+02
2.492683559706952678e+02
2.423538877657401827e+02
2.418991746399341309e+02
2.524624128372659868e+02
2.482728567599889402e+02
2.784879233297014594e+02
2.737139386859412298e+02
2.463056997598485509e+02
2.623869466847873468e+02
2.652722903202320026e+02
2.493508048029935082e+02
2.475802701947731350e+02
2.444097999349546910e+02
2.602916568474969381e+02
2.682921060150723065e+02
2.449097634862395410e+02
2.725472127551922199e+02
2.328195045152860132e+02
2.425573458548450958e+02
2.546711312794391517e+02
2.513405406313185608e+02
2.403124399620472502e+02
2.504514956226013851e+02
2.734933660491465162e+02
2.844680631581184116e+02
2.521778591788714721e+02
2.474062890350818122e+02
2.719913648506392860e+02
2.802333832955966955e+02
2.705528503201024932e+02
2.572398832068789147e+02
2.686602083885059642e+02
2.612329863498577538e+02
2.600442749415856838e+02
2.558385740275702460e+02
2.625172364638666522e+02
2.888790463455129043e+02
2.807187520741938442e+02
2.625359596771075417e+02
2.816101266861238059e+02
2.738358415686716398e+02
2.619554171056931864e+02
2.700073954937780059e+02
2.521527362072371261e+02
2.462659413888304130e+02
2.883433287408162187e+02
2.771610485251230784e+02
2.832367096921640268e+02
2.919175422001397919e+02
2.413406735084148238e+02
2.293334227687684859e+02
2.956966096695091437e+02
2.808638923103455909e+02
2.446716192312406690e+02
2.618634794234915262e+02
2.604945224580124545e+02
2.606100133536633621e+02
2.629248549036876739e+02
2.825690608070933649e+02
2.676401607451614950e+02
2.657868257274544135e+02
2.533906261465853333e+02
2.553050207461558045e+02
2.390232586187724451e+02
2.420763328099610021e+02
2.632590878846319811e+02
2.778929288553171091e+02
2.555544116239676100e+02
2.437287356581173583e+02
2.636128769768714051e+02
2.509507945961209998e+02
2.775258228385741290e+02
2.651650526885877071e+02
3.164900210590474785e+02
2.988249951259098225e+02
2.508190320864476917e+02
2.650847273069902599e+02
2.531479510480764077e+02
2.600106368339687606e+02
2.634226111062745304e+02
2.506330637051691497e+02
2.398913998721544658e+02
2.664449642419623387e+02
2.622084153211605440e+02
2.529063241987810500e+02
2.786626146355931724e+02
2.673319863333809963e+02
2.628080224550715798e+02
2.752386870979013906e+02
2.472103587122197439e+02
2.602788855820098775e+02
2.543229983409601687e+02
2.518009650102232797e+02
2.602657024038144868e+02
2.731454761406395733e+02
2.601775573428175790e+02
2.541407093627294387e+02
3.019561339442066696e+02
2.988924426073873519e+02
2.889137725638620964e+02
2.692804549476238094e+02
2.793377114381084425e+02
2.729255497203466803e+02
2.619245803570622684e+02
2.688505028702547293e+02
2.536416868527768145e+02
2.576863942751646732e+02
2.694319391937013961e+02
2.672150978984510061e+02
2.281210846029385948e+02
2.269690499484657380e+02
2.402285421896586115e+02
2.300458409297241360e+02
2.559560584113962989e+02
2.396505032941485922e+02
2.635927668636613248e+02
2.469668060996413033e+02
2.418265187965406824e+02
2.251672622506640664e+02
2.330016440265098367e+02
2.270708108758068704e+02
2.501387059520036189e+02
2.414286383092282051e+02
2.556251913322212488e+02
2.678813306632212061e+02
2.495666599400383063e+02
2.425618910737056524e+02
2.396682322783004224e+02
2.315260831941339745e+02
2.409139505816573319e+02
2.371040162774852149e+02
2.606125951413268353e+02
2.667943499313757343e+02
2.485107659650132348e+02
2.484776968784026963e+02
2.656964841281622398e+02
2.654474234713068199e+02
2.751949382380515203e+02
2.743743751332937677e+02
2.340659621381066131e+02
2.307691809757332067e+02
2.521590554851220816e+02
2.496151635761589773e+02
2.536986630355629302e+02
2.454116834333120494e+02
2.569540109474909855e+02
2.634776566398513182e+02
2.470743844080947724e+02
2.467216712796052889e+02
2.711665818684674605e+02
2.550990353451643671e+02
2.217134761327303067e+02
2.209572196963738122e+02
2.649928903021544784e+02
2.646631571504530598e+02
2.636979828820901162e+02
2.699896829924195458e+02
2.510447648308941950e+02
2.683619731991007029e+02
2.729074396113077228e+02
2.781369959180727847e+02
2.714412253082071516e+02
2.609272120462986777e+02
2.571264650257775770e+02
2.636712808739829370e+02
2.632708274721011321e+02
2.577751086684393158e+02
2.575569697622370882e+02
2.392758377729785764e+02
2.973664587358247218e+02
2.576713071560953949e+02
2.755009284729883916e+02
2.713305258170620391e+02
2.759801545632092257e+02
2.600029519641663569e+02
2.566116503614990165e+02
2.488183103860434358e+02
2.809786588986138440e+02
2.827793844844987916e+02
2.656655366910882776e+02
2.624294259283403790e+02
2.870076711797026974e+02
2.706419079300785597e+02
2.549724873640111298e+02
2.601350069554702600e+02
2.620397212259616140e+02
2.688542632180335090e+02
2.552802092506571512e+02
2.533106476291816307e+02
2.687850911493674175e+02
2.770505569111949740e+02
2.537271982158493699e+02
2.545611627077454386e+02
2.229751151549139934e+02
2.379934547682299524e+02
2.578117107637081062e+02
2.779274583102009046e+02
2.707096315139461922e+02
2.696740728572195280e+02
2.644474505104716400e+02
2.740212814760127458e+02
2.330329403698591477e+02
2.519066373579908031e+02
2.820894237253627352e+02
2.829263453936621318e+02
2.741171054641791329e+02
2.694082145327987519e+02
2.815162283020388259e+02
2.804693732579390826e+02
2.746223452928984443e+02
2.824349569597918617e+02
2.724638280710249205e+02
2.751314448767930116e+02
2.551924920507607908e+02
2.559350640225845268e+02
2.077707604649295661e+02
2.202617025537527411e+02
2.705143573401167032e+02
2.934443263150516827e+02
3.016202930945944445e+02
2.984624200739993398e+02
2.934261390879719329e+02
2.746202574545061452e+02
