6.072650627177672789e+00
5.770903684461365479e+00
1.841668421828020641e+01
2.050611391905894720e+01
2.806280411323152535e+01
2.885408188666712448e+01
3.614655938008005620e+01
2.966173969461232218e+01
2.559059498557578038e+01
2.309643691113703667e+01
3.743003567360777595e+01
3.930406827751518506e+01
2.047428734747074586e+01
2.876854339013699757e+01
2.346954267633082480e+01
2.933253247530297259e+01
2.575466689057736147e+01
2.875839278691604051e+01
1.858898154807227598e+01
2.048044729706960254e+01
2.357621381833743612e+01
3.394725603550845960e+01
3.767554521658721001e+01
2.560274194532608050e+01
4.751177322389599311e+01
3.986751208032893601e+01
4.794033506925023858e+01
4.417102869165429979e+01
3.226069277538842783e+01
4.601006158372007349e+01
3.076597912049301797e+01
2.912503698097432903e+01
3.726886152274536101e+01
3.533572602849208266e+01
3.253411563626898584e+01
2.256007519039308917e+01
3.848911063349256523e+01
4.170452479091677134e+01
2.988291593705189442e+01
3.303189300647435545e+01
3.706957074112929718e+01
4.341743588544290589e+01
2.073898191099212340e+01
2.707038923272089548e+01
1.176267087723981852e+01
1.777071322046827007e+01
3.427269100562380544e+01
2.210392550056171146e+01
2.489331116685844592e+01
2.565543698398523276e+01
1.894051191179844196e+01
2.152349935635237088e+01
3.109720827683356603e+01
2.702914384763257871e+01
3.239864320995697966e+01
2.140596459801161799e+01
3.152453311777798461e+01
2.886828269918532897e+01
2.201977678160841023e+01
2.757768125748566135e+01
4.036487595267236372e+01
3.846404520905918645e+01
3.941798732403522365e+01
3.401079626295582159e+01
1.681955480950417581e+01
1.844897762645410566e+01
2.934247622969021307e+01
3.391268234816340055e+01
3.395551931547963420e+01
3.099641495916092993e+01
2.275290377437078959e+01
1.343646925341223763e+01
3.936269676968196052e+01
3.756304213146604809e+01
4.061693376060076588e+01
4.043205890188984597e+01
4.207922808873025389e+01
3.095063816788192312e+01
2.659437404801097671e+01
2.341058638542862624e+01
2.186177105416581767e+01
2.356554789798767757e+01
2.995047589315695191e+01
3.165930837914739726e+01
3.330112513649140737e+01
3.082245176554630461e+01
2.398483757790101478e+01
2.509853688509690173e+01
2.840172329013553210e+01
3.025212120938636318e+01
2.936765184730395006e+01
3.870588757340065200e+01
2.813140883625000299e+01
2.881481990386906489e+01
2.949430815941223827e+01
2.832236869003029867e+01
4.745337888097671453e+01
4.578327813830841819e+01
4.021923535084066259e+01
2.590808042447637405e+01
1.903920414456179344e+01
2.407674252046315289e+01
2.275310993966749962e+01
2.072241052546212359e+01
2.041733689750038039e+01
3.411116763753369696e+01
3.303426476536097312e+01
3.744228087711513098e+01
4.153108816803247549e+01
3.609401003232694194e+01
2.663725344655575356e+01
2.831133726089255376e+01
2.773280919717303661e+01
4.156270022083658944e+01
2.633186679059528501e+01
3.458598372563451306e+01
2.904096490861669366e+01
2.654368323273659058e+01
2.870689591589537315e+01
2.947788229352012479e+01
3.946566585638156255e+01
5.038633896003953794e+01
4.717355222945099058e+01
4.107975415501070415e+01
3.399659422412246812e+01
4.839198040467792339e+01
2.306028454682582662e+01
2.183326347773796527e+01
3.352610553135077254e+01
2.591468294403997774e+01
2.509100926467359471e+01
2.583390211944101367e+01
3.743077896202550647e+01
3.055196330488955070e+01
3.968544221169985065e+01
3.720819430473802925e+01
3.192472846775914874e+01
3.813785683452266539e+01
2.686036832836624200e+01
3.042125178806784902e+01
2.527208039787050708e+01
2.128495829089625246e+01
2.495520457294613692e+01
2.929361954610849850e+01
2.336823378773877025e+01
3.308290400427843281e+01
2.989504571167792690e+01
3.180205121434983084e+01
3.403905437589973104e+01
3.627506068915276671e+01
3.354326835434742549e+01
3.981484372757580559e+01
4.282249789673086582e+01
5.329615179251473478e+01
3.976051586336301114e+01
3.570398298287602046e+01
3.269004077639485217e+01
3.509446385950597858e+01
4.037046165847484502e+01
4.344328371277295275e+01
3.329536197090554595e+01
3.978584932735435586e+01
1.029875990943964723e+02
1.073384790447635169e+02
4.225528091591675661e+01
2.788219358314287533e+01
7.081318484386194712e+01
1.372115157573465183e+02
1.510047116743723734e+02
9.530254737369888574e+01
6.000432235834234262e+01
1.202872161849519870e+02
1.133985518380017794e+02
6.717887493865202941e+01
5.013627461344075442e+01
5.262311332855039581e+01
3.517260025697841286e+01
3.628972738534568521e+01
2.932962223914936928e+01
2.618426604591088847e+01
3.372025085562135160e+01
7.936297426640118147e+01
1.102142614668484129e+02
1.289497291856336005e+02
1.344572889627592076e+02
8.673307850712878064e+01
9.199034084078098772e+01
9.143740745499687250e+01
1.033007853980379025e+02
8.265480754200689262e+01
6.052354980246821015e+01
9.046867150678531289e+01
1.406484495869302407e+02
1.913476369441750364e+02
2.293059400844943241e+02
1.870830304328119951e+02
1.317043356279384625e+02
6.768635679975082553e+01
1.201192690850924834e+02
1.626455453746773401e+02
1.536268447913176374e+02
1.299007774791920440e+02
8.287893112402335305e+01
1.822394062919756266e+02
1.994663917330719300e+02
1.571859563395915984e+02
8.143236565514894210e+01
1.388019942401362812e+02
2.264313903299145068e+02
2.227222075755751973e+02
2.315481803495511315e+02
4.670062299704674302e+01
1.963461709431598194e+02
2.788010805244323933e+02
1.199489115243776212e+02
1.486402482021253491e+02
2.563029040594871617e+02
2.177606299122730604e+02
8.520401411441200423e+01
6.866676630793033098e+01
8.822827365960759494e+01
8.105116142100958143e+01
6.254839674960652474e+01
7.277789840475769267e+01
9.040264749184369464e+01
1.421748121701483569e+02
2.063952690548291287e+02
2.188731204675582660e+02
1.460232379539427257e+02
1.111648903784226263e+02
1.587341668117882136e+02
1.634444719938639992e+02
1.569209608870483237e+02
1.238608035643736827e+02
9.924610659308791583e+01
1.018957858268105241e+02
1.343091817924195936e+02
1.750720295925745518e+02
1.580152037694584237e+02
1.674582726228333058e+02
1.652507201753930985e+02
1.076009069151867408e+02
8.598877978655652043e+01
1.389088372452044950e+02
1.172691738232028769e+02
1.015930421037791831e+02
9.517685996758599742e+01
9.958679455756599452e+01
1.193973258311885530e+02
8.866782348115727075e+01
8.570134434284909730e+01
1.663681085137525599e+02
1.801233664374607315e+02
1.641335669191269631e+02
1.397217012110084795e+02
8.967985282785696199e+01
8.049097474605132163e+01
9.343662343383481073e+01
9.331302349328397838e+01
9.050980347386645519e+01
1.235095270124732139e+02
1.091621530860903846e+02
1.060593011064908779e+02
1.042387908141626269e+02
1.405172163372323269e+02
1.751750799687880829e+02
2.299344431272229201e+02
2.246573201259170673e+02
1.733300752264093489e+02
1.596345894396228005e+02
1.756548056852087143e+02
1.627467245240707427e+02
1.565068395141678081e+02
1.264962857441031900e+02
1.395913789047071134e+02
1.787050385789541167e+02
1.921926071906515858e+02
1.729556047236283973e+02
1.430469979460051775e+02
1.225027900596538899e+02
1.154804091814644380e+02
1.313444424933444452e+02
1.386739124093590760e+02
1.039031197654642966e+02
1.070843990953602543e+02
8.489458796217451209e+01
5.750697576617287154e+01
7.941483186023168628e+01
7.953377139102020976e+01
7.133546746248443071e+01
6.834516749355233856e+01
7.470912404513349259e+01
7.985439023873777842e+01
7.100637327455046943e+01
7.867379944413185910e+01
6.318012568901848169e+01
7.278345712634704512e+01
8.790808538108180414e+01
8.121517357477658550e+01
1.120915570313961354e+02
1.050799343660125089e+02
9.837698647008663499e+01
7.639704888155145568e+01
9.265526927078994390e+01
2.154196569192371555e+02
2.787519633351653283e+02
2.213595998952248181e+02
1.297524568884563791e+02
1.163984517664328990e+02
1.425554482711840762e+02
1.077572810669907284e+02
1.114265340985908210e+02
1.075277185263948354e+02
6.908400640724337904e+01
7.233568566733437422e+01
1.175631318303981203e+02
9.295219986885769003e+01
1.100867908446435024e+02
1.127021307222179587e+02
1.076505880040951979e+02
1.019395092541458894e+02
9.014713171894996435e+01
1.207710560856558999e+02
1.432000924865078559e+02
1.706647599794611949e+02
1.331616695389155609e+02
1.186943645333928856e+02
1.092236250934043795e+02
1.024425053088683057e+02
1.329460060029384181e+02
1.254497976998608806e+02
1.363327904642012243e+02
1.430289289686893994e+02
1.450661651255313984e+02
1.334614232116866788e+02
1.377650307513460461e+02
1.359924160761954113e+02
1.290618171760866062e+02
1.070081355233755005e+02
9.534843544722460251e+01
1.085417733493754753e+02
1.265414252089376674e+02
1.433443025115184923e+02
1.334822438105281037e+02
1.511022965134498861e+02
2.138756638581712366e+02
1.947743588948056015e+02
1.828200755244113509e+02
1.820330903913854002e+02
1.745602968982340997e+02
1.366869908992630656e+02
1.427154013256772487e+02
9.697726745954415151e+01
9.566494896499425238e+01
1.391012351702493675e+02
1.434403261704316321e+02
9.357173605295155028e+01
6.401545042936474772e+01
8.575059096176293849e+01
7.718266949161223067e+01
8.040436420798056361e+01
7.072253061472839875e+01
7.041905813386601665e+01
7.575986030127600657e+01
8.729394473176709823e+01
1.020446040663263290e+02
1.251165402346591975e+02
1.111321620550370000e+02
8.728292752684505729e+01
9.273575271719295188e+01
1.138816279916366909e+02
1.093198463542869661e+02
1.238371477845745403e+02
1.133318697113708566e+02
1.111457057351245510e+02
1.039034874059987175e+02
1.074239285581724630e+02
7.825523576899374234e+01
8.790836352954255517e+01
1.106756502625823657e+02
1.271399724916761329e+02
1.294719561611548500e+02
6.999505226761588972e+01
4.789567604455074701e+01
9.111773146087696773e+01
1.110023027592897478e+02
1.073278197244984398e+02
1.154036205646862925e+02
9.292479939634591801e+01
8.117035652968517923e+01
1.080234082198610253e+02
1.201585146261436563e+02
1.016503612719434244e+02
1.039203330734108306e+02
9.312347335682383687e+01
8.119891199877356769e+01
7.204575716958244413e+01
9.672870201399483392e+01
1.408838141608968328e+02
1.633310070517304098e+02
1.367737397649945592e+02
1.167416025676382674e+02
1.131569641878549675e+02
1.114969868794630798e+02
1.033062212528006683e+02
1.357451997312622041e+02
1.298609491641739453e+02
1.435487200802838288e+02
1.118224808238191912e+02
1.114492597854949594e+02
1.332228921714451815e+02
1.425486511259069857e+02
1.640880251355673352e+02
1.781288518004674017e+02
1.965329184241764153e+02
2.177058372648217812e+02
2.748064701842444606e+02
2.669927887001970817e+02
2.213439936659808041e+02
2.642226489035870713e+02
3.558806807607037399e+02
3.780649512885196373e+02
2.578004080874528086e+02
2.125160515270443113e+02
1.596278106708612086e+02
1.847527589650056541e+02
1.731768103197807136e+02
1.785886946897632868e+02
1.659770682154009194e+02
1.829667029563637186e+02
1.609937893052785682e+02
1.610947713941920085e+02
1.449682712136862506e+02
1.470370505990996435e+02
1.478987323556699494e+02
1.363510151185506345e+02
1.320863865380976279e+02
1.328724090969779468e+02
1.432833519857937290e+02
1.522471628425711287e+02
1.590427257812860944e+02
1.416542324951073226e+02
1.416258834922413143e+02
1.259024258052884306e+02
1.251076488142875007e+02
1.465334710497418769e+02
1.265435655002345925e+02
1.338703321139418279e+02
1.785794778589423686e+02
2.179730544674779935e+02
2.352755916635723850e+02
2.317180033552557745e+02
2.239554757697747789e+02
2.091845425806733374e+02
2.063877234445178317e+02
2.225737111879605550e+02
1.949541258623936244e+02
1.946059667564474580e+02
1.606695057026026348e+02
1.636068663777415395e+02
1.606015156357707667e+02
1.553031950657385210e+02
1.723720404434747024e+02
1.597200061814115486e+02
1.443014177941198568e+02
1.295840762380640285e+02
1.113779735603162919e+02
1.028158392523998970e+02
1.181798920990172519e+02
1.231821089909751095e+02
1.441446825064349468e+02
1.375093846280088599e+02
1.174392761642511260e+02
1.113697372801059942e+02
1.421277032035401930e+02
1.932073738820576807e+02
2.219367368803625595e+02
2.388636939095786715e+02
1.819711339229621956e+02
1.820240940730445232e+02
3.167120132997584960e+02
3.256202639173282023e+02
2.229237173750962597e+02
1.626107408286015072e+02
1.689581801662671694e+02
1.656609141283955182e+02
1.107821283155361272e+02
1.078300329719868813e+02
1.289241537588431186e+02
1.504244545231324253e+02
1.821589092107200543e+02
2.403032755264038371e+02
2.348413955713806160e+02
2.275948732747389158e+02
2.345558637842289045e+02
1.898981878147594671e+02
1.669788839904322515e+02
1.619093701220366484e+02
1.635570749261377443e+02
1.639607589551702063e+02
1.308192607090326192e+02
1.238262684054650720e+02
1.456315973079725268e+02
1.994612670524331293e+02
2.273076577395749780e+02
2.545031192641347388e+02
2.326578870359201119e+02
1.855185205881883235e+02
1.610055650598791601e+02
1.608677811839011156e+02
1.842619619118343053e+02
1.806861815103040669e+02
1.767499788465825645e+02
1.643205927743351538e+02
1.669818094859526241e+02
1.834533378215320738e+02
2.376917000460050815e+02
2.701685988781003402e+02
1.884161372651806801e+02
1.215134484726147690e+02
2.176411768549143915e+02
1.725900766388224383e+02
1.375277572894698608e+02
2.587186672284778410e+02
2.750795941273445351e+02
2.715894227128152352e+02
1.957422657164832458e+02
1.461975675548848130e+02
1.530286598588390063e+02
1.439945230876204789e+02
1.196590905018396569e+02
1.119367503806925299e+02
1.241040175895298603e+02
1.223126309070222959e+02
1.468869136726054592e+02
2.410482073801658487e+02
2.279613809209839133e+02
1.780539262040273343e+02
1.546533323538030800e+02
1.599013062115750756e+02
1.068538291304837742e+02
1.643357311457384355e+02
1.361825088615377410e+02
1.215281814844577184e+02
8.322125364994590768e+01
7.120879460364832880e+01
1.276646951842223956e+02
1.738643992390015853e+02
2.171183012619225963e+02
2.321225893168245307e+02
1.329756046721652183e+02
7.327037669398792730e+01
1.673884244639370706e+02
2.152567935857044858e+02
2.140984426542447636e+02
1.757188009221360687e+02
1.202879019954984869e+02
1.159410682270198976e+02
1.519330510028126753e+02
1.968085151654606477e+02
1.518766225997796084e+02
1.462645654356669240e+02
9.275263359879774328e+01
9.275777882559189891e+01
1.367407320202332812e+02
1.424684060127253815e+02
1.247390768598723838e+02
1.523743538425524662e+02
2.116176155555390892e+02
2.193410769078383566e+02
1.705088052875925086e+02
7.318348913205215922e+01
1.856494373894495027e+02
1.373743162134463489e+02
6.417410994250055012e+01
1.073477972013283619e+02
2.142077028976518704e+02
2.459199497554894265e+02
2.152493005417004497e+02
1.873309509916961133e+02
2.086995489029770567e+02
1.958131649431707615e+02
1.868286009777099537e+02
1.785280195299265813e+02
1.940994050287237940e+02
1.529753100663018586e+02
2.403379120041637407e+02
3.554114368484929969e+02
3.555986708657645181e+02
2.594241805941138637e+02
1.853152881779295456e+02
1.456086949078566875e+02
1.189657583247702632e+02
1.088895755713081286e+02
1.051883112369871753e+02
1.206403269077631819e+02
1.376763266865083892e+02
1.349079586235170041e+02
1.808959870239297345e+02
1.804833448893961929e+02
1.810850334227470455e+02
8.894502136128477332e+01
1.440581958198285975e+02
1.642906908859862085e+02
2.111281170867124786e+02
2.086267539135359925e+02
1.713989936637727851e+02
1.498713038919883331e+02
1.428890613378905812e+02
1.265023355102095195e+02
1.195723693949006190e+02
1.437359982038919384e+02
8.830357816785350167e+01
8.290814942725523906e+01
6.858807066325580593e+01
7.399939024452521608e+01
6.886722952517402518e+01
7.546429699100274036e+01
8.434930147205655260e+01
8.658399439197569336e+01
7.983921025007497008e+01
9.020543048870088398e+01
1.527367902466747296e+02
2.609597189485834292e+02
2.460004406130981351e+02
1.693148431874770949e+02
1.353085032065168889e+02
1.372364161949377603e+02
1.841788200099441326e+02
2.004567607685288806e+02
1.864411135224665657e+02
1.452609157702113691e+02
1.334717607834826367e+02
1.123647728925783582e+02
1.093181661785515217e+02
8.133341249399299500e+01
8.501901954974128728e+01
8.262572623511593406e+01
9.721751316183008385e+01
9.660702251795399320e+01
1.037315311753357037e+02
9.754559149562221876e+01
1.136973246069917849e+02
1.120593651817369647e+02
9.595688946074662340e+01
1.079810278225470341e+02
1.083655706909852228e+02
9.230063428121708569e+01
7.390899594037730935e+01
8.097680055657129117e+01
1.021600581365121485e+02
9.796192936991131717e+01
7.468672616786044216e+01
6.592446948218456271e+01
7.277633550354347847e+01
8.974900867386801906e+01
8.623467193393221919e+01
1.009651175131149756e+02
7.889765590193495370e+01
7.235932524885697603e+01
1.463917929398825493e+02
2.175285533123893629e+02
2.239790422015542788e+02
1.492776912355394643e+02
1.021661431861948870e+02
1.030407140234976140e+02
1.248851464797119064e+02
1.267931589216893684e+02
8.335567421854140946e+01
9.964467672581739066e+01
1.106533384035233638e+02
1.249478029106302728e+02
1.567230449146533147e+02
1.511265661215535090e+02
1.633520885072150293e+02
1.740554799093824840e+02
1.611675951535743536e+02
1.690687414834274023e+02
1.677086018677512982e+02
1.741818995443447875e+02
1.655880901962529776e+02
1.969614162864987179e+02
2.404354417873524596e+02
2.496081190733625874e+02
2.434837553477525489e+02
1.909085481417212975e+02
1.763504359065698850e+02
1.830903513645184830e+02
1.824951660199795924e+02
1.783345217304249957e+02
1.838443927349850355e+02
1.659286024581453489e+02
1.654297017748240819e+02
2.223575900985977682e+02
2.776837684241089050e+02
2.871164650920285339e+02
2.552182423789986103e+02
2.214267259977131630e+02
1.851626980936487996e+02
1.941559471504409657e+02
2.172415863862820231e+02
2.191740875115835649e+02
1.888060040789794130e+02
1.710849441558830222e+02
1.750351532227292921e+02
1.965922020422445087e+02
2.051783811959353727e+02
2.189742486967913635e+02
2.506808428092123222e+02
2.570108389766866708e+02
2.337670647904133716e+02
2.448182944065658262e+02
2.818783117291387725e+02
3.083017485744026658e+02
3.035184375883973189e+02
2.904227473328174369e+02
3.212214536939769687e+02
3.079796480010238611e+02
3.279112798748592468e+02
3.316663824537277492e+02
3.411343937823098145e+02
3.482321125200426764e+02
3.828955321535577241e+02
3.953890838878081126e+02
4.282727905960319958e+02
4.226530569102960158e+02
3.877688980573886965e+02
3.940860632732468503e+02
4.229672043932787346e+02
3.955319122181212492e+02
3.853011881895001238e+02
3.650799571109896533e+02
3.554035491059793230e+02
3.551356541039835975e+02
3.496224187487594577e+02
3.382772739495657675e+02
3.296055850961319038e+02
3.313557178386006967e+02
3.241983255040091194e+02
3.580461198450483948e+02
4.060098278677228905e+02
5.430799938475020099e+02
5.624791475803285721e+02
4.834837268986248091e+02
3.900293248807342366e+02
4.144561307373074328e+02
3.530999703359345858e+02
3.920855120014155659e+02
3.171983790326237909e+02
3.560436277594415628e+02
2.844572466525630716e+02
3.252818990077129797e+02
3.350598910307004417e+02
3.756065793808862168e+02
3.996595034989907163e+02
3.995376167813621464e+02
3.577942478755444995e+02
3.231125597138249645e+02
3.080613720930293198e+02
3.205165522419840727e+02
2.968293619116786317e+02
2.910732163117651226e+02
2.744640099308408594e+02
2.944609392997264763e+02
4.190402773445872526e+02
4.693806634731247414e+02
3.707346178760418525e+02
3.339579013531804890e+02
3.146062579439731621e+02
3.141188166419549361e+02
2.983953376515402738e+02
3.199237942733566342e+02
3.343337539970582952e+02
3.258063803997511627e+02
3.031894134280233288e+02
2.876974075322518729e+02
2.986915770067433300e+02
2.924169094934863438e+02
2.740129461063206122e+02
2.890088709362447048e+02
2.888443017152334278e+02
2.908887064531444366e+02
2.611717407181134831e+02
2.504322306013577020e+02
2.571875785103797512e+02
2.623585829799812359e+02
2.818987557263600934e+02
2.585100050955824713e+02
2.566967714794520816e+02
2.695854947148500287e+02
2.806489421889420441e+02
2.939076336278157555e+02
2.734079401851081457e+02
2.734357210352306993e+02
2.625102495967276468e+02
2.896598865284001363e+02
2.864712121487262948e+02
2.838649951886302460e+02
2.711609410212300304e+02
2.707192145067789966e+02
2.978658113518603159e+02
3.106941422576281866e+02
2.876968430074371099e+02
2.907987191188259999e+02
2.737171335864192656e+02
2.838563036711161089e+02
3.250323640169352757e+02
3.112223395651126339e+02
2.857806012500217889e+02
2.924497690638933705e+02
2.962411859748330585e+02
2.728336717755790914e+02
2.676903524323863053e+02
2.847368301321669151e+02
2.808554276654469390e+02
2.575654865879533872e+02
2.544945562098962739e+02
2.444763598802840079e+02
2.110592428973187964e+02
2.346919409887132133e+02
2.283548138551668956e+02
2.190064143815006901e+02
2.043225264959449703e+02
2.204809442377715811e+02
2.148389003892825713e+02
2.547039712817727946e+02
2.587728735674998006e+02
2.535008748533110747e+02
2.317077047115451762e+02
2.137539070858435934e+02
2.165691849210526811e+02
2.075391984867713120e+02
2.039710195518755427e+02
2.273889380757038623e+02
2.348435059283654880e+02
2.148235938413761517e+02
1.753248198266492466e+02
1.577702401908807701e+02
1.937754187480157100e+02
2.353317207129414328e+02
2.242184869059620951e+02
2.081880266083993263e+02
1.979444840932718535e+02
1.827905039680895243e+02
1.601081724517988505e+02
1.669740221428140217e+02
1.675878308995203554e+02
1.737463730404043645e+02
1.596747142300784503e+02
1.615445219511753692e+02
1.636527117653084815e+02
1.849030663193886141e+02
1.886751027265856351e+02
2.008547892790383855e+02
1.710559191161999024e+02
1.293386206208267879e+02
1.575502804141789568e+02
1.647987037582252015e+02
1.242271934593564424e+02
1.398853666175228625e+02
1.694684756355295008e+02
2.122193720381764308e+02
2.065280938237242765e+02
2.103232330312462750e+02
2.099521205534014712e+02
2.287823571102286166e+02
2.162084551686485270e+02
2.593198366049886658e+02
2.538793024361393975e+02
2.645779100716681000e+02
2.661052637563727217e+02
2.453275739713157009e+02
2.598761367748074917e+02
2.478419631556082265e+02
2.319822631216381978e+02
2.393985515961440456e+02
2.071462197525969202e+02
2.158055239491804969e+02
1.963028578034389682e+02
1.991244608632530628e+02
2.090603571370632494e+02
2.107959587785442466e+02
2.150581642344206728e+02
2.388928747171697466e+02
2.584938573975872487e+02
2.359065368439626695e+02
2.157251545512153257e+02
1.985329009376782494e+02
1.893608956275577100e+02
1.900998940562548398e+02
1.638975095462803040e+02
1.582151966047322276e+02
1.893089248681022525e+02
1.958444199544052822e+02
2.142059279755723651e+02
2.328275616600782598e+02
2.210989075823824521e+02
1.993237170479869462e+02
1.873565630453139761e+02
1.931849745753695231e+02
1.923131985523411629e+02
1.867929698159497605e+02
1.921506602262230956e+02
1.857157531016600558e+02
1.592932602767801598e+02
1.727083751468876187e+02
1.467803035067213955e+02
1.480158823681621811e+02
1.486715893719356529e+02
1.715620996258684841e+02
1.901334596186094643e+02
1.670594747279495778e+02
1.114387873878560953e+02
1.471401004514090403e+02
2.122774135418716810e+02
2.674241278839853067e+02
2.702863488709963917e+02
2.585123755162625798e+02
2.097644678947380044e+02
1.583845492873709588e+02
2.009717251784923349e+02
2.552678298238389800e+02
2.549055364169284701e+02
2.555896718158835768e+02
1.960424291267423769e+02
1.817318851306488057e+02
1.986860007947362305e+02
1.980113827932894992e+02
1.945018234325283970e+02
2.038067772550476775e+02
1.921209165073003931e+02
2.161160946605040749e+02
2.863515012525710972e+02
3.280243726174059589e+02
3.206365652656834868e+02
3.515005805445284182e+02
3.334536641168779170e+02
2.869955545757984510e+02
2.238109934854135190e+02
2.030741258770246418e+02
1.912786736111319499e+02
1.751786920060405919e+02
1.526004347190924761e+02
1.674313861459947077e+02
1.854556821014469392e+02
2.085911181693605840e+02
2.087920692742315509e+02
2.331983062517896883e+02
2.213842573253573391e+02
1.927977876423135797e+02
1.867209741230663553e+02
1.868612038191862439e+02
1.847278056916635478e+02
1.879548665425184595e+02
2.021352311479471950e+02
2.470815026478762775e+02
2.716684970035067295e+02
2.396196990930339723e+02
1.910947265459542450e+02
1.762284156817277960e+02
