4.412044344368533544e+00
8.008697139004446797e+00
1.809165774574281471e+01
2.069710596071809761e+01
2.335648489097610536e+01
3.688730999416657141e+01
2.644450968786819800e+01
3.273255825361005122e+01
2.909286478368321127e+01
3.254630057064381532e+01
3.320874968049175635e+01
2.845021475034526759e+01
2.368233996364854121e+01
3.137428560937170730e+01
3.633111467217983659e+01
2.711501938055193861e+01
3.173725531696666380e+01
3.298273214609035620e+01
4.985044803237734357e+01
3.293139070980429040e+01
2.447086637548451549e+01
3.250113451955364496e+01
3.372476593233071185e+01
4.273896506426137165e+01
2.516785902232633276e+01
3.444899540009653549e+01
3.698252645745252920e+01
3.680275893742461335e+01
3.758737189752041274e+01
3.008000137543243113e+01
3.518017807838677413e+01
3.064678602952105990e+01
2.407097168542845722e+01
2.691282896141815328e+01
3.065533366893137313e+01
1.421833274113153678e+01
1.958738253743948476e+01
2.327377316129313556e+01
3.300913668408816193e+01
3.597228025625578596e+01
3.623084006304559068e+01
2.755880447094289210e+01
2.050717311299831636e+01
2.798543361913216643e+01
2.677270999721690714e+01
3.012319610875673703e+01
3.953905298963444892e+01
3.005998646077059178e+01
3.504446485831944358e+01
2.919274512939865929e+01
3.215463795747194098e+01
3.557264171684099097e+01
2.842132454828358235e+01
3.723166696141918663e+01
4.267367815498916883e+01
4.638195746367829031e+01
2.612777410104324716e+01
2.784381626267806098e+01
3.444576893662134154e+01
3.610186544704323097e+01
4.368640514494997973e+01
3.697913972873931954e+01
2.673555679259545670e+01
4.132979636794430434e+01
1.739716027812655597e+01
2.599000873884790153e+01
2.722084909620163984e+01
2.627189087961725633e+01
2.751057180997696250e+01
3.246233518391566264e+01
2.900320159553833932e+01
2.287029357053678424e+01
3.699580695643409456e+01
3.687340005067091653e+01
3.701823810933157688e+01
4.600482673555113422e+01
2.730752522874897537e+01
2.172161104674168186e+01
3.330393613650143436e+01
3.478872320635132098e+01
3.644249872974174309e+01
4.345758076452744234e+01
3.280958718526227358e+01
3.654501242297302355e+01
2.071547958371295550e+01
2.682046611749120402e+01
3.528532430344202453e+01
3.617247625947565126e+01
4.668004653122017800e+01
3.374449482907112241e+01
3.559343277943595751e+01
3.403323809428824376e+01
4.295771546070515257e+01
3.759755194699307879e+01
3.029523230290813629e+01
3.277527909575317722e+01
2.332407045394039002e+01
2.427405132889557393e+01
2.102031390518732934e+01
2.033004545938500485e+01
3.343026803821378223e+01
3.769393459050191808e+01
3.096123907658370555e+01
2.880902927580129003e+01
4.110212412573962837e+01
4.177175793327023001e+01
2.742050279191206386e+01
3.775883592327326710e+01
2.426074081028761142e+01
2.436378475371932595e+01
3.159423571988600798e+01
3.547697006549969956e+01
4.409009446669968924e+01
4.099293743163265447e+01
3.322163032283518902e+01
3.738573201509574062e+01
2.290800455825077719e+01
4.271584686725111624e+01
2.909610108621247448e+01
4.069111305057067085e+01
2.072177438301256558e+01
2.343746103261464597e+01
2.636230887926696198e+01
2.152729141146695113e+01
2.304295949394473553e+01
2.104964243020787507e+01
3.490050861133583737e+01
2.726749921900575302e+01
1.723419203382724874e+01
2.304537630606653309e+01
3.898689249037749249e+01
4.223911102550965779e+01
2.866299823079675591e+01
3.507341586534459310e+01
2.964125511900246579e+01
2.632986010102066388e+01
1.583758382451211943e+01
2.326706695643720124e+01
3.931809229448567322e+01
3.051364989789508897e+01
3.069966009768134896e+01
2.529778257826069776e+01
2.057148217626873787e+01
1.495008893197356059e+01
1.699399716251736336e+01
3.968631955824750435e+01
1.293003228766810508e+01
2.583850487072482593e+01
2.812173905028974374e+01
2.932683529360527430e+01
5.169933200271459128e+01
3.926310933551025073e+01
4.016251351436282135e+01
3.530027085629050276e+01
3.904130469491302335e+01
3.331303339571215361e+01
3.783064494808749600e+01
4.607406707053711870e+01
4.455234529098617458e+01
3.667804751620697346e+01
2.881812128995640521e+01
3.289973395990114824e+01
2.698859304111562096e+01
2.353917815066123609e+01
2.485155292541914207e+01
5.729533339472064313e+01
1.083988547707665049e+02
6.989513391707207290e+01
2.599888355861490297e+01
3.312757729000676221e+01
1.276404653863306748e+02
2.082235092401665497e+02
2.007703590230747466e+02
1.427159450670781951e+02
5.422636129406155447e+01
2.972917670668497792e+01
4.535168623113201392e+01
4.484827074953884107e+01
4.935217514944616823e+01
9.514112426007135070e+01
8.799165483207096372e+01
9.902996825328530406e+01
5.008846348428123463e+01
3.987456819433526078e+01
1.658760357131059777e+02
2.622967452300878222e+02
1.900137712313569125e+02
1.031496754167445147e+02
3.626099288966289436e+01
3.138693923661811525e+01
5.875818870357461066e+01
7.994917649198336562e+01
1.253358861858900042e+02
8.050659562701133609e+01
6.625842013993025148e+01
4.101963849106579119e+01
3.820059119108459811e+01
6.062612508278294854e+01
9.207058494955714423e+01
1.232148058135427959e+02
1.107958829660667277e+02
9.609843352154530294e+01
3.936830188452565693e+01
6.111453065566693255e+01
4.306262535541523562e+01
1.965927500216197998e+01
5.846835893185428290e+01
1.792170846096856280e+02
1.647602157714842122e+02
3.993706391423494040e+01
1.655690042282392085e+02
1.351328836326303815e+02
1.679145804002986608e+02
8.838112749667905632e+01
7.767881822084086707e+01
8.152618780637477869e+01
5.583672285313663508e+01
5.297514297537444605e+01
5.736117925952357410e+01
5.020246316884792037e+01
3.900105115433840552e+01
4.296575204038601470e+01
2.972320736962528187e+01
5.118870544771253606e+01
6.374815450961478547e+01
5.089748541690044448e+01
4.906522704346728148e+01
5.550132850382740912e+01
3.291016669129071204e+01
5.180322026614511799e+01
5.151073454229022275e+01
5.460564723406803722e+01
3.988442326107225000e+01
7.707680804423424092e+01
2.717042464569932747e+01
8.386495737520509408e+01
1.994000801351464247e+02
2.466369617129376479e+02
5.577696443594795284e+01
3.654427479263710410e+01
6.292057405645572743e+01
5.096048612517285648e+01
3.868523387067385499e+01
1.891401474320724319e+01
3.354642843253498796e+01
2.245595031503931338e+01
2.738719303966532337e+01
3.122006077334894059e+01
3.941255879897478565e+01
5.637246954714044023e+01
4.517250883109480952e+01
6.398959144769138163e+01
5.737620673094984625e+01
4.326003492501352810e+01
2.789378990737506570e+01
1.357490175371943053e+02
2.791215833184692769e+02
2.143808160089793660e+02
1.594476239192198079e+02
1.188894796165994165e+02
6.320648371664719178e+01
4.832800184670956867e+01
2.352394881866115028e+01
2.359145381864447799e+01
2.615357979301317215e+01
3.604283271335494021e+01
3.201474419386408243e+01
3.368663633274794478e+01
4.561318832610690777e+01
4.766034361078611425e+01
1.477519859133652460e+02
3.792695589050514116e+01
3.467393473781305602e+01
4.178173221769138479e+01
4.365158774263405661e+01
8.351664611119765880e+01
7.051040346555234350e+01
6.812423865126561395e+01
1.423804009548408089e+02
1.645077036468959477e+02
1.617510811819866774e+02
3.886020146533394382e+01
4.067020002283425839e+01
1.360989339636444697e+02
1.268627974359989423e+02
1.576967551747923153e+02
4.851860574332899745e+01
4.867323220739019263e+01
2.547526175197668152e+01
6.685507926682683433e+01
1.481415857842708022e+02
1.364779547152144517e+02
7.306341432519866430e+01
3.105353352785765253e+01
4.800326512493940356e+01
1.011138205210620811e+02
4.676755990971390986e+01
6.892710690258194006e+01
7.237653548591276831e+01
2.790997560626401608e+01
1.000296452984226931e+02
3.604422324959081436e+01
3.669112428026181760e+01
8.644626446761633076e+01
1.692380100968633201e+02
3.066113741872234755e+02
2.073794752035024374e+02
1.495698938280560242e+02
9.808144764573609109e+01
7.620266045859735016e+01
8.270086050178741743e+01
4.512656981363254971e+01
5.822174061857612770e+01
9.455030891670023152e+01
8.295771970960151975e+01
6.173427748794050984e+01
4.070023174679850086e+01
6.074598963920391270e+01
1.058943274940754264e+02
1.046505128759309855e+02
5.077483697730743728e+01
2.856399870932413521e+01
3.945334254238337479e+01
4.626750665732514278e+01
2.743145623712079484e+01
2.647450022434650663e+01
4.398145738465703403e+01
5.125603514901521152e+01
3.669790951876523621e+01
2.655997427487927709e+01
3.458899656323160343e+01
5.183286273539037126e+01
4.173392986497965751e+01
4.320680271256679816e+01
2.847826420126881786e+01
5.708925468364081013e+01
2.622179477208760190e+01
6.055687048236374892e+01
4.392442768726350977e+01
4.235044582961420900e+01
5.602195083121797836e+01
3.694454785431061339e+01
4.492558186342828463e+01
3.885984985716353179e+01
4.725554607517546657e+01
4.614293419574286048e+01
3.694599786478532621e+01
4.976941847889803228e+01
5.693373972325223775e+01
5.677386765855887063e+01
8.334538051837283490e+01
8.298973742196749015e+01
3.933751175746824913e+01
7.752072144456309388e+01
8.608552421089646600e+01
5.775801154513568747e+01
1.629551640415635632e+02
2.107612254836921579e+02
1.313179244711537308e+02
1.005611888659971100e+02
4.433242901281941073e+01
3.919679201003349078e+01
5.257924245634369242e+01
5.850285822671376224e+01
4.616430358054009275e+01
5.688205546422714320e+01
4.007021771321503678e+01
6.838680616617861574e+01
3.699789450874791896e+01
4.552234793435074067e+01
4.257937670431520161e+01
6.483781800341566282e+01
2.692222218367544073e+01
3.310270182271618467e+01
3.425232756875433893e+01
3.606066299465691571e+01
4.453416700542801721e+01
5.744119576140688110e+01
4.429458955107072882e+01
5.822479569035647273e+01
2.882874307795125546e+01
4.326155215650279473e+01
3.449675365724286991e+01
4.415138939668932494e+01
3.632790888156412024e+01
4.202716903067641141e+01
3.557357520881619450e+01
5.470543554175393552e+01
2.167396981113063248e+01
4.584965594842919501e+01
6.255582573453166617e+01
5.955108654034052762e+01
6.997961595951186098e+01
5.819085269881053790e+01
7.655397855958251796e+01
5.016345088468889912e+01
4.772708545872631447e+01
4.483197601154861900e+01
3.861793298798938423e+01
5.738283455286428847e+01
8.617096070360557292e+01
1.016373725153682841e+02
1.588606489345501984e+02
1.346056901848203040e+02
1.017902246183852526e+02
9.628868088068580278e+01
5.460180148135779632e+01
5.473661402389301855e+01
2.757329752556385216e+01
9.353222298640733356e+01
2.188796238512367438e+02
1.714313529927536877e+02
1.527550871893249109e+02
8.547869689851017938e+01
4.639257583939463814e+01
3.416448546178943957e+01
1.103643758304003057e+02
1.187757587779431674e+02
1.184467536811555277e+02
6.776949255852730403e+01
5.922635558837415459e+01
4.766673292837057119e+01
6.050836721258169604e+01
2.999533626551626853e+01
4.943944108461047193e+01
4.124276506389388430e+01
4.784682443275654151e+01
8.670770826432739398e+01
9.803389409395735754e+01
1.276954917323093781e+02
1.284209961827692155e+02
1.095509066415162636e+02
1.452261027443340708e+02
9.170499837934431753e+01
8.047309183979447766e+01
4.118409217796518362e+01
3.007248134896741831e+01
3.141193748379972561e+01
3.977659215135938098e+01
3.701390196662505616e+01
3.586252039919587986e+01
2.602022120417499096e+01
5.373133406492832620e+01
3.436280496084284408e+01
3.451420694174696280e+01
9.076263735831297197e+01
1.341821759471163489e+02
1.624060179116061704e+02
1.138499474723278695e+02
8.755595288013272182e+01
5.055338980634019919e+01
5.111378137868837968e+01
5.886306153299703681e+01
9.935749913326745286e+01
1.055154683883724971e+02
1.711388747518961964e+02
1.316927175642199757e+02
4.265975371053406207e+01
6.651032700671223097e+01
9.651365468425446181e+01
5.136726504397918092e+01
4.663326092034862569e+01
6.236816063165853308e+01
1.048548763704628897e+02
1.569218390118036268e+02
2.172096514617705338e+02
1.857406812308604742e+02
1.203321050719468275e+02
7.388885829958933016e+01
4.451458568296074247e+01
5.816375497947538520e+01
6.792113788180628831e+01
3.688245120417695944e+01
3.005867134165173837e+01
4.470447230185095577e+01
4.117603342978758008e+01
6.053494853362521866e+01
4.567513207880043780e+01
9.204387377855972829e+01
7.463955873352610126e+01
7.166900434358868210e+01
6.090021842966028487e+01
3.791551612198995258e+01
4.393172281177632499e+01
1.061486889451500133e+02
8.777786630192824191e+01
6.625706308100048147e+01
4.362986604444009942e+01
3.530902480034122704e+01
2.398251981274681555e+01
4.041535224262225512e+01
4.362107061735137847e+01
4.631902879207620316e+01
4.166341456991796122e+01
2.716926265487085956e+01
3.062665515238380465e+01
3.453807274459384047e+01
3.226874016519397514e+01
3.527683334205248400e+01
2.779635247121746744e+01
5.260772749938809056e+01
7.401793084981810011e+01
7.232973023928259693e+01
1.173379499452392309e+02
7.424820426145984698e+01
4.884407884949877854e+01
5.942072719101439304e+01
3.868772609069520030e+01
7.107439155103354267e+01
7.447791599694966180e+01
6.723017884257507149e+01
5.660979188999842648e+01
5.419803778023829466e+01
5.593542881060540850e+01
4.457636728346067656e+01
2.630128944853750994e+01
4.097017997850399240e+01
5.777674325703275571e+01
6.318329345571113009e+01
5.292294956452429489e+01
7.606775021910843293e+01
1.295209999980538385e+02
1.324338836283540672e+02
1.779820830698261886e+02
1.847686436685274884e+02
1.458469792814549351e+02
5.194697568798100207e+01
3.855597225394722471e+01
4.531826425437468941e+01
3.920869448428281601e+01
4.846371459582491781e+01
6.682976055704486384e+01
5.039800330913156046e+01
4.238524991503167172e+01
8.428867630623679474e+01
1.266435607514027026e+02
1.458921491275719973e+02
1.212038408089286747e+02
7.809946305737541650e+01
1.775105413363736488e+02
1.293535339486338955e+02
4.695432860044525114e+01
5.608675717071454869e+01
9.030314093816706134e+01
1.353753575287188937e+02
1.614739207951656681e+02
1.786007967333538033e+02
1.677982793722496524e+02
1.512224475498464926e+02
1.246817660700511254e+02
9.989933400655465334e+01
9.314285849118660110e+01
6.921295781334615072e+01
7.006651266583334348e+01
8.255289371401228493e+01
6.208272932466938698e+01
1.076725058318570660e+02
9.431181511386823502e+01
8.478492517866693845e+01
4.435446037495429294e+01
3.333996307002287551e+01
5.590494181131239060e+01
1.134073666250389891e+02
1.097280985838753082e+02
1.238254010651441774e+02
9.355149460359103841e+01
7.001944303197818442e+01
5.859427035443392384e+01
4.874088859823295650e+01
4.469357214262791445e+01
5.963781550355391659e+01
4.098250147471365779e+01
6.177094324398647274e+01
8.415514932602002318e+01
2.059087502290623206e+02
1.735015529052990075e+02
1.815142035438516643e+02
1.198865835930127304e+02
1.159437908389929248e+02
7.656553633131892411e+01
5.894237489406073394e+01
5.779266325560209339e+01
4.541109874408513747e+01
4.125688023183120379e+01
4.187685797885721684e+01
4.101050337712288751e+01
3.257718832177187807e+01
4.846814049035459249e+01
2.233774127769922657e+01
3.374792814560483123e+01
3.948766881490538339e+01
3.989851100381901716e+01
3.944937698966452899e+01
3.805015132558604307e+01
4.230662606415020832e+01
9.824747023589640094e+01
2.420497403028561223e+02
1.874629937040221250e+02
1.478332067141897141e+02
7.923234194452506074e+01
5.883527861928308056e+01
4.629523392194767695e+01
2.996160869236077673e+01
4.147824554109611483e+01
2.155216527830227946e+01
6.939059901210023895e+01
1.524370408885952770e+02
9.223396416186150759e+01
4.325983407611532527e+01
4.872790864459058469e+01
4.785119916529753681e+01
5.253612148710460161e+01
3.083423021363938332e+01
3.617441113417944365e+01
6.218404410216922429e+01
7.842777657997702079e+01
3.599499035708247874e+01
6.804283931096161098e+01
4.588258830076809858e+01
5.026239110833861901e+01
3.260926657724955646e+01
3.299296848448342701e+01
1.007786312000767452e+02
1.381327782618675144e+02
1.259177380165400137e+02
1.031734598366471261e+02
1.354786689013174055e+02
1.199264168172869489e+02
1.520910439048776652e+02
1.275739037683244277e+02
1.533860625808770521e+02
1.489909598067106344e+02
8.536979309755800216e+01
3.093693619544411533e+01
5.707133764494979289e+01
8.345908734007917928e+01
1.640666170546056151e+02
1.419860352701988404e+02
1.430540088454203840e+02
8.914735163521275751e+01
7.241077409702859313e+01
4.853603782874926509e+01
5.257289862260972768e+01
8.531237050076680362e+01
8.636703336622974803e+01
5.614969810154632768e+01
6.584264495017789898e+01
1.128436914128699158e+02
5.595234498417077162e+01
6.246323747100329626e+01
5.454002976650251355e+01
4.363922825822960760e+01
3.298837118058045803e+01
4.041648001979795168e+01
2.380070054724429696e+01
3.603224613868629689e+01
3.704515957828436967e+01
4.937866231150519525e+01
5.224717446354863881e+01
5.424523293625096443e+01
3.486277750085800875e+01
3.322142122576435952e+01
6.683907545567672059e+01
9.277895307117573509e+01
1.043948412266668129e+02
3.790024598132200140e+01
2.100367291182546126e+01
2.851868805563561082e+01
5.656097498342045782e+01
6.083136849990319917e+01
6.830995261157708853e+01
4.741503360180288240e+01
2.864241904768445579e+01
2.338777760430431485e+01
3.955424274863171519e+01
5.832849309342502409e+01
5.519226239203610618e+01
6.507955965307260726e+01
3.503337548120140355e+01
5.513325911631375931e+01
7.565891972974856117e+01
3.169886147765151208e+01
5.856408349898401156e+01
4.336246706326961231e+01
3.915934704661842858e+01
1.120167971420948021e+02
1.943095023196817692e+02
1.033658391666209440e+02
5.464752828040692378e+01
1.215103470552679426e+02
1.535920531397490834e+02
8.965323923368556791e+01
3.909331335322173118e+01
2.808162161900872178e+01
2.343413024759565033e+01
2.404606912716732481e+01
2.223266066538191055e+01
3.031881518301564782e+01
2.233602787054392991e+01
3.287570096157080712e+01
2.142566725924777060e+01
3.428595336259971305e+01
4.325532229279681928e+01
5.165408854902781144e+01
1.893462011898243702e+01
2.368495507204270112e+01
2.578253446687337203e+01
3.887267084308592047e+01
3.985074578459325778e+01
4.706218984186284615e+01
3.107838777156271703e+01
1.095951185291541208e+02
1.143278666092398055e+02
7.670995942742787577e+01
6.644871398576214006e+01
4.993365854945252380e+01
3.748138927756469485e+01
3.826759005893688936e+01
7.491403432022504205e+01
4.205871815130046087e+01
9.576523487812775670e+01
7.547516686463418978e+01
9.160469357418884329e+01
7.423691492301622930e+01
4.075557755583772490e+01
5.850820458002008451e+01
4.714164673070305156e+01
3.633858376037510851e+01
5.650954966752854602e+01
3.537418707742778423e+01
4.360690814892176093e+01
2.639943817712178387e+01
2.582167419268163755e+01
2.856678201971793740e+01
4.218811690185425078e+01
4.287559732721476990e+01
5.602584941780135352e+01
4.050027247323630775e+01
6.666293739449194788e+01
5.043938219109972465e+01
2.991194194414130436e+01
7.327962256563803578e+01
8.392177521883547797e+01
1.273888826611846952e+02
1.124121052043671369e+02
8.052130179591986803e+01
4.080207230482445624e+01
2.418453544851079329e+01
3.855498954348443164e+01
6.513300235499532675e+01
1.051754513829407358e+02
6.966115455672277790e+01
6.753322575649778514e+01
6.249885698153022418e+01
5.347474817313017326e+01
5.762961678343477701e+01
4.025210671135381801e+01
4.764009031712116382e+01
3.335236653721946709e+01
4.312948769614988009e+01
5.884821360325804562e+01
8.406047883040415059e+01
1.251344827243423339e+02
1.351361165028793323e+02
9.763535214710651644e+01
1.065411749387199052e+02
7.662562120247230268e+01
9.160379593198453563e+01
5.158213450663695454e+01
5.747950533680526775e+01
1.392773545525343479e+02
1.170886272660325318e+02
1.126745188168647616e+02
7.755334917927365268e+01
7.423071228362516649e+01
4.183274708604739089e+01
4.409545032218473182e+01
5.764660689268146854e+01
9.419538301700036698e+01
1.313501497049872455e+02
1.062206441165496500e+02
1.070052243939956469e+02
6.507741897392970998e+01
9.164309976057045048e+01
4.637936475289242821e+01
4.503450829426017776e+01
6.056852247700977898e+01
8.500454212355410277e+01
1.039889823168826553e+02
7.302399515346790793e+01
8.348394074744774684e+01
4.260807590553103807e+01
4.448436486779667121e+01
4.063186075645428730e+01
3.652031095286409368e+01
3.660812904108439625e+01
4.243328810118484284e+01
5.065937166702945404e+01
3.505277232780429841e+01
9.384432390715241468e+01
5.359005202378821053e+01
3.781308173915979864e+01
3.284857753264391533e+01
3.038871943858676161e+01
2.236655057048756490e+01
2.945912627137435535e+01
2.716469669319072366e+01
2.840879131275129055e+01
2.437884518198514527e+01
4.167051558255923283e+01
2.357890162796877220e+01
2.834176524471815029e+01
3.367749913516734495e+01
5.337470946078853729e+01
5.946367359691105037e+01
4.728744360329064023e+01
6.062306931429785095e+01
6.258664424207618993e+01
5.329315476674332785e+01
1.920812967215661615e+02
1.711658063641417868e+02
1.234587414694404401e+02
5.012973102076652765e+01
4.035727847803349277e+01
3.354163080085007920e+01
7.810656951834808126e+01
3.404912004431782435e+01
6.524806221820482222e+01
3.790562592529080632e+01
8.834634809523970489e+01
7.744353832216090439e+01
6.923309062714056950e+01
8.166955086460855284e+01
4.693270420473241700e+01
5.775434332949001970e+01
6.382178571832049840e+01
3.344981259563888898e+01
3.625228870312195539e+01
6.526664506186345704e+01
1.114199987511894250e+02
1.783018375266980229e+02
9.307053289952818886e+01
9.427240711124986206e+01
7.855512702173547268e+01
4.364592210719158061e+01
2.266167623826009958e+01
4.418590010974175186e+01
6.766942087194614430e+01
8.863141209616257754e+01
1.095481814035609034e+02
8.889003782975530044e+01
4.559247165665715329e+01
7.635759185035264807e+01
1.548670230715678642e+01
3.749968173302309538e+01
3.059321543573892654e+01
3.207659351691891914e+01
4.002936409294309072e+01
4.018142264345432579e+01
3.022119995706179552e+01
3.111660988943466677e+01
5.556685841840218387e+01
7.443416419271467532e+01
5.711615419145733341e+01
5.355860149623827482e+01
9.539265272716379229e+01
1.049939233445303159e+02
9.073242504351192395e+01
8.262065147873819626e+01
6.901218380302681510e+01
7.909024115796781018e+01
1.069239985497531222e+02
6.731471033147957428e+01
5.693055180184792619e+01
7.708145164971404029e+01
5.853308567081165847e+01
5.682294404539785404e+01
5.681164738392237012e+01
6.195582255630439761e+01
5.481235303819573090e+01
5.552885730076891235e+01
4.100916168073624846e+01
3.813419047899517977e+01
3.208544744544402505e+01
2.533572429943283666e+01
4.229758410504523880e+01
4.356215863516259645e+01
4.824850854122671961e+01
4.361013777888517495e+01
2.813148015335970342e+01
3.083423148794793534e+01
3.277449472595175450e+01
4.676529048866655813e+01
4.416330234646846264e+01
4.981561521613728871e+01
3.850015141877910452e+01
3.136551611705166209e+01
3.788430260545194272e+01
4.580980860153096756e+01
3.621621099847642000e+01
2.704983464751251887e+01
2.419563757646799118e+01
3.922059215260466658e+01
3.624151854385134186e+01
4.960034233954626615e+01
4.219895735514528212e+01
5.708018800229265821e+01
4.764021839156283988e+01
6.147691004796601533e+01
5.924444902816883740e+01
6.497638150653038736e+01
5.800480684602977988e+01
6.115683478014500452e+01
6.135739913776500742e+01
4.954416648611895369e+01
2.599488517328126846e+01
4.248248622185170120e+01
8.223392070535962262e+01
8.634372074946057296e+01
7.548826158205930881e+01
3.741556742939104652e+01
2.386891030686681603e+01
3.336404265254476087e+01
2.575372481690343207e+01
4.420662197336746857e+01
5.255023316474835582e+01
5.007318760981952721e+01
3.933919441614881407e+01
2.646778456331928808e+01
2.978945609251367443e+01
5.337234231539007112e+01
3.121321125307933286e+01
3.280243900435224447e+01
3.832836574589371281e+01
2.346276566522261575e+01
1.790954727150219128e+01
2.369073142445388669e+01
2.817098876973049570e+01
3.787540646289191670e+01
3.703994345544649036e+01
3.954949470908942999e+01
1.150437848772322269e+02
9.848249004076515689e+01
1.212078046504810089e+02
8.127147833746033712e+01
5.230022920323552427e+01
4.124864903463374333e+01
5.230651183987496466e+01
6.338421853640148385e+01
5.677211311363961954e+01
4.088879926617291716e+01
5.313476908887528083e+01
5.068364634932033397e+01
5.794051571826582148e+01
6.839706068922505722e+01
8.576790355304191849e+01
7.714651959891449451e+01
5.039801888130482865e+01
8.468846264622516173e+01
2.724297848358461849e+01
