1.924074656782456216e+01
9.012536501693984903e+00
1.491943646112549082e+01
1.746644082006585563e+01
2.956664988397645999e+01
3.520193546295467257e+01
2.259042607217354970e+01
2.598867999179846677e+01
2.919905020206219248e+01
3.652916445629941933e+01
2.628956875895135781e+01
2.753420724439673606e+01
3.850520163867494716e+01
3.660640595271947006e+01
2.766164295346195345e+01
2.391443706035907724e+01
4.858995047373070264e+01
4.253551658105239142e+01
2.080812336367831961e+01
1.700045282731313279e+01
4.447143434758003622e+01
3.917502081981881190e+01
2.623195648838806804e+01
2.572575106856495708e+01
2.564845385870684069e+01
1.864478647040020931e+01
3.058247382013348314e+01
2.711838561695090632e+01
2.350836795467465379e+01
3.349943453977666508e+01
3.466165836217704310e+01
3.425378948639833965e+01
3.494057170551078428e+01
3.368156051967257270e+01
3.425008189460380237e+01
3.468102398344894510e+01
3.033333421227532156e+01
3.342710983687403825e+01
3.489494598487254962e+01
3.717211514807922867e+01
4.246905312185932502e+01
4.214085381953380960e+01
1.803401550463446767e+01
2.369116025304226980e+01
3.454524266842193470e+01
3.919648327291152157e+01
3.059151026697884745e+01
4.761331394186044719e+01
2.613305462740958518e+01
3.561200531876411191e+01
3.115571212734977991e+01
2.854790236202007492e+01
3.916588711706817350e+01
4.020005659455701874e+01
3.790737301753424759e+01
2.417992914352844380e+01
2.154031133102157014e+01
2.010172265979469231e+01
2.246376418184886603e+01
2.062925055580501166e+01
2.352259534993439516e+01
2.495508784317274475e+01
2.986475181482766672e+01
3.221082217461425756e+01
2.545361695332220719e+01
3.333732747504468108e+01
2.098843355166328450e+01
2.572987752413392570e+01
2.634703039502029043e+01
2.415297687130684423e+01
2.358924766995097855e+01
2.449619733253947373e+01
2.756260005451480311e+01
2.718958295811213333e+01
2.764996881738018430e+01
2.942363573294562329e+01
2.539927867496351510e+01
1.770641576144973683e+01
3.419316094682481832e+01
2.630889481650873662e+01
3.321896093304213338e+01
3.852681297862112331e+01
3.898536747283534254e+01
3.591532128585746619e+01
2.875446562101400261e+01
1.984947655500908681e+01
2.718149489920759265e+01
2.144026099596882062e+01
2.405763496851690775e+01
2.757617238643846136e+01
2.514472454883574670e+01
3.001164014641087974e+01
3.399225725316969005e+01
2.013102062919026380e+01
2.562475828668675248e+01
2.235719951421449991e+01
3.172141835342572236e+01
2.668270643809740150e+01
3.770583607804918813e+01
3.060312927112463299e+01
2.992461142540221530e+01
2.335717777892153890e+01
2.974981070056412236e+01
2.483194030762109605e+01
2.302492135269078943e+01
2.803021062946908160e+01
2.631422334125275597e+01
3.179522760294676331e+01
3.389727870984233959e+01
2.691713286692613849e+01
2.566480788555260162e+01
2.502194935539625220e+01
3.024527838780773692e+01
2.277625706923156912e+01
2.868505045199131942e+01
2.099989802856691767e+01
2.111842809728044656e+01
2.004832913824088081e+01
2.339744876838838294e+01
2.889466541237727881e+01
4.577525102138302060e+01
3.363315474531622584e+01
3.811905062477921291e+01
3.997545734720037558e+01
2.668539855000953409e+01
2.383454368477769592e+01
2.586898108804789587e+01
5.217958144289914202e+01
3.737906070942220538e+01
2.408675263368204966e+01
2.341067003209783337e+01
2.838781263835321766e+01
2.758762544695004237e+01
1.307588691098436229e+01
2.203395355988493165e+01
2.784834221898153572e+01
2.255587446472083712e+01
2.034192992546088519e+01
2.513212780056302975e+01
1.619935869087104052e+01
3.220129302461804599e+01
4.196589092895293760e+01
3.179084351960483090e+01
3.469197194424958752e+01
3.744943828570041688e+01
3.131178269140966819e+01
2.934875354687134319e+01
2.091036388657188283e+01
4.188375071493357638e+01
4.531156210343790036e+01
1.922831890644903297e+01
2.621388418940679088e+01
2.132024851823566891e+01
1.959811481652782561e+01
2.974319285738699747e+01
2.795957903904137609e+01
3.297008289195605357e+01
2.449701650430643696e+01
3.236803764137071937e+01
2.333426325457230632e+01
2.202061441471923331e+01
2.671249236650761461e+01
3.959557286230639050e+01
3.652316418087627170e+01
3.198850064492078715e+01
3.729505714731939037e+01
3.967845403502226986e+01
4.372195785030072557e+01
5.759884058319227762e+01
5.298208715234298438e+01
9.659924207082860903e+01
1.095393642101517742e+02
1.061949795540039219e+02
1.145089680264792236e+02
1.300966643789143689e+02
1.036120034177622955e+02
1.566030205618164359e+02
1.620399468201761408e+02
1.762592179334154991e+02
1.786751902053590300e+02
2.123196483789956517e+02
2.246606820193381111e+02
2.252118528293239592e+02
2.250824470839038440e+02
2.603318830090598226e+02
2.982546601196755205e+02
3.128844251851699028e+02
3.196313050960347368e+02
3.598300277299683216e+02
3.445313878267511996e+02
3.694053417373294792e+02
3.745003627200572396e+02
3.786864351986533279e+02
3.872274987075836066e+02
4.286056212845945765e+02
4.241455305184915687e+02
4.515818617617837276e+02
4.512744629856076131e+02
4.606863456428087034e+02
4.688934771035306994e+02
5.096188658893906336e+02
5.000203063783458219e+02
5.135441898285112075e+02
5.120502910553352649e+02
5.629457717803077230e+02
5.538498868563282258e+02
5.408230285417016603e+02
5.426513331320303450e+02
5.746568596446036281e+02
5.649384488018534967e+02
5.790076043239820365e+02
5.846495957758089617e+02
5.979435169113899065e+02
6.217282445130005044e+02
6.608089791947596723e+02
6.871101260756852298e+02
7.459911261471927446e+02
7.303323269411440606e+02
7.720177177102266342e+02
7.702647403478439401e+02
7.832249762835258480e+02
7.578039294972188600e+02
8.017536686118586431e+02
7.873985372749260705e+02
8.534298508682265947e+02
8.426125622066107326e+02
8.870592417369286977e+02
8.874941815926927120e+02
9.687225512869721342e+02
9.233874154930241502e+02
9.960622319592604299e+02
9.863365811935483407e+02
1.039080811782904675e+03
1.066998009115619652e+03
1.069326819626382758e+03
1.052118185342057586e+03
1.106237661624246130e+03
1.123413630620003687e+03
1.123378343034133422e+03
1.135350087453738752e+03
1.220209392379923884e+03
1.206230658920801034e+03
1.239525098385029878e+03
1.293363322262159272e+03
1.302999651416718962e+03
1.329845478353695171e+03
1.310271064847894422e+03
1.363092710411507369e+03
1.450615468350410765e+03
1.458389302955694347e+03
1.502615181536897580e+03
1.535846871357391819e+03
1.607333875370050919e+03
1.616135852996731046e+03
1.617508753465787322e+03
1.695536207761967717e+03
1.837990424541072343e+03
1.857841446932336567e+03
1.900713018225247424e+03
1.869446570357193195e+03
1.894893130731505835e+03
1.846381637924931283e+03
1.955161338307518463e+03
1.956258184315509425e+03
1.907957936091850115e+03
1.912832484213972066e+03
2.029125395040033482e+03
1.996393234694287230e+03
2.026329936563210822e+03
2.003813181449396779e+03
2.074669673103885088e+03
2.035949226789475460e+03
2.096068336044021180e+03
2.075533318799131393e+03
2.118107613473061065e+03
2.048744945180535069e+03
2.099645165471181826e+03
2.045016823373753823e+03
2.137502331863480777e+03
2.129921502141990004e+03
2.157084912537315176e+03
2.149270631869236240e+03
2.163505317029530033e+03
2.154758284340186037e+03
2.193276115402659798e+03
2.128532847222325472e+03
2.077251410219579611e+03
2.067096176019227642e+03
2.020943605604009008e+03
2.009836206034701036e+03
2.076000985022027635e+03
2.063799974429366557e+03
2.018418344504018705e+03
2.007106719380802360e+03
2.040705466615553405e+03
2.048609576079585622e+03
2.022079502119028803e+03
2.014437944343759227e+03
2.030356971744029579e+03
2.023440181387809389e+03
1.977587317561293048e+03
1.972908964010261798e+03
1.914547799524764059e+03
1.910940484827606497e+03
1.949436138522081364e+03
2.008020648460028042e+03
1.994868862572256148e+03
1.994628484570659566e+03
2.017945389697337760e+03
2.019841901366098000e+03
1.928646536031948472e+03
1.932763794972191363e+03
1.901968596686733008e+03
1.909235712683564543e+03
1.987915926190557911e+03
1.980122764493829663e+03
1.975417655549735855e+03
1.990145960936027222e+03
2.020250495183138355e+03
2.042072629823487887e+03
2.067808752272016136e+03
2.091223681101942930e+03
2.129213085740758743e+03
2.158122550029041122e+03
2.194678896241675375e+03
2.234843740181621797e+03
2.299561106342633138e+03
2.300692379263085968e+03
2.273822665177126510e+03
2.274903574016162565e+03
2.274031438550322491e+03
2.275117309838818528e+03
2.260997397420881498e+03
2.262213540016144634e+03
2.201830387946232804e+03
2.210582225538013063e+03
2.298882769600639222e+03
2.300015874776805504e+03
2.262646151053062567e+03
2.263892422514314148e+03
2.277001438225371658e+03
2.278303235192806369e+03
2.272447026715143693e+03
2.273674623790312580e+03
2.303516573838550812e+03
2.284173572444632555e+03
2.294260067419524148e+03
2.295355545945152244e+03
2.285331128918614468e+03
2.286554602172091109e+03
2.301149151793114925e+03
2.302458575292627756e+03
2.277583674694274123e+03
2.278756675132900909e+03
2.283385896718426920e+03
2.296923700588085012e+03
2.303725969815185181e+03
2.305021316248120002e+03
2.319780121967218747e+03
2.321027913415808598e+03
2.265195634045547649e+03
2.266272168873705141e+03
2.273716162125369920e+03
2.274840057038340092e+03
2.312762284227219425e+03
2.286902540092191884e+03
2.276715072975513067e+03
2.277971986755221224e+03
2.314558168735625713e+03
2.316003637123941644e+03
2.319473045753704810e+03
2.320728037634844895e+03
2.302031467932397845e+03
2.303280515909256337e+03
2.311492366325511739e+03
2.323504112899719985e+03
2.304617606849503318e+03
2.305853884123117950e+03
2.333366643645064869e+03
2.334474415905965088e+03
2.319863086400624979e+03
2.321013225341567704e+03
2.303050035847864820e+03
2.304102860589602642e+03
2.325430617307707962e+03
2.337326590661587943e+03
2.318114833603350235e+03
2.319153513419460523e+03
2.294146811344232447e+03
2.295176608711969038e+03
2.344175638451818486e+03
2.345170104412281489e+03
2.298026264711153544e+03
2.299059525342948746e+03
2.292876021977710479e+03
2.290906143396247899e+03
2.322545803049816641e+03
2.323643853945997762e+03
2.291275593992052563e+03
2.292216663794681608e+03
2.355164149414370513e+03
2.356334619152140021e+03
2.346468470925542533e+03
2.347537254385865708e+03
2.337511749742544453e+03
2.350145690660772289e+03
2.325252027767176060e+03
2.326274905034010317e+03
2.329639048761403501e+03
2.330761267279425283e+03
2.374355892522469276e+03
2.375346964397965621e+03
2.343640961538354077e+03
2.344673627608261995e+03
2.349015430656646913e+03
2.351569365610580007e+03
2.345473141351512368e+03
2.346475912472983964e+03
2.388835774033406778e+03
2.389994758428414571e+03
2.364900266610691688e+03
2.365973266301716649e+03
2.366539743483093844e+03
2.367569658845437971e+03
2.375481233290846831e+03
2.364734418740867568e+03
2.313924360326757778e+03
2.314926505919952888e+03
2.337365329761792509e+03
2.338353987229301765e+03
2.325034766461056279e+03
2.326012311723240146e+03
2.313599300179468628e+03
2.314621131189729567e+03
2.334523784703122146e+03
2.353266408720024174e+03
2.330697280598487851e+03
2.331828052051249870e+03
2.378839797273323711e+03
2.379748550990010244e+03
2.402633833176570079e+03
2.403638423469465579e+03
2.363863868668084251e+03
2.364951106275867460e+03
2.369432042349747917e+03
2.355229898809008318e+03
2.352195352742058276e+03
2.353203211631135673e+03
2.387148047453614254e+03
2.388171038712600421e+03
2.427479157123011646e+03
2.428701932719462548e+03
2.378821006749515163e+03
2.379870492752287646e+03
2.437113543497860519e+03
2.415407452372964144e+03
2.387718204972321473e+03
2.388783694942351303e+03
2.395785572047266669e+03
2.396869324872972356e+03
2.419771555589233685e+03
2.421009440795070077e+03
2.454817877915185818e+03
2.456018701133994909e+03
2.445137698419930985e+03
2.413270724311852064e+03
2.377610545470083252e+03
2.377443504612821471e+03
2.349341593114447733e+03
2.349180212365716216e+03
2.394008250301133558e+03
2.393894030767790809e+03
2.418530656421867207e+03
2.418653145527273409e+03
2.408435676722402604e+03
2.377474169644506219e+03
2.407726648521160769e+03
2.407487321713098936e+03
2.386343106498036832e+03
2.386144060109619204e+03
2.386822605428400493e+03
2.386660824991919526e+03
2.379441793670058814e+03
2.379244307016391758e+03
2.408538199773537144e+03
2.424924390702336950e+03
2.397373248300829800e+03
2.397217355157827569e+03
2.406265212995703223e+03
2.406072841523945954e+03
2.410103245089707343e+03
2.410056598314516123e+03
2.420775277871731760e+03
2.420619916276888034e+03
2.380126115691125960e+03
2.351358616411946514e+03
2.377923782763524741e+03
2.377703974929127071e+03
2.352598653428306534e+03
2.352398721954809844e+03
2.357417830018692257e+03
2.357227255059792697e+03
2.351464454576070239e+03
2.351288479614447624e+03
2.346007571079504032e+03
2.356835584401016604e+03
2.360396912123859238e+03
2.360255190003688767e+03
2.369459319940341175e+03
2.369310694897324538e+03
2.358524247814159025e+03
2.358354906900336118e+03
2.400564088107584212e+03
2.400348186262602667e+03
2.343949135476766514e+03
2.365325550327731435e+03
2.399822152716966229e+03
2.399588451336404432e+03
2.434621603929223966e+03
2.434361931121789894e+03
2.354779242434870866e+03
2.354584450468280920e+03
2.358733847332940513e+03
2.358538031154295368e+03
2.353293460449112445e+03
2.361107089172788164e+03
2.359377080858952922e+03
2.359133582237086102e+03
2.367270310796858666e+03
2.366972339171431486e+03
2.328299109688917270e+03
2.328095273447791442e+03
2.354439243667597566e+03
2.354265811375010799e+03
2.374567179199419115e+03
2.388101872476434437e+03
2.352419236366640689e+03
2.352223321105253035e+03
2.361493427282884568e+03
2.361342358529659123e+03
2.398468774286327971e+03
2.398249713107908974e+03
2.406340912123792805e+03
2.406136542533105967e+03
2.361396785588816783e+03
2.353342230633087183e+03
2.306691622249834381e+03
2.306465956081908644e+03
2.306498731143997247e+03
2.306248669153665560e+03
2.362656465405738345e+03
2.362415819653559538e+03
2.347128428929666370e+03
2.346919696757391648e+03
2.338631264401875342e+03
2.351690897813068659e+03
2.370790186788669416e+03
2.370593159216095501e+03
2.313643365743304003e+03
2.313446981124794547e+03
2.359253754248317819e+03
2.359061642679954275e+03
2.352789735002617363e+03
2.352562494326569777e+03
2.344600335967993487e+03
2.332720424234668826e+03
2.352834567587882248e+03
2.352618044594168623e+03
2.309249144572331716e+03
2.309039596513019205e+03
2.361607524601691694e+03
2.361337023688388854e+03
2.324264533572743403e+03
2.324013616616348827e+03
2.368037087652056471e+03
2.370055582491263522e+03
2.365281923364534578e+03
2.365057971163193088e+03
2.321061849823291141e+03
2.320816800549609070e+03
2.355182519763969594e+03
2.354939971019066888e+03
2.334998290993641149e+03
2.334761239816542002e+03
2.346905651557365218e+03
2.352077625855602491e+03
2.299783412589466934e+03
2.299534378357197511e+03
2.359176809727171076e+03
2.358902155645996572e+03
2.354296002443977613e+03
2.354023245634738487e+03
2.331666635895619038e+03
2.331406672029300807e+03
2.358901556768979390e+03
2.350507800560176292e+03
2.372613478715441488e+03
2.372405862851596794e+03
2.333783086880522205e+03
2.333535566076046507e+03
2.318861321809576111e+03
2.318591591115902247e+03
2.343481903662542209e+03
2.343247698865597613e+03
2.281322965374237356e+03
2.281599993288824408e+03
2.315390809462531706e+03
2.315253029011000763e+03
2.311120769187243695e+03
2.310916100078778982e+03
2.362831214836144682e+03
2.362632041404203392e+03
2.343087204699692393e+03
2.342887519447443083e+03
2.352456025408252117e+03
2.325048836095090337e+03
2.317776955425726555e+03
2.317561743996634959e+03
2.278533707996482008e+03
2.278513091262279431e+03
2.326659856412150475e+03
2.326401856354171287e+03
2.354331868233978639e+03
2.354200308285257961e+03
2.354940555341906474e+03
2.357200149056437112e+03
2.304259042681472238e+03
2.304033194824186921e+03
2.330415331600865102e+03
2.330240253312681943e+03
2.342868149063175224e+03
2.342751172291368675e+03
2.313817828450053639e+03
2.313636187972745574e+03
2.300485834891898321e+03
2.304084297337456974e+03
2.334365700556376851e+03
2.334374504669774069e+03
2.354210921780406352e+03
2.353973539851800524e+03
2.339119726085870298e+03
2.338975288127672684e+03
2.316120128678503079e+03
2.315976886306785218e+03
2.306186666505363064e+03
2.317685922120575015e+03
2.354324828128111221e+03
2.354171197572100937e+03
2.323052321809417663e+03
2.322877867884081297e+03
2.336397913981305464e+03
2.336262236436587045e+03
2.319093737772356235e+03
2.318930454177894717e+03
2.320626002937943213e+03
2.329337112558541321e+03
2.290612189899424720e+03
2.290475945724436770e+03
2.350666223147172332e+03
2.350423262689458625e+03
2.309795412859310545e+03
2.309596974593651794e+03
2.316378442114417339e+03
2.316175189573629723e+03
2.295343554880587817e+03
2.302572932347081860e+03
2.293865453498652641e+03
2.293724029941402478e+03
2.303079441903303632e+03
2.302867689880806665e+03
2.324527201680906728e+03
2.324317940046258627e+03
2.283668550433435485e+03
2.283704817232186997e+03
2.299117285723031273e+03
2.296799770965990319e+03
2.339260899515712026e+03
2.339081081541644835e+03
2.313269675185295455e+03
2.313013262901744383e+03
2.341184803257809563e+03
2.340965556619576091e+03
2.324989173971291621e+03
2.324755178624461223e+03
2.329671776935899288e+03
2.348261470371981432e+03
2.334552819102087142e+03
2.334293234080044840e+03
2.355193580486690735e+03
2.354963677528632161e+03
2.326158338013348839e+03
2.326166337525588915e+03
2.297133438611437668e+03
2.296920093805217221e+03
2.299527742721469622e+03
2.284269848015396292e+03
2.273059918800021933e+03
2.272827354125383863e+03
2.297574538562620546e+03
2.297353281106743907e+03
2.324570336566815513e+03
2.324325195232984697e+03
2.311850330805177691e+03
2.311627337397776955e+03
2.306714367875427797e+03
2.306039378828353620e+03
2.326028851088030024e+03
2.325803027012871553e+03
2.285730094309582455e+03
2.285643236599109969e+03
2.345529160621178107e+03
2.345268107822260390e+03
2.298390024341531443e+03
2.298130545313122639e+03
2.315212200905998543e+03
2.318464459518042077e+03
2.289693219347867853e+03
2.289486447936957120e+03
2.283983227540418284e+03
2.283788587718296185e+03
2.336508423164049873e+03
2.336259309241358096e+03
2.295254090580951470e+03
2.295071045083743229e+03
2.297564797739500591e+03
2.297417763093937538e+03
2.330525271751513628e+03
2.330284978229866283e+03
2.328024403151697243e+03
2.327772674300794733e+03
2.260501554382141876e+03
2.260280060984280226e+03
2.286488697369165038e+03
2.286193910248745851e+03
2.297040336974109323e+03
2.311060012920274403e+03
2.348673718310489676e+03
2.348412831673038454e+03
2.297295723450184596e+03
2.297074773152269699e+03
2.312271030027393863e+03
2.312073141116089573e+03
2.317445066797077743e+03
2.317217165449600543e+03
2.315915226010216429e+03
2.310641309875562911e+03
2.328654856580489650e+03
2.328395216688711116e+03
2.300921877449566637e+03
2.300674707657839917e+03
2.287891825775948291e+03
2.287695323295300568e+03
2.301329196726496320e+03
2.301064038487827020e+03
2.310784969109255599e+03
2.316063807473194174e+03
2.296390321480388593e+03
2.296215665183432975e+03
2.288878505430811401e+03
2.288649747668854616e+03
2.259197241830397161e+03
2.258949034450148702e+03
2.295429663963245275e+03
2.295200415789337967e+03
2.275153291074146637e+03
2.288467331016970547e+03
2.259009275768899897e+03
2.258834227867531808e+03
2.278603628696245323e+03
2.278419463735654517e+03
2.307715436678322476e+03
2.307457620845643760e+03
2.278695468884684033e+03
2.278488990543111413e+03
2.292934044694254681e+03
2.288402576421670801e+03
2.286641480227176999e+03
2.286431090048032729e+03
2.263369887477340399e+03
2.263166714404215782e+03
2.294166696868250710e+03
2.293939918439786652e+03
2.305503124806765300e+03
2.305256039181518645e+03
2.312311652606435473e+03
2.278124566792509540e+03
2.259167473188162603e+03
2.258979072543751499e+03
2.237689964996442541e+03
2.237462867372913934e+03
2.331418540428496726e+03
2.331151051397724586e+03
2.326445586894814824e+03
2.326202055034950718e+03
2.316127101420483996e+03
2.309663051484567404e+03
2.279734393884332803e+03
2.279514261238402469e+03
2.260301916946833899e+03
2.260073642037755690e+03
2.267602759777744268e+03
2.267369226822620021e+03
2.290845389001216972e+03
2.290638171158141631e+03
2.227878826614453374e+03
2.232799238791928474e+03
2.285622413376425811e+03
2.285367721903881829e+03
2.265094616896888965e+03
2.264873510679618448e+03
2.314899746459662310e+03
2.314596854448427621e+03
2.268702853294266333e+03
2.268495867830562929e+03
2.277161810714575040e+03
2.282716059161367411e+03
2.283192346155561154e+03
2.282950285609402272e+03
2.248768246314232329e+03
2.248550076621333574e+03
2.277386131435544939e+03
2.277170038549175842e+03
2.283012726619660953e+03
2.282783256181025536e+03
2.293434647364701050e+03
2.279411214023371031e+03
2.273772514240966757e+03
2.273541009511297943e+03
2.265905636971768217e+03
2.265662706141644776e+03
2.278926281777500662e+03
2.278672984621779960e+03
2.296380362461078221e+03
2.296124104661309502e+03
2.273197345218151440e+03
2.260018474795883321e+03
2.260965511843177865e+03
2.260884392508040037e+03
2.252053118827234357e+03
2.251845500787722813e+03
2.220272115226144706e+03
2.220069942909036854e+03
2.252041033033298845e+03
2.251819620710828531e+03
2.281292721550972146e+03
2.304037200835027306e+03
2.303610680103528921e+03
2.303274041187322837e+03
2.283298917982511284e+03
2.283082326963526157e+03
2.263066697691139780e+03
2.262768305154748759e+03
2.263073003572296784e+03
2.262844937478163502e+03
2.246581777139836049e+03
2.238700443463957527e+03
2.247694877566523701e+03
2.247337459095260328e+03
2.251675466755212710e+03
2.251412399319076485e+03
2.241784208687607133e+03
2.241514512038312205e+03
2.250294216410320132e+03
2.249899405357675278e+03
2.271161171059569369e+03
2.273820187025748055e+03
2.256031065709581526e+03
2.255807718297303836e+03
2.284605670021841888e+03
2.284308425610259292e+03
2.249250361130616511e+03
2.248932535812129117e+03
2.270866484612552540e+03
2.270783050911279133e+03
2.234694626662002065e+03
2.243715359363600783e+03
2.276985836376229145e+03
2.276695513384071091e+03
2.241254001284556580e+03
2.240977759155226977e+03
2.273413052745498135e+03
2.273074350174588744e+03
2.263045719275771262e+03
2.262712052103992846e+03
2.256400289665054061e+03
2.262261571624139833e+03
2.230019850288177167e+03
2.229668847763660324e+03
2.295285334627881639e+03
2.294962599146774210e+03
2.280418263304491120e+03
2.280317727308772646e+03
2.271700941142070405e+03
2.271437556059368944e+03
2.301254595550590693e+03
2.272565817105748465e+03
2.224565536033581338e+03
2.224216634496346160e+03
2.259039947204549208e+03
2.258688226957960069e+03
2.259457798543939134e+03
2.259224409354005275e+03
2.272373638256539380e+03
2.272030449653541837e+03
2.253541635377364400e+03
2.252117239843506923e+03
2.255177980020921041e+03
2.255379093737590210e+03
2.266788904252920020e+03
2.267216915254285595e+03
2.286971694153931367e+03
2.287232046545853336e+03
2.253735920784400605e+03
2.254001433613967947e+03
2.290483751031990323e+03
2.254779873186382247e+03
2.219586642035197656e+03
2.219795269998418007e+03
2.241522075028461131e+03
2.241805790130560581e+03
2.247445625784908316e+03
2.247683193938240493e+03
2.246477025176494408e+03
2.246654891957397012e+03
2.261382760021343529e+03
2.283959126267251122e+03
2.278383023296587908e+03
2.278800921265638408e+03
2.317923167903067679e+03
2.318148446838494692e+03
2.280545439582879681e+03
2.280756572386713742e+03
2.223023373028284368e+03
2.223279806323432695e+03
2.267959052151758442e+03
2.272356629574931958e+03
2.296664214084908508e+03
2.296934104126964030e+03
2.299914748811285790e+03
2.300129290601580124e+03
2.273713498463965607e+03
2.273999360792223342e+03
2.248253058686594613e+03
2.248494707685968933e+03
2.248944701867781987e+03
2.262466131610782213e+03
2.275562494158756635e+03
2.275769258738248936e+03
2.255608257182109810e+03
2.255829089513266354e+03
2.287419840815414773e+03
2.287644725676041617e+03
2.266194635042881600e+03
2.266371479713343888e+03
2.280025916506103385e+03
2.256254487384142976e+03
2.270774260054314709e+03
2.271001958785473562e+03
2.239715503069076021e+03
2.239938962204142626e+03
