1.063465933709767341e+01
7.932497795043216726e+00
2.533791847069192826e+01
2.346865349032611192e+01
1.848637856350930164e+01
4.504275573564059698e+01
4.343045138684885842e+01
4.083395116975222550e+01
4.353317907159377143e+01
3.964891642239452096e+01
2.393323430396428719e+01
2.166869711307041868e+01
3.346942846512557423e+01
3.424740220279363001e+01
3.003941812643658693e+01
2.268340498020635110e+01
2.785825361061564820e+01
3.384033463650241913e+01
4.195178342354616063e+01
2.898311937798577986e+01
2.450042647883835301e+01
3.213161072375019245e+01
2.742695605236189493e+01
3.013829061141822763e+01
2.447637294540331609e+01
1.606428526157562686e+01
2.998351528496181828e+01
2.265001952746045433e+01
3.043014652750515125e+01
2.924322670900092902e+01
3.647314417093964778e+01
3.383495221354329630e+01
3.147100345555126566e+01
2.174915699821233872e+01
3.743972443064396316e+01
2.458403366095254583e+01
2.883334056954483771e+01
2.675230129931205170e+01
3.604987368627352851e+01
2.996164945046224659e+01
3.121148623819266987e+01
3.275581393813168063e+01
2.303787694633707872e+01
2.365835349370429697e+01
1.972013198055424255e+01
2.182124031255955288e+01
2.932415706626361285e+01
3.044375511103515208e+01
2.372455290845952547e+01
2.265741629623367004e+01
1.238036799791621867e+01
2.408692239572402727e+01
2.146770992880248485e+01
2.416425680944965038e+01
2.579509567559456684e+01
2.523323137803172145e+01
2.521695043187289897e+01
3.045752092996728777e+01
2.180754450411361134e+01
2.116668445381873198e+01
2.369345292114382673e+01
2.109706164639474224e+01
1.949376010446343699e+01
1.575509996257553347e+01
1.680519621880528902e+01
2.561130391855293098e+01
1.833977512926236031e+01
2.135652428430197247e+01
4.062364060699144375e+01
2.446266728275373836e+01
1.733817384929330885e+01
1.661175460300569284e+01
1.874993668348835740e+01
2.924052659212506455e+01
2.490309713343788545e+01
2.581304098098446786e+01
2.096725859971994055e+01
3.090660845825392755e+01
2.253837151446184706e+01
1.843497362256809069e+01
2.514065663008659612e+01
2.351111005926588504e+01
3.383156347130518782e+01
3.216094565454817200e+01
3.691315712299498131e+01
3.395240757228435058e+01
3.122933433893900101e+01
3.362843416981237255e+01
3.036564413538907203e+01
3.972829991459855847e+01
2.129305898900005545e+01
2.889803514395708461e+01
3.080955783681827143e+01
2.908104608463075280e+01
3.145313954377206755e+01
2.443071959054954334e+01
2.430319971232116316e+01
2.761473619565904514e+01
4.464631268422564858e+01
4.416841287577154418e+01
2.799899433826551132e+01
3.246869296892277390e+01
3.780567401115337134e+01
3.837534867396102101e+01
3.219743488572755297e+01
2.504527215698508869e+01
3.467767690199352160e+01
3.684213370293074519e+01
1.821411682345631888e+01
2.897623731764598531e+01
3.397085598344371959e+01
3.061406415456333363e+01
2.101758220947822053e+01
2.351821272766904158e+01
2.272446179179071635e+01
2.353153681088117111e+01
3.587730902139460909e+01
3.437346290818697980e+01
2.576412353147734180e+01
2.612898246726459917e+01
2.237027951343052123e+01
2.585920631640739842e+01
2.742908417826298617e+01
2.576395526772967060e+01
3.149790903870865222e+01
4.006829733138942373e+01
2.941130437205925929e+01
4.200548893334791956e+01
3.109762774147515074e+01
3.266560169080995735e+01
3.806781224523421514e+01
3.962953557084968281e+01
3.260317967190498933e+01
2.672115117590113087e+01
4.755214961517372529e+01
2.973937380538869846e+01
1.705559131704407960e+01
2.241720399618798254e+01
3.140269408340604329e+01
3.986330731670082628e+01
2.269264001189874946e+01
3.408003638596790097e+01
3.242688919998326469e+01
2.905838491855918804e+01
3.533153032896272805e+01
4.575273843737504365e+01
4.583195168550182075e+01
3.521901742949518166e+01
4.332923352457546429e+01
3.448165434948378305e+01
4.111315131833433867e+01
3.069437255936858833e+01
2.777662090346230173e+01
3.111407241685304470e+01
3.054820432158034293e+01
3.461181433329557677e+01
3.558312035840656051e+01
2.803307661955727426e+01
2.684174587078348750e+01
3.056350696366049036e+01
1.786204713186335198e+02
2.154526527021247091e+02
2.284617411991023062e+02
2.059484479180451899e+02
2.249918165253686482e+02
2.191553460933217821e+02
2.016819928410132832e+02
1.962608187850339618e+02
2.221663407364285661e+02
2.499886040535094196e+02
2.105908727217370995e+02
2.473791651859194474e+02
2.325391771705342023e+02
2.567942415712729485e+02
2.843984739839957570e+02
2.626745668666291635e+02
2.107577743329057682e+02
2.285938934310727291e+02
2.429832509375019072e+02
2.423896194922365055e+02
2.572326002985695936e+02
2.833783036047267956e+02
2.562844857435246695e+02
2.780434058685135028e+02
2.398621413406935972e+02
2.366764799946797666e+02
2.266119708037978739e+02
2.189747868195896388e+02
2.299632329727302817e+02
2.756872605676517765e+02
2.813816153516057170e+02
2.587918781795977452e+02
2.926241472859520059e+02
2.792979414762443184e+02
2.645965265931199610e+02
3.084994713700469902e+02
2.834884753391052072e+02
2.969338440446673530e+02
2.818133743285123387e+02
2.810610262048749064e+02
2.563488791867520149e+02
2.734449624276846293e+02
2.834859006145669582e+02
2.903986252433485902e+02
2.797942302796673744e+02
2.841306658295457623e+02
3.034541560511362945e+02
3.204781915149748102e+02
3.149320212060721929e+02
3.499283252514639457e+02
3.269372090763678784e+02
3.340489449453202724e+02
3.071844877820518604e+02
3.340644393757139028e+02
3.095137987319137096e+02
3.260033133309355549e+02
3.245582482575687777e+02
3.438174650418671945e+02
2.974178858753585359e+02
3.261256335661302614e+02
3.140973303325120014e+02
3.343351181232474687e+02
3.091131075094256744e+02
3.178456038453907695e+02
3.284596593071705115e+02
3.254077581550200762e+02
3.240855887553820480e+02
3.209149831022271542e+02
3.075627882123110339e+02
2.930500781507536772e+02
2.844560312397688904e+02
3.035732659430120179e+02
3.177592463376776664e+02
3.241466065992642598e+02
2.881528037737508612e+02
3.048757841667539878e+02
2.613738227036415083e+02
2.742595349022538471e+02
2.978257943013494469e+02
2.784698352555618044e+02
2.672227664057177776e+02
2.678169077165768499e+02
2.455475196547196219e+02
2.559809965807781111e+02
2.773065094705507931e+02
2.476723936867248881e+02
2.324431923468044943e+02
2.435314045299317911e+02
2.296222345787599579e+02
2.277565753723026489e+02
2.323638603677875096e+02
2.513373099417642891e+02
2.183799710624899717e+02
2.234368613087482913e+02
2.415068404063129606e+02
2.531281443987675459e+02
2.291648002094670460e+02
2.377901459630770091e+02
2.429707414960683423e+02
2.476973699792448258e+02
2.159597598375076188e+02
2.358032987217789014e+02
2.366621783496270552e+02
2.473297197726375032e+02
2.369111657677441372e+02
2.405975309839222120e+02
2.434106311810332670e+02
2.606890425827091917e+02
2.599145559863730455e+02
2.517985595567000132e+02
2.818268529215129092e+02
2.941673998234379610e+02
2.544730204123634678e+02
2.560260307786454632e+02
2.706871235907910318e+02
2.818430043050183826e+02
2.681227908488347680e+02
2.873738437447277079e+02
2.595422291634374119e+02
2.747275858936791337e+02
2.345245887319070448e+02
2.449158776331915419e+02
2.432851148516340345e+02
2.552824921197867809e+02
2.694422057345549888e+02
2.663576334956878213e+02
2.522088574855487195e+02
2.346611007487106235e+02
2.578345877643085942e+02
2.464829817644273646e+02
2.430938040975393335e+02
2.448752843454556967e+02
2.442356989171489374e+02
2.493609332748869463e+02
2.555297377069617824e+02
2.481785318428792095e+02
2.536428483893529062e+02
2.474610961781021103e+02
2.562867184525903781e+02
2.566264873004187166e+02
2.818525611905298547e+02
2.823326708781525554e+02
2.591940072032500666e+02
2.410055030311041833e+02
2.570789115093048167e+02
2.483465790774723416e+02
2.653837850933078926e+02
2.571964683540730334e+02
2.523444250005282186e+02
2.399402696681279394e+02
2.642497240263075469e+02
2.397077062637173128e+02
2.647996517150160685e+02
2.266201943431537416e+02
2.387442549271334826e+02
2.418175295270190475e+02
2.493158577671581497e+02
2.303618886227301061e+02
2.453060009073464016e+02
2.361517955043153165e+02
2.230149007809208115e+02
2.273684886329492940e+02
2.204613590137699077e+02
2.119102704745050119e+02
2.351651029872530216e+02
2.076773514627826387e+02
2.264074822297485241e+02
2.086194324279018986e+02
2.094352279664416585e+02
1.927004006746853975e+02
2.077589156675366269e+02
1.954903981264161246e+02
2.031765982123673666e+02
1.773619774345385167e+02
1.880949931424933936e+02
1.673529410301114808e+02
1.740430788916488041e+02
1.765840623510425473e+02
1.857484375165768711e+02
1.780939208185340874e+02
1.748271164735956518e+02
1.940750186684937546e+02
1.840154162878988586e+02
1.769724137538790671e+02
1.695333075700493453e+02
1.623822143995861609e+02
1.362917129675219030e+02
1.430831326552971348e+02
1.633767208164650242e+02
1.227473665334731976e+02
1.530227944451391977e+02
1.429677836259740218e+02
1.299526341992445282e+02
1.781348324416623825e+02
1.227537368099699648e+02
1.534869044088219994e+02
1.709574869153253758e+02
1.637493518374281507e+02
1.487307033412031103e+02
1.450373890140375863e+02
1.577684952735494335e+02
1.602749386563854443e+02
1.674646447943985663e+02
1.322518371297117881e+02
1.717635536993404912e+02
1.609734592051692346e+02
1.283358987756527370e+02
1.261609867367785824e+02
1.360732249255622150e+02
1.730732221387010554e+02
1.742824693189145933e+02
1.638428851357411702e+02
1.404441474240392438e+02
1.391334839798029748e+02
1.224075555622773237e+02
1.410188469413321855e+02
1.558786263588127667e+02
1.527363407529644235e+02
1.505266241419171251e+02
1.665725185455133612e+02
1.437919391204341935e+02
1.387746277402285671e+02
1.386283949704808265e+02
1.720160073829767100e+02
1.534322187475521559e+02
1.632025359087581364e+02
1.635896528113775901e+02
1.549854421518756169e+02
1.605776443751072122e+02
1.451391987255854019e+02
1.368560968741339536e+02
1.500974611420865301e+02
1.697153256233809770e+02
1.599440288259781084e+02
1.442696516767034041e+02
1.766057887418012342e+02
1.741833624536768355e+02
1.585694976791284603e+02
1.555805537882034173e+02
1.794217788981156616e+02
1.732288527906516435e+02
1.352740082228722827e+02
1.524421087387979981e+02
1.424885361455622785e+02
1.744383077788221783e+02
1.653430761500990513e+02
1.467705375314697562e+02
1.570929692284847192e+02
1.420896903011777397e+02
1.721024444579418855e+02
1.279097236573861096e+02
1.397006477462504392e+02
1.399105432112210394e+02
1.698169374712807098e+02
1.398096990951271721e+02
1.295826691024199135e+02
1.483577109754295691e+02
1.544683005108013845e+02
1.587913147534754330e+02
1.335170010105126437e+02
1.452154513703088696e+02
1.455872135144157369e+02
1.430115484604110065e+02
1.539338413022505279e+02
1.465511619687838447e+02
1.389033708118050754e+02
1.204534901422491799e+02
1.233989661800012101e+02
1.307379429749146027e+02
1.661053519921286465e+02
1.695798736494568857e+02
1.239077644723255673e+02
1.354740914785004975e+02
1.464883096610596454e+02
1.448139727851365990e+02
1.216520977095720184e+02
1.399066019733770077e+02
1.007491895856535393e+02
1.342415808709455405e+02
1.222452259252848563e+02
1.082250514946289854e+02
1.468477778450898086e+02
1.274380555015456054e+02
1.440032369651724764e+02
1.304088123579769274e+02
1.647989074452760008e+02
1.356185558376396330e+02
1.300283191207603295e+02
1.467961330752296476e+02
1.367498110237031881e+02
1.367590131516291194e+02
1.271750452797288062e+02
1.122232886929009794e+02
1.208891629339646130e+02
1.465584653776830066e+02
1.509961243538415658e+02
1.282013224463075289e+02
1.182299840524875947e+02
1.375879173649214238e+02
1.413345534853972936e+02
1.260588018903316225e+02
1.348045518370537934e+02
1.142681717658153815e+02
1.312301965065365152e+02
1.366255590405132807e+02
1.266642084492156499e+02
1.367105961768714621e+02
1.632967153399652034e+02
1.447192679945982263e+02
1.534433408631626605e+02
1.508247075612605954e+02
1.468244145971134742e+02
1.221418658437064408e+02
1.300393488277237850e+02
1.394680513036151979e+02
9.943099638613968239e+01
1.231326470570768237e+02
1.430210661277197346e+02
1.439570487450347116e+02
1.081220415103537249e+02
1.380035526316185894e+02
1.286758439234754690e+02
1.601093596679130542e+02
1.502279185076465637e+02
1.509602946458290376e+02
1.723080038847126616e+02
1.613202856703016153e+02
1.620606669788446652e+02
1.596283030288415432e+02
1.561662447186937754e+02
1.298212228510875832e+02
1.663633506888543820e+02
1.310188551809352191e+02
1.664440142722205849e+02
1.739265418896043798e+02
1.487276345955522743e+02
1.459803333919731472e+02
1.483988508924875873e+02
1.450354675731333600e+02
1.545333903509444440e+02
1.371159216672804746e+02
1.131585728796642911e+02
1.396545895901627716e+02
1.403467107146270791e+02
1.288685788343918261e+02
1.148363624725620866e+02
1.397670426392988077e+02
1.491725840432990253e+02
1.010026647218435585e+02
1.290694763471518911e+02
1.526752785803635106e+02
1.313108764416980989e+02
1.227971484937987725e+02
1.103824932647013100e+02
1.545914061871063723e+02
1.195822713397808315e+02
1.136083346660121123e+02
1.335762054628505666e+02
1.159294478047270758e+02
1.543543328273781867e+02
1.366010907307242235e+02
1.294527636000079553e+02
1.264540770785605588e+02
1.490840841224330120e+02
1.339975797681694871e+02
1.264144714129768232e+02
9.769235612785874423e+01
1.021153745714044447e+02
1.307511335913798689e+02
1.249596822960434963e+02
1.205080871083583389e+02
1.276094442325783547e+02
1.220707814540441376e+02
1.180428379769442842e+02
1.274228157300110098e+02
1.408904402781602698e+02
1.214220220147652469e+02
1.301960845159499058e+02
9.927209463140837897e+01
1.150666756131824968e+02
1.495300865594182653e+02
1.237823907883371390e+02
1.225502194810239018e+02
1.357012600920110685e+02
1.039980239740879284e+02
1.045879914313514831e+02
1.617197361135311837e+02
1.294189617729403778e+02
1.153606566376117968e+02
1.106784289569548747e+02
1.411280809437402581e+02
1.410132239462154473e+02
1.256223491912620034e+02
1.323459349351921617e+02
1.638124163694086235e+02
1.271837903338197577e+02
1.318066122464526586e+02
1.351802498043970786e+02
1.246144186604074093e+02
1.154342296970861383e+02
1.318112104902791089e+02
1.320393627869688942e+02
1.584426951100298311e+02
1.250098514835990642e+02
1.561211297431333662e+02
1.021810708902011555e+02
1.288837454841537635e+02
1.391330493454097166e+02
1.378367378818667532e+02
1.045029595500362092e+02
1.320458329785290346e+02
1.078372260554904614e+02
1.231366141568589256e+02
1.375771761926518764e+02
1.377516315649121452e+02
9.678354413671796408e+01
1.418016077242457413e+02
1.024275483934771245e+02
1.415982211370129278e+02
1.206624711602006244e+02
1.530052587809102533e+02
1.336324627035372998e+02
1.417215919991729720e+02
1.144138454411641561e+02
1.527746647886801838e+02
1.570443204948169011e+02
1.349786700354473510e+02
1.398161874616498324e+02
1.431748867663194460e+02
1.293566569135398652e+02
1.209101647662163970e+02
1.520406640452575004e+02
1.745267130058926739e+02
1.475148110357272344e+02
1.267195502104172391e+02
1.440804244673604728e+02
1.164872577984045279e+02
1.333215823907939921e+02
1.313689576712480687e+02
1.364387767958133111e+02
1.425260663744140857e+02
1.345835669842844595e+02
1.483960036301393473e+02
1.554545055871349177e+02
1.600278792991019259e+02
1.599178808785473791e+02
1.766937787739140617e+02
1.666697605345443094e+02
1.206261844631871156e+02
1.396245463775045721e+02
1.421460104349410187e+02
1.394497361432586615e+02
1.543245910232206484e+02
1.848323901483089173e+02
1.298051425152840181e+02
1.344718509365765442e+02
1.235868615059382876e+02
1.181920889351664243e+02
1.450276045480203209e+02
1.186188990137518289e+02
1.322568563161242707e+02
1.250492606435107916e+02
1.642446549824014710e+02
1.164595733750437176e+02
1.266072458099927616e+02
1.342461786081775017e+02
1.243748443388186473e+02
1.139149003669197810e+02
1.493158998341393158e+02
1.446134136399207648e+02
1.461291563532545865e+02
1.327793721852576709e+02
1.231577191422463500e+02
1.424345329536571114e+02
1.360350427711470900e+02
1.282494968993795226e+02
1.477706283809281445e+02
1.287659737888081679e+02
1.528917914209972935e+02
1.170836773659305550e+02
1.478104937634193163e+02
1.398905238505669502e+02
1.682319551052122790e+02
1.390646371151096048e+02
1.317347983893716048e+02
1.168538213474413539e+02
1.346263698277688547e+02
1.782813184433702531e+02
1.329348248290409060e+02
1.413693788990445626e+02
1.482816070388161620e+02
1.644485079206683054e+02
1.923962096820270062e+02
1.871804808326106979e+02
1.430815016690974346e+02
1.206657968007680921e+02
1.029001968864129708e+02
1.379452048628297973e+02
1.567212341372082562e+02
1.305021348658621037e+02
8.551438827164987799e+01
1.204038271860949578e+02
1.203275471492476498e+02
1.309444542906776690e+02
1.126610967968100852e+02
1.205596450652638225e+02
1.289841623198313130e+02
1.369475620921913901e+02
1.278983869945012088e+02
1.447777903617571837e+02
1.014664261142810346e+02
1.278478112062299914e+02
9.665396852537254802e+01
1.075941420831096309e+02
1.123780018441511430e+02
1.255901577574327916e+02
1.070355075115940195e+02
1.258247100239652383e+02
1.646574774697469081e+02
1.511862099131104458e+02
1.151439899634468276e+02
1.627803656191236428e+02
1.373157368327599102e+02
1.157486942658116362e+02
1.279353916202245500e+02
1.554830998694775985e+02
1.290630582347514519e+02
1.307688867309309444e+02
1.588428972216322279e+02
1.322575678062349596e+02
1.333011381799230435e+02
1.210202478606976655e+02
1.459764193414222291e+02
1.186501061819798650e+02
1.382154731672362686e+02
1.421897711182754449e+02
1.017186889849698872e+02
1.190829704213218179e+02
1.244966352386996675e+02
1.376851551877786619e+02
1.147813934237580327e+02
1.327636054616132526e+02
1.497176545653877611e+02
1.307744862898555311e+02
1.404662950586795205e+02
1.447773386245976042e+02
1.318693500629206312e+02
1.278096352378755114e+02
1.477197055179858012e+02
1.379602126085540590e+02
1.369403097916942897e+02
1.152947642154903605e+02
1.565388659277131467e+02
1.516603115532895458e+02
1.279119935003322581e+02
1.590583360485869093e+02
1.675293462095848440e+02
1.343341694793240322e+02
1.359933576441741252e+02
1.889178769418276715e+02
1.426476916272393396e+02
1.217855946739665853e+02
1.082149789336742884e+02
1.126559072949936677e+02
1.228182027399669352e+02
1.349101688519584172e+02
1.326975494839099667e+02
1.319359042644911426e+02
1.347237731029859162e+02
1.583774384601323391e+02
1.287858058641515413e+02
1.130628860320819484e+02
1.163221931673291749e+02
1.163491185141645445e+02
1.201515048288450629e+02
1.198101418002130174e+02
1.370124803065453136e+02
1.224855262709134536e+02
1.253122534942316832e+02
1.324923691880150614e+02
8.159237858885303751e+01
1.197004922966371794e+02
1.339930278228866314e+02
1.276814841644409171e+02
1.164297087269164024e+02
1.155256222057560933e+02
1.213894696732925098e+02
1.044599195665762323e+02
1.200803000089404549e+02
1.179952131008943326e+02
1.356496996702643969e+02
1.366387162383226439e+02
1.394430709781580617e+02
1.537731689243627500e+02
1.271618157172593868e+02
1.223512613745782858e+02
1.199871985173859770e+02
1.625550156967761097e+02
1.424900619725399906e+02
1.539734952208693528e+02
1.241221929774466304e+02
1.261315579519292243e+02
1.467124885173165580e+02
1.596502738520900380e+02
1.279731945300987377e+02
1.306061162771866577e+02
1.176969022602662562e+02
1.385915583810259761e+02
1.477117119851947393e+02
1.614514811288460692e+02
1.277972358549363463e+02
1.158690108148723112e+02
1.501622383962709932e+02
1.358041265147906245e+02
1.519521694252049429e+02
1.486437622172989848e+02
1.423501440249407892e+02
1.726760532050317636e+02
1.254103334118519797e+02
1.101514977074268558e+02
1.271327968302347955e+02
1.390208511954808444e+02
1.514620470891414641e+02
1.278482081883561818e+02
1.312985663245223407e+02
1.294045865481012356e+02
1.574973391637140026e+02
1.366694451497466787e+02
1.228194884662637065e+02
1.078886996729223569e+02
1.186403928312051335e+02
1.122246452034143260e+02
1.095303026448851256e+02
1.065008714745510616e+02
9.377109148469729405e+01
1.299095798188115793e+02
1.434981511202441880e+02
1.393798352475258184e+02
1.062111538393044015e+02
1.473025059608264371e+02
1.339918818503342095e+02
1.314894558937357658e+02
1.327035006233082868e+02
1.459937553558264369e+02
1.143089697378388934e+02
1.302489412824327246e+02
1.307825335543153074e+02
1.252511690130046986e+02
9.436258355143274912e+01
1.246289227880352684e+02
1.168900565396493221e+02
1.159935956547614779e+02
1.378598308345858072e+02
1.759157342548103315e+02
1.722384169379161563e+02
1.137660790680528891e+02
1.427707484712542794e+02
1.328123922281477860e+02
8.997661334086120632e+01
1.029320051034315782e+02
1.248914518421122892e+02
1.159028387818999590e+02
1.425898343453817176e+02
1.082262392697637807e+02
1.447051818667147529e+02
1.473658291192618606e+02
1.405868361826052535e+02
1.331071835441425151e+02
1.419999442861802379e+02
1.145885486673011115e+02
1.259428281364423725e+02
9.658461951157606507e+01
1.625485390967459125e+02
1.390090953623843006e+02
1.150627933888921319e+02
1.217078730529974848e+02
1.070609489210659717e+02
8.997170894129789076e+01
9.400645846780176385e+01
1.053428021458598778e+02
1.097928992625080866e+02
1.376516017277911033e+02
1.336887335479173089e+02
1.206998255952845511e+02
1.191198284258069009e+02
1.324451156567268981e+02
1.290126128659461813e+02
1.464169977566107832e+02
8.164719757048598581e+01
1.241588272092496226e+02
8.941938652583814928e+01
1.303434768994964088e+02
1.313651479752547857e+02
1.414030269123387029e+02
1.117791160724542863e+02
1.378664522343759700e+02
1.281590184301556690e+02
1.266830234838918443e+02
2.044559163039091629e+02
1.331236593849671976e+02
7.968746552286951612e+01
1.370114417774979074e+02
1.158351978000242326e+02
1.403247538488767532e+02
1.471619176238418163e+02
1.186006307138607241e+02
1.372073419555552221e+02
9.802673334550047457e+01
1.105622512297019995e+02
9.568264329254195388e+01
1.131302585390077269e+02
9.878658105097331088e+01
1.588898492475071009e+02
8.377263614003960868e+01
1.332130709676689548e+02
1.178375697079499815e+02
1.424247860004494441e+02
1.038349298401671490e+02
1.346297267142412579e+02
1.597948735971193344e+02
1.397909395158023358e+02
1.391330265223924698e+02
1.200191642860409615e+02
1.278879900792548057e+02
1.651688160744621996e+02
1.175216856638554646e+02
1.246273596663177301e+02
1.283800679929730677e+02
1.354088128936281521e+02
1.330266051651585713e+02
1.039647580763507477e+02
1.002861038600174766e+02
1.319079691242911281e+02
1.212913922586526070e+02
1.623537840741407479e+02
1.813058150002377715e+02
1.330739440947663468e+02
1.437630934450394591e+02
1.183418599824185549e+02
1.352676860717074305e+02
1.676157255295939876e+02
1.537435616544333641e+02
1.148939039048628530e+02
1.091068072123918000e+02
1.619527810744977785e+02
1.208988376433754297e+02
1.379181505661544236e+02
9.967839543050298801e+01
1.322008471933150702e+02
1.572732284588671234e+02
1.282191172698290984e+02
1.702552957016995379e+02
9.353599001763564047e+01
1.281639690230543920e+02
1.512664781732021595e+02
1.282037116214499690e+02
1.600425602954898068e+02
1.372822492325082919e+02
1.385389248804441422e+02
1.041820736058204346e+02
1.166046563607040838e+02
1.226989084705474369e+02
1.046422548749966808e+02
1.081563136234976952e+02
1.234466488300893161e+02
1.389218191428265357e+02
1.105350613150797869e+02
1.163561823850093191e+02
1.691662769118190113e+02
1.450780605449333507e+02
1.289370012794240381e+02
1.256337747161362870e+02
1.123249709266002583e+02
9.066008244238500424e+01
1.194214530692611049e+02
1.728268044378861816e+02
1.072002152225559399e+02
1.198415963661542207e+02
1.115938724766737664e+02
1.143976048008908464e+02
1.339813552264596979e+02
1.136541511471566963e+02
1.114573910198079147e+02
9.001006888130090999e+01
1.041872463970617702e+02
1.249583785509350093e+02
1.137028461779892154e+02
1.325368594415831467e+02
1.411205599631077519e+02
1.270952290279745540e+02
1.184658082622070339e+02
1.175548280482778551e+02
1.323618411548766858e+02
1.510097357067087103e+02
1.487145667827565489e+02
1.436722426254930838e+02
8.412992105981238922e+01
1.057573621238153976e+02
8.704862747520792254e+01
1.273507825288524913e+02
