7.966536864525716410e+00
7.134706245649480749e+00
1.747931701922211900e+01
2.687644321058369457e+01
1.473456361027236028e+01
2.049759100377918486e+01
2.525984060953749122e+01
2.606380160336691532e+01
3.124489499777514467e+01
2.901611340253614202e+01
2.789489347990852863e+01
3.704938117700487510e+01
2.653055115535327602e+01
2.265393772043095666e+01
3.417391675903350290e+01
4.045622452115614465e+01
3.602051564413912388e+01
4.524509924520485527e+01
3.986209130935355205e+01
4.206029683556820942e+01
3.909363076138886584e+01
3.778357573850761497e+01
5.523528198227034380e+01
4.294810059638478350e+01
4.912389377428100801e+01
4.067632951375699690e+01
2.300851682648804086e+01
2.283415836277971067e+01
2.475039125913697546e+01
2.613936656091226141e+01
2.542315273328830116e+01
2.837618805825528767e+01
2.575857535910856555e+01
3.415005889442715414e+01
3.110515737105901479e+01
2.001428735710649676e+01
3.134371019531759828e+01
3.646503947991013916e+01
1.791245324356937729e+01
1.743228940003522709e+01
3.190694083165281114e+01
4.370970596941590713e+01
3.334787752490351664e+01
3.692486057456508775e+01
2.934462948467131227e+01
2.863630022445389400e+01
3.073112335407928342e+01
2.941966033559770111e+01
5.662136346747727345e+01
3.318731390429261552e+01
3.381441026858312426e+01
3.828295349084384469e+01
2.546651587218873303e+01
3.077391143456342704e+01
2.979900283356142765e+01
3.723752165432453864e+01
3.455621915618549167e+01
2.529375033208910750e+01
3.279164158406634755e+01
2.964858401628151086e+01
3.397540036213437276e+01
3.409558558713710852e+01
2.448226418751623257e+01
3.032699439571745970e+01
3.685972072575282965e+01
2.431069342315622706e+01
2.373613475208536272e+01
2.168573784459146125e+01
2.003915162859163601e+01
2.202707903134826850e+01
2.406835927109407081e+01
2.855666728918819430e+01
2.966926229450209718e+01
2.872251987488618497e+01
3.043529693442120632e+01
2.785183281255913101e+01
3.631651741082450968e+01
4.368277578980577402e+01
2.229955851341699713e+01
1.820851650557887424e+01
3.677666058715012554e+01
3.718313716869687369e+01
3.439826278318344777e+01
2.308396316617732325e+01
3.624905144169451177e+01
3.415311084451192158e+01
2.305514707996511703e+01
2.329868036697065037e+01
2.715648755339782383e+01
2.803090076854086377e+01
3.030788584400695385e+01
3.548632448364876524e+01
3.459136048814195163e+01
4.425285222978705235e+01
2.975033936340803109e+01
3.721261745777195529e+01
1.850551178659976870e+01
2.387935531657210930e+01
2.558269739104848028e+01
2.914143961478007938e+01
2.825403759957752214e+01
2.951525352285226234e+01
2.668210510624916765e+01
3.130387750885610743e+01
1.958794712982970765e+01
2.961987157306558061e+01
2.620970420787991984e+01
2.486585043694110553e+01
3.476703713100904025e+01
3.073762647554437777e+01
2.682680824692663535e+01
3.003061396387422732e+01
2.604425271670821118e+01
3.158007001669431801e+01
2.452416013386681115e+01
2.323249482500101593e+01
2.669098420018991291e+01
2.567157607807818209e+01
2.389206920275846713e+01
2.465965972318361210e+01
2.270050831603484909e+01
2.080265607154212759e+01
2.748168033873244553e+01
3.490031059273967884e+01
3.013970111411279973e+01
2.659025987054943840e+01
2.892186071347009602e+01
3.966759633440616284e+01
3.182288195339242876e+01
4.172423749726415565e+01
3.280214722143344375e+01
4.095769647362093480e+01
2.672771433064215785e+01
2.890121574948988581e+01
3.430896709041136461e+01
3.300633324252521561e+01
1.817637983306454430e+01
2.144248456536129765e+01
3.290807209376528419e+01
1.979517222355837092e+01
3.616629207467020279e+01
3.038755564705350665e+01
4.443271241563576268e+01
3.954368757608849450e+01
4.903505596274673906e+01
5.157035513472033728e+01
4.623786717759288933e+01
3.842545902161022298e+01
3.658135713349203400e+01
3.505935358350612319e+01
5.485191207505251043e+01
3.737074084362915016e+01
2.546638098662031524e+01
2.951916371324609045e+01
4.104031035093142066e+01
3.390148948366524451e+01
2.978699369950459541e+01
3.597173702834916753e+01
2.022744632105199258e+01
2.411944145642852178e+01
4.004209075057535472e+01
3.311977085581011693e+01
3.226472567614104037e+01
3.980022268341365077e+01
3.058041102937800915e+01
3.723701239323875711e+01
2.832931569520698289e+01
3.471736764889654125e+01
3.531429311709948138e+01
3.796101350737745150e+01
3.235821221234785128e+01
2.955951624558612068e+01
4.330164872020952771e+01
3.139684070897622092e+01
4.644559901912353439e+01
4.288189705809671892e+01
3.906471177954238527e+01
5.703794776051964277e+01
3.827852486762264306e+01
4.427199128677900575e+01
2.382496519145678704e+01
3.252411342015468421e+01
4.339485128295123673e+01
4.507649045444093616e+01
4.086311937895599300e+01
4.216311940714389550e+01
3.459876892474677845e+01
3.902087611581489313e+01
3.657489242891369230e+01
3.590365862805170138e+01
4.058845344381130360e+01
4.815931841192332286e+01
2.885022708747252906e+01
3.062211528132633376e+01
3.166490124900984071e+01
2.869274343148325457e+01
3.030308128297590997e+01
2.877905437441865999e+01
3.101456004066126937e+01
3.779201940427919482e+01
2.655094817636857130e+01
3.100581939733833536e+01
2.074533739665441701e+01
2.600214092263549404e+01
2.862934469046710717e+01
2.205556550147655770e+01
2.283538433754046437e+01
2.459638346387214369e+01
3.850781002364119132e+01
4.015538767973350787e+01
3.479120093763327048e+01
3.622268275853256370e+01
2.603797728099129571e+01
2.987151336888046060e+01
4.441951606809917763e+01
3.871727635537170187e+01
3.353438120214948981e+01
2.584694517832469174e+01
3.865265229535268787e+01
2.848205689757742576e+01
5.939337460046508710e+01
4.743389480167199679e+01
4.296409187933403473e+01
2.898024773282699940e+01
4.260892829231276124e+01
3.933884115569122741e+01
2.627568829735858813e+01
2.809582774308812958e+01
4.303641337991243176e+01
3.501591759741871357e+01
3.196917914731089994e+01
2.919722774489022754e+01
3.651876264068320666e+01
3.085251762481550486e+01
3.557616002275251788e+01
4.549101896567742642e+01
3.238966899677970446e+01
2.568014884103640583e+01
3.115740683417379486e+01
2.967746784795317083e+01
4.619039880754801430e+01
4.814911812778446176e+01
3.876790799198722226e+01
3.654491287362690599e+01
3.447465542395913474e+01
2.909964393556664675e+01
3.653522957323008313e+01
6.120432936191815543e+01
7.907873329146214303e+01
7.336438798280477158e+01
5.573889596066126018e+01
5.996342048982171491e+01
7.148313150472863242e+01
8.484935542469669656e+01
1.275226645002304906e+02
1.343100306099935608e+02
1.103464979195754410e+02
1.437311034175493774e+02
1.347748316285043018e+02
1.761359527793161988e+02
1.985810670642208038e+02
2.111284853315189594e+02
2.315618265534292277e+02
2.148505748385450147e+02
2.454224571574251286e+02
3.303285204741025041e+02
3.350176022014460386e+02
3.192625513070441912e+02
3.842984324769502678e+02
4.033580307681190220e+02
4.239182033878159359e+02
4.229516246978116101e+02
4.915856706693650722e+02
5.646968809594887944e+02
5.560830794268541695e+02
4.212446428119827715e+02
2.193430586428095808e+02
1.665512331971779076e+02
1.566097838599501699e+02
1.607994741257340081e+02
1.733418236102970695e+02
1.736940928588986992e+02
2.002663542426562628e+02
1.984728716510200854e+02
1.760769488923782546e+02
1.997131030135325602e+02
2.038999129349236910e+02
2.115162312170043322e+02
2.090077909024520011e+02
2.133729468894006231e+02
1.984666350544067086e+02
2.048175788529495662e+02
1.999201297140437248e+02
1.958279644664421255e+02
1.788086837155857722e+02
1.930300353034441514e+02
1.906620654815285718e+02
1.948091677659905940e+02
1.902954318337556856e+02
1.848583033321962148e+02
1.956272070123229128e+02
1.994447337515524907e+02
2.007815665464742381e+02
2.037241651023477687e+02
2.305681027465309683e+02
2.346505529050674284e+02
2.297380207570519985e+02
2.275906732322049209e+02
2.373240890810200767e+02
2.451095430849171066e+02
2.710186928396925055e+02
2.711884912444128872e+02
2.840794675667351612e+02
2.783397731866393769e+02
2.853551822285418211e+02
2.876249849025628009e+02
2.900825644934304819e+02
2.730887435829267815e+02
2.824919905892161296e+02
2.880025136033148669e+02
2.941241554186117924e+02
2.933127736007805879e+02
3.078042163374415168e+02
2.966869791981142725e+02
2.861490969536264402e+02
2.828793919383797402e+02
2.826932379008681551e+02
3.119453110077944871e+02
3.772717360431329894e+02
3.877504847556855339e+02
3.898475480061716780e+02
3.790957533133997686e+02
4.033490883886931329e+02
4.387670371220315815e+02
4.150054514908789542e+02
4.472009390902582595e+02
4.406935522360829509e+02
4.649752317664721204e+02
4.718820080177659975e+02
4.857710279232328503e+02
5.140327128059867619e+02
5.247367420843183936e+02
5.506044038230276101e+02
6.138590136735783744e+02
5.947282272432628361e+02
6.433143571495735387e+02
6.357461979470795086e+02
6.361929980753352538e+02
6.086338238457119587e+02
6.711177551410862634e+02
6.920063912967835904e+02
7.394334066671386836e+02
8.863478856251930438e+02
7.427507072225123466e+02
5.182104616401185240e+02
4.280502133739728379e+02
4.034152161662013896e+02
3.786347133243535268e+02
4.151455567362730790e+02
3.937988868847289154e+02
4.316568178513609269e+02
3.937132808318821731e+02
4.336771329492289055e+02
4.163654162146202111e+02
4.331983036905442077e+02
3.899430545142103028e+02
3.858154241377319522e+02
3.744266554622116701e+02
3.607422335631076749e+02
3.602738627432516978e+02
3.205707257502631933e+02
3.273760744250210450e+02
3.269994684548103692e+02
3.303213158104050535e+02
3.577944718518158425e+02
3.209950156445069638e+02
3.589396492856420195e+02
3.742419638431146609e+02
3.476258808991044020e+02
4.040600240620710224e+02
3.769823295205917475e+02
3.874696287604114104e+02
4.300140493411499278e+02
4.440498537988914336e+02
4.583063267427712617e+02
4.716396863249449893e+02
5.266734064820027470e+02
5.340778182306505641e+02
5.763295374452598026e+02
5.626340812253978356e+02
6.084059330775961598e+02
6.026445738451950547e+02
6.608929313313025204e+02
6.550357060011239128e+02
6.471077886300658975e+02
6.409204242228221347e+02
6.696808597396114919e+02
6.619848136402232512e+02
7.031872283011257423e+02
6.966742871452731833e+02
6.832393158958753929e+02
6.763694939394346193e+02
7.030549635288419950e+02
6.959917996700335152e+02
6.728657561362105071e+02
6.575383430543522536e+02
6.732816576830989561e+02
6.684014183760669994e+02
6.719892555833140477e+02
6.661633737882790456e+02
7.059880092544768786e+02
7.010448075847060636e+02
6.971580938335267774e+02
6.904125697100328125e+02
7.241800991899516475e+02
7.091104284600487517e+02
7.438550842694459106e+02
7.422762347672706937e+02
7.432418558343196082e+02
7.436853464669731011e+02
7.877509183445598637e+02
7.897955058825306196e+02
8.486922964990063747e+02
8.518522558298285503e+02
8.380814166150012170e+02
8.336632919718814492e+02
9.662901201355022067e+02
9.732438185327721385e+02
9.452060933142752219e+02
9.529345155704364743e+02
1.026360621482730494e+03
1.035068715882282959e+03
1.041114943726708361e+03
1.051298523614652595e+03
1.152459728580249475e+03
1.152397215339152581e+03
1.183996838674171158e+03
1.197374437216389651e+03
1.263003075707214975e+03
1.277978318692112452e+03
1.311520158361520089e+03
1.326691014162374813e+03
1.393943198637205569e+03
1.409200214606586769e+03
1.442810206211314835e+03
1.456791359234096262e+03
1.544154249975396169e+03
1.563409797997678879e+03
1.572516530524499103e+03
1.594841796223887741e+03
1.721318852045618087e+03
1.740800651851697012e+03
1.792069174393748426e+03
1.814615647734631239e+03
1.972383002622172853e+03
1.970101562485991280e+03
2.010472704049612048e+03
2.037917758190371160e+03
2.126636253947986461e+03
2.155787280263210050e+03
2.227210650739059929e+03
2.258520094628074276e+03
2.429625416169970777e+03
2.464236270059270282e+03
2.502881537133894199e+03
2.527602333431073930e+03
2.652153501915505331e+03
2.680682448906481113e+03
2.634658982486197601e+03
2.633796366897481676e+03
2.783084313287602981e+03
2.782208805700269295e+03
2.771662681037037601e+03
2.770739104871065592e+03
2.884551444776643166e+03
2.886595789814852651e+03
2.982379557061033211e+03
2.981438616132611969e+03
2.875222982501993556e+03
2.874310719969384081e+03
3.098246742496742627e+03
3.097302151335569306e+03
3.231750773529180151e+03
3.230763506881127341e+03
3.211149570291091095e+03
3.182405172245497852e+03
3.230327466195773923e+03
3.229312360414069190e+03
3.209391302660797464e+03
3.208361683033976988e+03
3.192840806496967616e+03
3.191873256860344554e+03
3.184837619318295765e+03
3.183855495864670502e+03
3.209154464889189057e+03
3.208525515011677726e+03
3.242055981513479310e+03
3.241137300532763220e+03
3.238471165299015411e+03
3.237554867965670837e+03
3.258268413243533359e+03
3.257336930271092115e+03
3.275581262450035410e+03
3.274662283882209067e+03
3.237139506208957300e+03
3.223219700254130203e+03
3.255924570138145555e+03
3.254997059189721313e+03
3.302889155904472318e+03
3.301978793538413356e+03
3.330287098103824974e+03
3.329385037298626230e+03
3.338467054201946667e+03
3.337600212713624387e+03
3.317517402853881322e+03
3.293421463621313251e+03
3.333699548890773258e+03
3.332781641421170207e+03
3.345998466255104177e+03
3.345101730205356034e+03
3.335407123527583735e+03
3.334556106362575520e+03
3.380334826522374897e+03
3.379436931824471230e+03
3.394589432939941162e+03
3.386817743045782663e+03
3.386819818141959331e+03
3.385951140100823977e+03
3.450139748518570741e+03
3.449324239551382561e+03
3.391707685056899663e+03
3.390850506771027540e+03
3.405256964259122469e+03
3.404491457969428211e+03
3.411739655078309170e+03
3.406765804875931735e+03
3.432413419849529419e+03
3.431665650542032381e+03
3.400619395582568359e+03
3.399855850472232305e+03
3.399261933375658828e+03
3.398478153057931195e+03
3.396808305278271746e+03
3.396054102127887290e+03
3.394757930453390145e+03
3.429361531658635613e+03
3.409673844120852664e+03
3.408972009872779381e+03
3.400012671301640239e+03
3.399291736081099771e+03
3.389859998050919330e+03
3.389138735642486608e+03
3.427777032116361625e+03
3.427010398214357792e+03
3.416662697304312132e+03
3.479050430555068488e+03
3.470620175704607391e+03
3.469855746119459127e+03
3.485697516222677677e+03
3.484994177195422708e+03
3.387253294308671229e+03
3.386535193051400256e+03
3.385875502084860727e+03
3.385128781216193147e+03
3.438960993285989844e+03
3.429956378666783166e+03
3.403676475256420872e+03
3.402976861391026432e+03
3.307496852816377668e+03
3.306811056333073793e+03
3.333050130459986121e+03
3.332329819264335129e+03
3.356417970630309810e+03
3.355727355649860328e+03
3.430417217107961733e+03
3.432903361998102355e+03
3.424784064960038449e+03
3.424120560336188646e+03
3.412036246075754661e+03
3.411379635057557607e+03
3.430988276309479261e+03
3.430287639815827333e+03
3.378376397914480094e+03
3.377724006146189367e+03
3.435240531335272863e+03
3.485803811700161077e+03
3.433018940883157939e+03
3.432300367746463962e+03
3.430702355212904422e+03
3.430030662349958675e+03
3.393078261392086006e+03
3.392416626558049757e+03
3.426863504952971653e+03
3.426208176064868439e+03
3.423409187413742529e+03
3.428878011205606981e+03
3.400201413945339027e+03
3.399583691751088736e+03
3.362199419376463993e+03
3.361522454359064795e+03
3.384061587820591740e+03
3.383417302019928229e+03
3.385765491302065584e+03
3.385096196916489134e+03
3.365687930087692621e+03
3.380001395311758642e+03
3.369913874260100783e+03
3.369229145250066722e+03
3.451282283272785662e+03
3.450587130498274291e+03
3.441618669373503508e+03
3.440967953258594207e+03
3.457954093563176684e+03
3.457322962379279033e+03
3.408673278075867529e+03
3.386939542803111181e+03
3.391427143377898119e+03
3.390815644596304082e+03
3.361569467925955905e+03
3.360966626508305126e+03
3.360507317590255752e+03
3.359870568399627246e+03
3.377567459496352058e+03
3.377010580548491362e+03
3.338589077231894407e+03
3.363221965774808723e+03
3.431578234268464257e+03
3.430958272514721557e+03
3.401522135541696116e+03
3.400949171897651468e+03
3.314691147214478406e+03
3.314112058234141386e+03
3.303219642303994988e+03
3.302576270338041013e+03
3.348295552112893802e+03
3.395869957259170860e+03
3.403651923589809485e+03
3.403141828143277507e+03
3.320787884901370489e+03
3.320258398989668876e+03
3.332081912762889260e+03
3.331536140093565791e+03
3.372318707717995949e+03
3.371774817032495775e+03
3.371837936686671583e+03
3.372730854954256756e+03
3.392236053411450939e+03
3.391629001793982297e+03
3.378302724290855622e+03
3.377777535388323031e+03
3.332162155541669563e+03
3.331612062991946914e+03
3.359169039388844340e+03
3.358574276964928686e+03
3.387552919221884167e+03
3.348848095435431787e+03
3.303745391243875019e+03
3.303156347078941053e+03
3.320588723716437926e+03
3.320060372735057172e+03
3.326449583105973034e+03
3.325906707431200630e+03
3.307633961888723206e+03
3.307128441812365509e+03
3.329314864105934703e+03
3.321907155602413241e+03
3.325077253858057247e+03
3.324624359280700901e+03
3.345149202624285863e+03
3.344657124918408044e+03
3.334347742193112936e+03
3.333853327746131527e+03
3.383892305289531123e+03
3.383426360914277666e+03
3.377779283799432960e+03
3.365376536169662359e+03
3.373720473440167552e+03
3.373238968919515173e+03
3.378554779459377187e+03
3.378054178653300369e+03
3.330323728810449211e+03
3.329896926949591034e+03
3.317335595600511624e+03
3.316886325921926073e+03
3.345776370957874860e+03
3.336853180407033506e+03
3.339488629618158029e+03
3.338988359753745499e+03
3.345729077968108413e+03
3.345214754666003500e+03
3.335430153883570711e+03
3.334931870239170166e+03
3.341238820167113317e+03
3.340804079670708234e+03
3.350793318069509496e+03
3.389407369046758049e+03
3.344419443215597312e+03
3.343999858326980757e+03
3.316560397379931601e+03
3.316106647406247248e+03
3.353483284249282406e+03
3.353027084617131550e+03
3.350227486221514027e+03
3.349759515123987057e+03
3.368814538770442141e+03
3.354052785770154514e+03
3.331963553707622395e+03
3.331550024282660615e+03
3.338046511802676378e+03
3.337565047184745708e+03
3.348470672991570154e+03
3.347999347665563164e+03
3.335448576387644607e+03
3.335008704284113264e+03
3.284837753853772938e+03
3.299502093440760291e+03
3.320395939384296071e+03
3.319982721877236600e+03
3.310099568488826208e+03
3.309651807118850684e+03
3.342217047450376867e+03
3.341875906218835553e+03
3.289883768162276283e+03
3.289471431993272290e+03
3.188541304681646579e+03
3.163695163385822980e+03
3.308228496543192250e+03
3.307808028508102325e+03
3.338634840869479831e+03
3.338235236368110236e+03
3.352744320705009613e+03
3.352360060953494212e+03
3.328487128096668584e+03
3.328067322629160117e+03
3.364298322049706258e+03
3.351618913300005261e+03
3.340169839237300039e+03
3.339746975602606199e+03
3.355777237336103099e+03
3.355372450340374144e+03
3.328643781083303566e+03
3.328225641553023706e+03
3.273121648025205104e+03
3.272757263513498856e+03
3.288556246590534556e+03
3.317070739769197644e+03
3.330215947095036881e+03
3.329831551523556755e+03
3.307161798012294184e+03
3.306775656192823135e+03
3.353397409710979446e+03
3.353022759081546610e+03
3.328713834514606788e+03
3.328338590094607753e+03
3.310137680538480708e+03
3.281110891399900083e+03
3.288767759696728717e+03
3.288369106237376400e+03
3.301049802472808551e+03
3.300696107455613401e+03
3.298176208689408668e+03
3.297818513774223902e+03
3.341055397923099008e+03
3.340707462036741163e+03
3.317556481217166038e+03
3.305127273847339438e+03
3.275913011691729480e+03
3.275628225605941680e+03
3.245850825269825236e+03
3.245497538562655336e+03
3.268754430866737039e+03
3.268421435281602498e+03
3.300325790164409227e+03
3.299992142828021315e+03
3.262639665013343802e+03
3.325923623635639160e+03
3.318393264676228227e+03
3.318065572074829561e+03
3.358718524931728552e+03
3.358328706296080327e+03
3.294943246555038058e+03
3.294639473820437161e+03
3.324091882537909441e+03
3.323768271699807883e+03
3.301609002017548846e+03
3.333131124602593445e+03
3.228879789157494997e+03
3.228540765284695681e+03
3.355866660532082733e+03
3.355542201413604289e+03
3.292478692304020569e+03
3.292200504090617869e+03
3.267032848007757366e+03
3.266700064365405979e+03
3.292969016063797426e+03
3.310075457387124061e+03
3.304922415314457794e+03
3.304621497413452744e+03
3.269902868315319211e+03
3.269636832873229650e+03
3.287058405318016867e+03
3.286720416851868777e+03
3.328656129568143569e+03
3.328354221175507519e+03
3.218101680180318908e+03
3.231796456602496164e+03
3.278612654337111508e+03
3.278283382054309186e+03
3.289925726328343444e+03
3.289657887106850012e+03
3.310686362468903553e+03
3.310435849319357203e+03
3.329646832000877112e+03
3.329237817088455358e+03
3.308503920547264897e+03
3.310731608336474437e+03
3.319994405647546500e+03
3.319708154163870404e+03
3.322844765966536215e+03
3.322484109304417416e+03
3.300723690930508837e+03
3.300445982496076795e+03
3.264312736579336161e+03
3.263904756959375845e+03
3.305221108139206990e+03
3.307670170301691996e+03
3.306640687809270275e+03
3.306253560975381788e+03
3.283075577652589345e+03
3.282695521335607282e+03
3.288535449758163850e+03
3.288142509310654077e+03
3.267821738786146398e+03
3.267567022689606802e+03
3.272287425645060921e+03
3.288515861212837081e+03
3.321031683434946899e+03
3.320772039801036044e+03
3.333945979043156967e+03
3.333539509975178589e+03
3.280728715039971121e+03
3.280430751192898242e+03
3.188643748129950382e+03
3.188258651416603698e+03
3.299920003161857039e+03
3.302358310062163127e+03
3.208718547983874942e+03
3.208334157617327037e+03
3.304962077066829806e+03
3.304643826034496669e+03
3.276230150121987663e+03
3.275883942784817918e+03
3.285863487904476187e+03
3.285508954925599937e+03
3.292228320539022207e+03
3.266000831248859868e+03
3.293753709614850777e+03
3.293396331760936391e+03
3.288722526560148708e+03
3.288348230524936298e+03
3.299814714989176082e+03
3.299491315218316686e+03
3.269699746003949258e+03
3.269361199285556268e+03
3.317714606273093978e+03
3.342549640303675460e+03
3.309299478518758406e+03
3.308976885486050378e+03
3.290179216721266130e+03
3.289838062377937149e+03
3.276445793867502289e+03
3.276087835822294437e+03
3.260346389439510858e+03
3.260053250518418736e+03
3.191591385927638385e+03
3.193302476676768492e+03
3.307349281899058042e+03
3.306981978487167908e+03
3.283726403032754661e+03
3.283397444778486715e+03
3.268570465097987835e+03
3.268204718747625520e+03
3.237872138051845468e+03
3.237558032142794673e+03
3.286438592198245260e+03
3.232216095387760561e+03
3.289955591466432452e+03
3.289601964074703119e+03
3.274888770846651823e+03
3.274545644616181562e+03
3.290715437461854435e+03
3.290411466211605784e+03
3.223651947338775244e+03
3.223355902627891737e+03
3.259032355258797452e+03
3.257752077469961478e+03
3.249794423590599308e+03
3.249478100753451599e+03
3.290246645025602447e+03
3.289941601735530185e+03
3.315718583136313100e+03
3.315374827227915375e+03
3.294310638900027698e+03
3.294012461068831271e+03
3.170820670834985322e+03
3.130194335142660748e+03
3.178980521967342156e+03
3.178472949093201805e+03
3.235483554358584570e+03
3.235154193430224950e+03
3.163960208131735271e+03
3.163660767438385847e+03
3.181356578807441565e+03
3.181067814671670476e+03
3.254968407907628261e+03
3.237780739491404347e+03
3.244682905250535896e+03
3.244334709504874809e+03
3.282482552083381961e+03
3.282078911288587733e+03
3.226751957202607628e+03
3.226391815008092635e+03
3.247046594567443663e+03
3.246698416216722762e+03
3.217667214833606977e+03
3.226588865567382982e+03
3.228762118561222906e+03
3.228769745630189846e+03
3.244136040134169434e+03
3.244142884738234443e+03
3.247686283787882530e+03
3.247693996406896531e+03
3.225078122770867139e+03
3.225085395888533640e+03
3.225080158465952081e+03
3.237078476991044681e+03
3.247473873777887093e+03
3.247481871405493166e+03
3.216423655244934253e+03
3.216430658796409261e+03
3.221157393267641055e+03
3.221164225647301919e+03
3.258776391343741579e+03
3.258784448758918643e+03
3.264407590870207059e+03
3.268355327872295220e+03
3.266988664793722364e+03
3.266996319104791837e+03
3.164583422295482706e+03
3.164590324462568788e+03
3.242309889478270179e+03
3.242316416106246834e+03
3.187158288297085164e+03
3.187165576313268048e+03
3.239661703152257360e+03
3.245406102512094549e+03
3.229437239716804470e+03
3.229443625929446625e+03
3.233291374833559075e+03
3.233298930925848254e+03
