1.293936580436234962e+01
1.088579856776999222e+01
1.632559234051971941e+01
1.521238870598321746e+01
2.066197412864697469e+01
2.521004291875650694e+01
2.276189256355616664e+01
2.383847772841003376e+01
2.624062155579068900e+01
1.758565809642298561e+01
3.924806434582752956e+01
3.858536900338552300e+01
3.454766205736927986e+01
2.396958352786797519e+01
2.781469876370869443e+01
3.088379968869572068e+01
2.682009660114863436e+01
3.495191127244134321e+01
4.576015320789326069e+01
3.941111387557822354e+01
2.459998669984317488e+01
3.019205369116525262e+01
2.529062714543271539e+01
2.297132296415867003e+01
2.427391859599257273e+01
3.758879774725094336e+01
4.037345789742104074e+01
3.040125683132453460e+01
3.904187982280384972e+01
4.145672400221398135e+01
3.628782999452666758e+01
2.858066928896100833e+01
3.438383176204690272e+01
2.278693111888975054e+01
2.368438880027176552e+01
3.784790568262139487e+01
4.173100107373753787e+01
3.777039178162891631e+01
4.492578888570845663e+01
4.499158739448971289e+01
2.676641272076795985e+01
2.898337604249548605e+01
2.738068745394901526e+01
3.078218850783437688e+01
3.137457915017455079e+01
2.994345382770847053e+01
3.110583249514028736e+01
2.651294171076673578e+01
2.509958783297292584e+01
1.971491143851443439e+01
2.709563345364263043e+01
2.295299455019037538e+01
2.850473354143472449e+01
3.001791516580773944e+01
4.899735499504640757e+01
3.021997690738403719e+01
2.446515318729206712e+01
2.175624336373778078e+01
2.380123645506335706e+01
2.510128777607904027e+01
2.193115780124874803e+01
3.033340545429372170e+01
2.730488783762336169e+01
1.844660426146938192e+01
2.613147184042778903e+01
2.800879048673487404e+01
3.320991673911404263e+01
2.290019798646003224e+01
2.218807032361689835e+01
2.816513897318275994e+01
3.268943289208432645e+01
2.619999087052670816e+01
1.824587659937930795e+01
2.930460460175943282e+01
2.656317080623928817e+01
2.739928525403863446e+01
2.766903012128950934e+01
2.392976780198155495e+01
1.260194208662599635e+01
2.812864797257400795e+01
3.669991983569739347e+01
3.669924916199408216e+01
4.886391292294033661e+01
4.058318724788580312e+01
3.001603203932979014e+01
2.919023218446456269e+01
2.113818864365568828e+01
2.869874482009710093e+01
3.081980865189842334e+01
2.393051616120426672e+01
2.710547889881010164e+01
2.196751181052107782e+01
2.631360814052557373e+01
2.965477879166247988e+01
3.135825392314344029e+01
3.840767241569966473e+01
3.913705966937561698e+01
3.626700905202414305e+01
5.353875126403526963e+01
5.530429488187628095e+01
5.542104642613408316e+01
5.028925638075256188e+01
3.363346460784205760e+01
3.620079275704280519e+01
2.459017714689498391e+01
3.618092163636337943e+01
3.180378371064402643e+01
4.231894625278807354e+01
4.659730026460073304e+01
4.770310000992773070e+01
3.142132464720630836e+01
3.769029299951139933e+01
3.226401405268106970e+01
4.972898631329308472e+01
3.398058093592850071e+01
3.285488414839300475e+01
3.982476987309321714e+01
4.013251244081373414e+01
3.479189260873248912e+01
3.462606749000438811e+01
2.052961464736299391e+01
2.274524869140821792e+01
2.469121334694646919e+01
2.703305962381100613e+01
2.824128539033470986e+01
2.107816579807656865e+01
2.581310396308215971e+01
2.905992558100595247e+01
2.795094949310134069e+01
2.483591436284470078e+01
3.093716750255857662e+01
3.617863539895455460e+01
2.883269404411223746e+01
2.437388977658343592e+01
3.733755691054048498e+01
3.471603320208554777e+01
2.681309289341340829e+01
2.933469949442820379e+01
2.625624276954313174e+01
3.965534561392126989e+01
2.908096738272311299e+01
2.283218121833990111e+01
3.328418543403767416e+01
3.024447899067119749e+01
2.330634234202932475e+01
3.324757452942832003e+01
2.590782241654884643e+01
2.913086793984232159e+01
3.325434283813807212e+01
2.972969941819090067e+01
2.529316607495282199e+01
2.511245528520739967e+01
2.476717777904386253e+01
2.618279877571609404e+01
2.423481399674808401e+01
3.058202020567885171e+01
2.931661261480363123e+01
2.818964385352383317e+01
2.796236548242114139e+01
2.611659345277499966e+01
2.833455184079626221e+01
3.404092309964958929e+01
3.051196580254344326e+01
3.243928608070167741e+01
3.847251542187086670e+01
4.091004906688085185e+01
4.239694089841998448e+01
4.218401692898443400e+01
4.274179208104786198e+01
3.463044150607829863e+01
4.909089743259542615e+01
5.482970843409864159e+01
6.697226927976026900e+01
6.089806308378969391e+01
9.571751947208734634e+01
9.712878441672060603e+01
1.128252652487870051e+02
1.161756011841412146e+02
1.339282740525188160e+02
1.327633886523117042e+02
1.219419477773354998e+02
1.351349751588280981e+02
1.761221659230884882e+02
1.723183272642772295e+02
1.941033965356769215e+02
1.931973547325828804e+02
2.230200903985818002e+02
2.018059965234181732e+02
2.463771937750273651e+02
2.388798994425565638e+02
2.948919635635817826e+02
2.832964624679592589e+02
2.725410677567222137e+02
2.876967234290191868e+02
3.257749379830407293e+02
3.120058875200658690e+02
3.283826265101661761e+02
3.281718686537288932e+02
3.364506958230811620e+02
3.333518045736848308e+02
3.605557219106331672e+02
3.763178841276078970e+02
3.692104112804864826e+02
3.816686418604118671e+02
3.975728404643689942e+02
4.069722086725082590e+02
4.182668969554541150e+02
4.219773403542070582e+02
4.036996916929489885e+02
4.285653682270745435e+02
4.504618597769646726e+02
4.220097025092972558e+02
4.202762887749176457e+02
4.193542113131157976e+02
4.081583652930353310e+02
4.341600587371892175e+02
4.695626031363791526e+02
4.514372589538614307e+02
4.406651060729113851e+02
4.564198952237454705e+02
4.386883759866997252e+02
4.343080737976406454e+02
4.740378015237074010e+02
4.834424324463585094e+02
4.601837016263422129e+02
4.632325627253939047e+02
4.953500547706000816e+02
4.771412316141831411e+02
5.295593265937028491e+02
5.310705659713011073e+02
4.924772307728538294e+02
4.571787027356510862e+02
5.347769182962285868e+02
5.536240657775056206e+02
5.484697479926327333e+02
5.429245256213753237e+02
5.196663232678130271e+02
5.578981059767222632e+02
4.852891168960073287e+02
4.942040687523015663e+02
5.563261977521386825e+02
5.467368515470421926e+02
5.460688009978873652e+02
5.489527848526197431e+02
5.134917831751721451e+02
5.284443665071155465e+02
5.826468304967654603e+02
5.597193806391155704e+02
5.679376108791782372e+02
5.698470218062478807e+02
6.298580691420168023e+02
6.262112067482876228e+02
6.257866995857714301e+02
6.272391791046009075e+02
6.345019038601744796e+02
6.488074061162852786e+02
5.991055227744143394e+02
6.377301910691678586e+02
6.612251585526004192e+02
6.537580372252062944e+02
6.656401049539941823e+02
6.624465961219293604e+02
7.072805322531798993e+02
7.166439814540933639e+02
6.432005855115030499e+02
6.680802058356923681e+02
7.013525541145045281e+02
7.140947161462702297e+02
7.542868800770446569e+02
7.659110177373610213e+02
6.811762005309906272e+02
6.979276070038840771e+02
6.718676763872941819e+02
7.047755338998563275e+02
7.202854219437282381e+02
7.532071815412566593e+02
7.400368264796837821e+02
7.538954092381262626e+02
7.303652539929258865e+02
7.448339663491523197e+02
7.553181890289636158e+02
7.532333856298399724e+02
7.441919827420232423e+02
7.626928220404615786e+02
7.855384663963435514e+02
7.900733728590170131e+02
7.765205242087089346e+02
7.551895837007732553e+02
7.983159206393416980e+02
8.045343587253320266e+02
7.355784225935171889e+02
7.720833656046399938e+02
8.173493114979961547e+02
7.926024905908692517e+02
7.629839434577049815e+02
7.776299555814572386e+02
8.088364615214871947e+02
7.864831395472085660e+02
7.763278950286494364e+02
7.666559579123917274e+02
7.977637242470361798e+02
8.023585343287044225e+02
8.219427618988477207e+02
8.294017013637160289e+02
7.843687007358892060e+02
7.555482833941064200e+02
8.773106897708877341e+02
8.263302139962237334e+02
8.061492276974479410e+02
7.691093005559459925e+02
8.355586334003172624e+02
8.306507264238989592e+02
8.755992347573210282e+02
8.661829810827529172e+02
8.149988478669370124e+02
7.690580960229262928e+02
8.326131833740447519e+02
7.783734990175978510e+02
8.080634306618419487e+02
8.250238521223760699e+02
8.221467373139344090e+02
8.387862119060463328e+02
8.627926325925867559e+02
8.772776672698859102e+02
8.498517194162649275e+02
8.468317394224341115e+02
8.359069665524044694e+02
8.480590558335766218e+02
8.930061531461942650e+02
8.591079132321134466e+02
8.473942127011008552e+02
8.588390064141570974e+02
8.242521772636044943e+02
8.307426230098236601e+02
8.754301892503157205e+02
8.706742495164259026e+02
8.308493330622520716e+02
8.171633211485427637e+02
8.910068906480440774e+02
8.934606180036547585e+02
8.722122564741209771e+02
8.610365309898834312e+02
8.381638153986166344e+02
8.651399237609514330e+02
9.377594865034765235e+02
9.324108794553466169e+02
9.017997939399192546e+02
9.486692123179319651e+02
9.143263210855552643e+02
9.356557028482797023e+02
9.205274495049113739e+02
9.199373704540121253e+02
8.663257038421506877e+02
8.823096403453647554e+02
9.232356715216691327e+02
9.406930293616811696e+02
9.512678664393561121e+02
9.475772832513243884e+02
9.837999411313982137e+02
9.523387531767571090e+02
9.479151463383120699e+02
9.311021711101127494e+02
9.796827823107198583e+02
9.764824386686283333e+02
9.670548270672484250e+02
9.430627928221848606e+02
9.998672957339525738e+02
1.005932769645123585e+03
9.529241195970713534e+02
9.528886538064584784e+02
9.956434545171537138e+02
9.735235911763966214e+02
9.142648228744050130e+02
9.013273346961744892e+02
9.770618484136051620e+02
1.018467427876508964e+03
9.535758423395809587e+02
9.637605156685131078e+02
9.444048037190087825e+02
9.631151343167132381e+02
9.608023256140442072e+02
9.535943025343178761e+02
9.599926728017290998e+02
9.381090083384361833e+02
9.626433887581919180e+02
1.002972958895092688e+03
9.915734621780067073e+02
9.858757872135092839e+02
9.715328952288087976e+02
9.723839427611707151e+02
1.016493799760281263e+03
1.029242576304194245e+03
1.013191059627886716e+03
1.029026356257306361e+03
1.041175256047772109e+03
1.030975450772207523e+03
9.688825002917598113e+02
9.593950286684238336e+02
9.391434530529693347e+02
9.672417359261197589e+02
9.672094679663096031e+02
9.619027835368895012e+02
1.020450536898680411e+03
9.945024831319695977e+02
1.012108625536974273e+03
9.794950828425850204e+02
9.944026411291662271e+02
1.013647113297633723e+03
9.622428651692914627e+02
9.509648708353305437e+02
9.743592683641024905e+02
9.629998876461143027e+02
9.740956711010881008e+02
9.950357075516469649e+02
9.499951546506013074e+02
9.475024050437076539e+02
1.041412248914405609e+03
1.050802919355078757e+03
9.102957810806560701e+02
8.924771281257746978e+02
8.992763968516428577e+02
9.426811374091311109e+02
9.840976366860859343e+02
9.955370471451414005e+02
9.167344374137887826e+02
9.552181783015386145e+02
9.301840524833694417e+02
9.214719679934912620e+02
9.890311014692217668e+02
1.008006539880134824e+03
9.266033286563312004e+02
9.261405658780677186e+02
9.569315709867538544e+02
9.406494290795766346e+02
9.552056550492879978e+02
9.664956147877277317e+02
9.412221692054629330e+02
9.644457219591644161e+02
9.404796226793969254e+02
9.214541725248192279e+02
1.004979163458977723e+03
9.697196743854227634e+02
9.032092444312872885e+02
8.830854101625990324e+02
9.328847744220723825e+02
9.618789373266598659e+02
9.554841970418982555e+02
9.712358596929876740e+02
9.729910113155743829e+02
9.748419645108468785e+02
8.989316572789203974e+02
8.825548627869178517e+02
9.252740930551794918e+02
9.173046938443886802e+02
9.461117573676401662e+02
9.505323187516960388e+02
9.102408691536285232e+02
9.371456912292934476e+02
9.277172063883881492e+02
9.265724547056034908e+02
9.681466632065976228e+02
9.689020643918490805e+02
9.447654997569123907e+02
9.414542184202737189e+02
9.338723689645112245e+02
9.585418349348688025e+02
9.551633786076146180e+02
9.528221720427309265e+02
9.507344542447785898e+02
9.426539513638711014e+02
9.699513764447091262e+02
1.003046330735944252e+03
9.899993725056613130e+02
1.015631569864870585e+03
9.198493997718876471e+02
8.895705568220971600e+02
9.345836464503483967e+02
9.823646306642267518e+02
9.706636369237602366e+02
9.435410353033073534e+02
8.777566450529387794e+02
8.877898355693812391e+02
9.654456924117127983e+02
9.541016415441781646e+02
1.009151238215125204e+03
9.600505558754908861e+02
9.128897390301948462e+02
9.064251478174885506e+02
9.221071712875567528e+02
9.370617043996460325e+02
9.565418920617996719e+02
9.781791101489950506e+02
9.542108901065001874e+02
9.581267909997011429e+02
9.738022626476440564e+02
9.733325307779857667e+02
8.683230851157131838e+02
8.771821198130953690e+02
9.160134118744236957e+02
9.205508629377649186e+02
9.758457732906114188e+02
9.692440074351866315e+02
9.161163888273986231e+02
9.275618058574151519e+02
9.665665151839381224e+02
9.699790004090262983e+02
9.004337454750027518e+02
8.875587649994780577e+02
9.637272548756034212e+02
9.711835274724220426e+02
9.771206456949639687e+02
9.453521278596631419e+02
9.070140230738974196e+02
9.323008948671667895e+02
9.151918530264367746e+02
9.117848734855917883e+02
9.752494504190602811e+02
9.673405284450574300e+02
9.748797717315309228e+02
9.655456989844316240e+02
9.392310527338944439e+02
9.329349241332197380e+02
8.935569252197997230e+02
8.907371532054555701e+02
9.409981542325824648e+02
9.518146894696716345e+02
9.028418074595685994e+02
9.205642145038244735e+02
9.488668168476692699e+02
9.382038649421835999e+02
8.987730379084204060e+02
9.302144688468985123e+02
9.178140068822735884e+02
9.795051074427340154e+02
9.414922060010313771e+02
9.337396433220433209e+02
9.068491633617352363e+02
9.380385460786542353e+02
9.592774047868457501e+02
9.314196369804976712e+02
1.016121489317283590e+03
9.761700304669717525e+02
9.589517432131366377e+02
9.783556941773376820e+02
9.911004123015018195e+02
9.457682037093778717e+02
9.634848405752022700e+02
9.344847213578641458e+02
9.007958146697022812e+02
9.022408428448167115e+02
9.114733009573402569e+02
9.277424913838294742e+02
1.007972082198507451e+03
9.814419638417840588e+02
9.674979506371269053e+02
9.330819658750850749e+02
9.268351741946121365e+02
9.503199546436245555e+02
9.829864482869583071e+02
9.775653796633215507e+02
9.868900122249369815e+02
9.787615613937754233e+02
9.530915588011711179e+02
9.704488160714905689e+02
9.597475427046196046e+02
9.546991651574712705e+02
9.040960883069096781e+02
9.180907722095280405e+02
9.792771838579308223e+02
9.686113335850162684e+02
8.952281217872406387e+02
8.916261977237010115e+02
9.568851306487093780e+02
9.855039210940834664e+02
9.368941473082380753e+02
9.721243753500027651e+02
1.044472812541597023e+03
1.064637892486253577e+03
9.212790040247673460e+02
9.212883713220379605e+02
1.026670903825571031e+03
1.029141177549578970e+03
9.525382717418117409e+02
9.330474715465401232e+02
9.757708907773189821e+02
9.623395512589488590e+02
9.986071898525103734e+02
9.890846116352744275e+02
9.855527926307672715e+02
9.919913493217936775e+02
9.293190106640613521e+02
9.153393776905456889e+02
9.774353487110133756e+02
9.551004303164911562e+02
9.734324488645872862e+02
9.669415904522558094e+02
9.697448052629436006e+02
9.096667108162922659e+02
9.952544223391771538e+02
9.567352106550721373e+02
9.624566225794394541e+02
9.712488786488283949e+02
9.267565976437383597e+02
9.327802615358000367e+02
9.918030189822512739e+02
9.900173964135046845e+02
9.834022647981737464e+02
9.859301745778315080e+02
9.878837608193781534e+02
9.364829396808730735e+02
9.983110680230403204e+02
9.717385965468300810e+02
9.414200293835153843e+02
1.006080591423763281e+03
9.829949712952825394e+02
9.575665918810070707e+02
9.675658480133701005e+02
9.762069268891623324e+02
9.441551555911734113e+02
9.459228969474023643e+02
9.138381604122589579e+02
9.088360336938394539e+02
1.014111604669109170e+03
9.968221225633825497e+02
9.283988494641579337e+02
8.868469489107691288e+02
9.482045756429721450e+02
9.147124418373769004e+02
9.116242856346632379e+02
9.121144139202784800e+02
9.638667185461461031e+02
9.614102067672251906e+02
9.795283473557830121e+02
9.607330517199901578e+02
9.342623373253952650e+02
9.292084354302384099e+02
8.752208055619933020e+02
8.758507020097306395e+02
9.875218045867072760e+02
9.706649084933601443e+02
9.888706822499833606e+02
1.005332615120278433e+03
9.675696874874549849e+02
9.930452024698457762e+02
9.392374811387213640e+02
8.881627249906902080e+02
9.692512674559555990e+02
9.467003027850163335e+02
9.114229012298541193e+02
9.414583286712120298e+02
9.978517026676736350e+02
9.564447746467992602e+02
9.103985959703057915e+02
8.943710779735590677e+02
1.004109719295808418e+03
9.707604330033262841e+02
9.762912639293354005e+02
9.798253884564686587e+02
9.811457347141003993e+02
9.890943624478860556e+02
9.159419813292266781e+02
9.535463726098095094e+02
9.561933364620705333e+02
9.562500605695898912e+02
1.007883352922087965e+03
9.976977291161781523e+02
9.875754714384048611e+02
9.980950329946267630e+02
1.035229170085430496e+03
1.023013556968634930e+03
9.970619685568650539e+02
1.014009533025659266e+03
9.810372631089646802e+02
9.894331913924800119e+02
9.818062808570463176e+02
9.515594588406623870e+02
9.944384539656862216e+02
1.025410518319965377e+03
1.018786841681362148e+03
1.009317953276952380e+03
9.579122285708097024e+02
9.118125920796078390e+02
9.640491455375794203e+02
9.844689176828449035e+02
9.128188661973027820e+02
9.122309905543851301e+02
9.332395374783404804e+02
9.041678721106326293e+02
1.010132991887941216e+03
9.958631594762149462e+02
9.425011914048321842e+02
9.419452363627111708e+02
9.149323638236556917e+02
9.221594102387392695e+02
9.830215582492888871e+02
9.905579135383087532e+02
9.017998049503194125e+02
9.221205377338867493e+02
9.075166140114653217e+02
9.040986032246561308e+02
9.339869178180001654e+02
9.189520211189756083e+02
1.008093299834729464e+03
9.712209819295051147e+02
9.221469465927151532e+02
9.162377645973548397e+02
9.104009852627478949e+02
8.944615042454892091e+02
9.677285780401653028e+02
9.502173523546995284e+02
9.017974126525670044e+02
9.128527010732565259e+02
9.303121258927207009e+02
9.402928101263623830e+02
9.604804937326357503e+02
9.904609650273414445e+02
9.560451730322175763e+02
9.764753259124377109e+02
9.331567958415679414e+02
9.313749133322613716e+02
9.859735179201728670e+02
9.652499163336025276e+02
9.084461016732152530e+02
8.883875934718075769e+02
9.352126884028765517e+02
9.186550778344870878e+02
9.238458906979196854e+02
9.340053119029578284e+02
9.575785460062048742e+02
9.420692795064903748e+02
9.661889354335913822e+02
9.660227476511796567e+02
9.131604966349341339e+02
9.100305661104142700e+02
9.177544821872146485e+02
9.053830447635632481e+02
9.885242961721114625e+02
9.958664951294753109e+02
9.074490842765209209e+02
9.248663217153280129e+02
1.008428167632672853e+03
1.003428051448701694e+03
9.517004475258971752e+02
9.547969025570993153e+02
9.690715535052978566e+02
9.500191352116946746e+02
9.976966416080333602e+02
9.984078376251258078e+02
9.700549076934853474e+02
1.001240902399265337e+03
9.895184227962757859e+02
9.808448694355274711e+02
9.727779314235460788e+02
9.954877618270564881e+02
1.029362478990359023e+03
1.034365383224851712e+03
9.392115425637924773e+02
9.570385870865455900e+02
1.042489923995629624e+03
1.049241003374024331e+03
9.638578832082204144e+02
9.642032347659312563e+02
9.741405074834888183e+02
9.913457310560255564e+02
9.914660935873633889e+02
1.019376586535111187e+03
9.609645169586229940e+02
9.809540169135649421e+02
9.780855745948391586e+02
9.381133215581490958e+02
9.496118184713083110e+02
9.522321453565675711e+02
1.019738509463392006e+03
9.931018251056980262e+02
1.026978039757027318e+03
9.962741733899182464e+02
9.753408657990989923e+02
9.796017005459445954e+02
1.029671724804294627e+03
1.019585743176339747e+03
9.302394966090969319e+02
9.420496164982337177e+02
9.860552557760917125e+02
9.745258380116481476e+02
9.116939791500128649e+02
9.671726909195804183e+02
9.672149778674569234e+02
9.510540916528153730e+02
9.719026390228787022e+02
9.618879821008520139e+02
9.539621512516295070e+02
9.625200398960763550e+02
9.999993408554896632e+02
9.684875478431891906e+02
9.225375253060034311e+02
9.602368113527585365e+02
9.715400843911619404e+02
9.474531185315962603e+02
9.349786424680862638e+02
9.433407512232041654e+02
9.654917000363747093e+02
9.474899044190232189e+02
1.025214059939477920e+03
9.841197099206981420e+02
9.768638189013194051e+02
9.972476557167079818e+02
9.588718509073140694e+02
9.472777093429554043e+02
9.687943169101957892e+02
9.707577242100933290e+02
9.193273623621786328e+02
9.461734365845128423e+02
9.853966651023210943e+02
9.728921904221566592e+02
9.814173823956550677e+02
9.609040535586349279e+02
9.820693664614495901e+02
9.603855873108724381e+02
9.469649065217764701e+02
9.324695644480691499e+02
9.646305920009259580e+02
9.381905141649453981e+02
9.569020163442661442e+02
9.614927213872850871e+02
9.681430510383555657e+02
9.646183955908431926e+02
9.714771687262514206e+02
9.409945880633925981e+02
9.463858725733629171e+02
9.422722824850205825e+02
9.457443125297952520e+02
9.332430539115453030e+02
9.797160518607213362e+02
9.446444380714410727e+02
1.004791061667634153e+03
9.868230619914505724e+02
9.683133942329850470e+02
9.998829384358057268e+02
1.004209253087303068e+03
9.798764953677786025e+02
9.960069462128060422e+02
9.859662564239872609e+02
9.393570911258503884e+02
9.417908292152681042e+02
1.002326910380620006e+03
9.848726402848535599e+02
1.015979667375946065e+03
1.031628451530548773e+03
1.008921328046665622e+03
9.970019743101403265e+02
9.479750479092504065e+02
9.727146741299668520e+02
9.583017298305273926e+02
9.600110851317465404e+02
9.675689622450663592e+02
9.687008327741501716e+02
9.763584188186449637e+02
9.983267884966838892e+02
9.334978521335876849e+02
9.527690116167809720e+02
1.042990898588528808e+03
1.027202932875989518e+03
9.715308490629175822e+02
1.003258087916450449e+03
9.908025990866201482e+02
9.657562420272282679e+02
9.314067492240754973e+02
9.450646609639353528e+02
9.785724704326243000e+02
1.000048016983978982e+03
9.052985873181927445e+02
9.300996204568101575e+02
1.005354721455289905e+03
9.733854683788555349e+02
1.026018918487235851e+03
9.762237057071517938e+02
9.825981932171265498e+02
9.754081705170066243e+02
9.411933136432185165e+02
9.385303278248148899e+02
1.001323703455756686e+03
1.024826902601657366e+03
8.998701452655175217e+02
9.136933040028530968e+02
9.940351282316363495e+02
1.024528812587381935e+03
9.154054713124236287e+02
9.531791693033605952e+02
1.011305561778729157e+03
1.039555752192780801e+03
9.697905247247829266e+02
9.240149853595430613e+02
9.417168929643946740e+02
9.445954300109499400e+02
9.700950265938892016e+02
1.008526186665422870e+03
9.370288940936835616e+02
9.540288911679139119e+02
9.250692257870493904e+02
9.288256370162418989e+02
9.842469264678360332e+02
9.799266658245630879e+02
9.660788097402162293e+02
9.644953380541486467e+02
9.694199587174474573e+02
9.538731744321044062e+02
9.843541343618142037e+02
9.660236846636922792e+02
9.669353871938728844e+02
9.922547723334041621e+02
9.371882566073385306e+02
9.505931725811108208e+02
9.915420724180805792e+02
1.001594150113219939e+03
9.682453492566427258e+02
9.210196713292882578e+02
9.547840359494778113e+02
9.720546355495104081e+02
9.301185700815055952e+02
9.336940369449903301e+02
9.317313208741254584e+02
9.485531057681653238e+02
9.656149345319887516e+02
1.018177445920286800e+03
8.749843975998795713e+02
9.033733423804011409e+02
1.003549209522785986e+03
9.976127406731693554e+02
9.561427845356610078e+02
9.768074866984628670e+02
9.875167555335794987e+02
9.640256821340479974e+02
9.947694600304685082e+02
1.029711786104041266e+03
9.344735946572860712e+02
9.478370500757985155e+02
9.901602813760215440e+02
9.763400864964904713e+02
9.764300939534084591e+02
9.792300387572250884e+02
9.824767322337949054e+02
9.614074761878349591e+02
9.645503971518261324e+02
1.004026248513395103e+03
9.424168134604881288e+02
9.501976271745724034e+02
1.029283275511386819e+03
9.992747073779383982e+02
9.550521261582550778e+02
9.191008957584388099e+02
9.783576429282124991e+02
9.755085696117370162e+02
9.641294501321660846e+02
9.842182453829067299e+02
9.772558753953792348e+02
9.738337944568033890e+02
9.448433544079274498e+02
9.565050011572619724e+02
1.105685838984428528e+03
1.100133953566550190e+03
