7.562507575585980746e+00
1.116935451945064628e+01
1.347754504068157289e+01
8.517836505179401385e+00
2.282917914167496320e+01
1.813003041625876222e+01
3.297011490490378804e+01
2.353051666882832649e+01
2.202494853370387062e+01
3.333971856874885020e+01
1.726428738264388585e+01
2.366286540925306880e+01
1.640946383877168913e+01
2.730659116528318364e+01
2.325873792287689312e+01
2.431797730911482702e+01
3.112878358054025085e+01
2.407647549499860773e+01
2.362843006508784072e+01
3.133559095000432393e+01
2.839372272146744081e+01
3.269851661862191605e+01
2.116415960549448982e+01
2.298382436433718468e+01
3.300267813612999390e+01
3.929927089482400504e+01
3.660400673559981044e+01
3.890951067836237343e+01
3.664446753286838288e+01
3.108181871549131614e+01
2.442443010489150979e+01
2.124527185783674454e+01
2.573933645855469265e+01
3.817867858497691458e+01
2.194196065208689106e+01
3.285392614385446564e+01
2.574293288295110216e+01
1.731463468336811573e+01
3.043377909143194060e+01
3.772711996781175259e+01
4.608799347322690210e+01
3.840441851002878337e+01
3.920798087225178818e+01
3.616870248587058967e+01
3.291042085579115195e+01
2.355835674361390275e+01
2.518056125296416781e+01
2.237780354577964914e+01
3.249654056934176793e+01
2.628466665334064700e+01
2.857328554074891258e+01
3.334995586891034236e+01
2.658052788738025285e+01
2.704174358482812934e+01
3.448604327852575580e+01
5.358564218817689806e+01
4.148144686189066022e+01
4.306122146123492200e+01
3.826554460997551388e+01
4.079612768242559184e+01
4.341821260380642400e+01
4.583246738950917631e+01
3.241620626697291385e+01
4.235813300738507081e+01
3.548730926853566103e+01
3.222066441879512411e+01
4.048620460440775304e+01
4.333954255393785360e+01
4.087121254721408548e+01
4.434042267054553577e+01
2.778582912884542111e+01
3.983346194599621271e+01
3.080943977588367488e+01
3.712011268326396163e+01
3.627538719560391911e+01
3.691918854737575373e+01
1.939920674387242627e+01
2.828909465175776106e+01
3.188997372162702604e+01
2.920004194444996770e+01
2.546531913732151864e+01
2.360179681092088799e+01
3.428533866861341295e+01
3.324584348990571669e+01
3.269921757032749099e+01
4.245543555241659561e+01
2.023760267347957154e+01
2.788745827642150132e+01
2.637174250112238383e+01
2.343918622312877886e+01
2.644424416650528542e+01
3.519070520323423779e+01
3.101000791528566580e+01
2.740310045136344641e+01
3.180981424463345419e+01
3.538005757704989662e+01
2.958854200886628405e+01
3.629975472663331715e+01
3.979912595777673801e+01
4.367540645751632411e+01
2.987390620669771835e+01
3.440998749763981834e+01
4.054268331353424060e+01
3.811852943888818146e+01
4.034641540620806666e+01
3.618696511025270013e+01
2.252278955853680387e+01
3.148188966817638601e+01
3.760469137760479441e+01
2.977247575502771681e+01
3.881218877599128803e+01
4.065293591284062558e+01
3.870713757627400753e+01
2.836327253986297947e+01
3.363414349129226366e+01
5.408605024433911979e+01
3.387166967413772056e+01
4.580267271914294014e+01
3.212445891695602995e+01
3.613526248897468918e+01
3.615931614428625096e+01
3.672532018608363558e+01
3.472983943795305350e+01
4.025944703723392593e+01
5.034621339533877915e+01
3.884400330427892101e+01
2.752805504461966279e+01
2.735420351669170103e+01
3.723057040392618688e+01
3.127324131213436686e+01
3.688539127617073632e+01
4.211718321263013820e+01
4.848666723088465602e+01
5.428948950375953331e+01
4.358599946514890178e+01
4.654711335632804747e+01
4.202439539101091270e+01
3.827558890511361511e+01
5.043581495123001446e+01
6.032620075061704057e+01
4.522539220746876509e+01
4.353743044270008511e+01
3.146094792303316012e+01
3.767266365612243817e+01
4.996032027148827837e+01
6.030676310965429110e+01
4.177984364894211922e+01
4.963984867860126116e+01
4.094077741572893103e+01
4.505715014309252808e+01
4.041554891413760942e+01
3.986288867499130362e+01
4.503241024769467060e+01
3.682749341417492417e+01
2.618093994984434048e+01
2.932704593561283346e+01
2.627758682266711077e+01
2.919905806064172893e+01
3.934918922304203903e+01
3.071907691962834619e+01
3.984790779264565685e+01
4.594543946736830975e+01
3.000342244802518721e+01
3.571485081508237158e+01
3.934587294606499341e+01
3.030361059735295726e+01
2.933435392125742780e+01
2.909805458968114067e+01
2.306717425344051975e+01
2.427986115347284368e+01
4.538715254520057130e+01
5.113420792615990251e+01
2.768774706565671551e+01
2.661137446190664591e+01
5.022787974020418744e+01
5.283634367455248082e+01
2.799581099488850455e+01
2.708352328252531649e+01
3.491872089136689539e+01
3.424908119235634274e+01
3.991034107080482585e+01
5.076589795837037400e+01
4.790047314704153791e+01
5.217285950710306253e+01
2.388332443385336390e+01
2.864041568901626533e+01
2.795496290603943734e+01
4.084376023879909212e+01
3.219153834338275999e+01
3.210708374062244275e+01
4.198117969134259653e+01
4.358936444452982784e+01
2.946027739423291791e+01
4.376555914055807506e+01
3.246734751490133419e+01
4.948990389429768300e+01
4.619846386582548803e+01
4.775264550323215218e+01
3.704407390141891199e+01
4.551093807108512124e+01
3.708583547920139267e+01
3.099735006887750544e+01
3.175912231918519169e+01
3.102002512719184679e+01
3.532117987062584774e+01
4.072314865859491562e+01
3.376518135369446583e+01
3.282943932706550072e+01
3.898352767288456988e+01
3.830918995709595265e+01
3.031407417030986551e+01
3.801466868205683625e+01
4.101782465851280790e+01
2.921544042586790013e+01
3.003039333491554430e+01
2.330011132597949697e+01
2.217045742976840828e+01
2.036840503418515524e+01
3.867679889382043967e+01
2.708116939937923107e+01
2.552550543039064479e+01
2.830216758816138167e+01
2.252951652889919743e+01
2.536508161680203344e+01
2.222957172183605223e+01
2.462257692205358950e+01
2.983401902866321720e+01
3.172885959081984808e+01
2.445435690261828654e+01
2.979156394009753228e+01
4.097823560336537696e+01
3.279447698903067732e+01
3.244301432920646988e+01
3.745620205136544456e+01
2.584483096797100643e+01
2.269603800012627559e+01
2.757680871028309255e+01
2.989127320682023026e+01
3.304206070812764295e+01
2.990618289991400758e+01
3.657283064421936558e+01
4.465969066553528677e+01
1.998018440170390875e+01
2.517652833353111319e+01
4.115223408702535579e+01
4.721780233098004942e+01
2.482818361000319740e+01
2.922874269665163993e+01
3.555825180123709117e+01
3.437907665469301577e+01
4.188376415045279089e+01
3.213182959947629769e+01
2.944472761233116387e+01
3.050868564891912271e+01
2.926635468724055755e+01
3.828417533795763461e+01
2.863656991703382815e+01
2.138749795460084258e+01
4.396643845525787953e+01
5.406112261979674116e+01
4.251366273618267400e+01
4.128083555604622745e+01
3.548827685942573851e+01
3.652123901425440522e+01
3.994493492147402947e+01
3.285734745173087390e+01
2.582471131140103182e+01
1.861929655996037880e+01
3.133952251323512073e+01
2.646163105183994091e+01
4.168156668181708113e+01
3.785099919371889854e+01
1.612826978532713440e+01
2.572586042294812003e+01
2.730683310913976314e+01
2.210096366502162724e+01
3.468036701051965309e+01
1.974626281589435806e+01
2.290487251261972901e+01
2.554829743136251707e+01
2.078373913819443786e+01
2.324867329019296491e+01
2.990626972892279412e+01
3.416315237364094060e+01
2.966816378332334736e+01
1.800601340731431677e+01
3.115696590059769733e+01
3.326520161354356730e+01
3.838672969192714390e+01
4.209840882891579383e+01
4.018240293658673323e+01
3.278811589315648689e+01
4.074614294039603379e+01
3.856128852958536157e+01
3.013837257292842864e+01
2.333274196761669828e+01
3.661812222770930703e+01
3.350623308782748211e+01
4.537317790425709063e+01
2.790479552455564516e+01
2.080849012397981213e+01
3.364336496559522516e+01
3.673843100804587891e+01
2.673453064290985637e+01
2.150448296043515839e+01
3.932494711561728451e+01
3.109305451296789613e+01
3.179955681980297655e+01
5.388688338573570036e+01
4.610908118479639484e+01
2.507130084619687693e+01
3.186041625224249074e+01
2.657533382114899823e+01
2.121747737873757345e+01
3.275550929289053670e+01
4.188541224072347546e+01
3.938883844856855632e+01
4.669501039601211545e+01
3.598443370575892430e+01
3.476142990382828657e+01
3.166669114474969149e+01
2.705783119070303400e+01
2.611094796609903668e+01
2.662319595358223623e+01
3.963717372392896010e+01
3.866657660442848510e+01
3.468782831353484397e+01
2.943654021089092510e+01
2.997911479207943941e+01
3.850022231315982424e+01
2.221235583251228718e+01
3.100972095963821573e+01
3.454881778626688771e+01
4.160920276917275373e+01
3.467465676983095335e+01
4.552784605803594786e+01
4.596570607178613699e+01
4.488951415984841020e+01
2.769161150009226091e+01
2.718415157704627561e+01
3.666389818352114816e+01
3.933489657245010562e+01
4.187864016113466903e+01
4.280577839088516612e+01
2.546067750702625787e+01
2.479849432182651370e+01
2.818366124435471676e+01
3.221046901836257348e+01
2.883092207446986421e+01
3.306051910312211106e+01
2.734043484367864352e+01
2.990506027069282169e+01
4.112943404825567484e+01
4.897996363010416587e+01
2.692804746753431289e+01
3.976352942490593279e+01
4.928754818561512963e+01
5.099478587511210037e+01
4.892106318335126502e+01
5.043239523244836420e+01
6.534720054068264972e+01
5.481838514009282903e+01
6.038572311690942485e+01
5.541895292473168411e+01
5.999335395886038214e+01
5.135828827609459779e+01
5.193074258170214108e+01
4.165346655135928700e+01
4.877036193002766851e+01
5.458556849517184162e+01
4.775064906255531127e+01
4.596087212356429319e+01
5.593347448954586554e+01
6.276476038883166098e+01
5.173978468184148483e+01
4.061843315961333190e+01
5.783520996052955354e+01
5.020322658050068299e+01
4.180927487953756838e+01
4.039643970139739082e+01
4.394339231040085281e+01
4.656293364889894804e+01
4.280304566347474093e+01
5.406870594622567694e+01
4.080140819854917567e+01
3.142526524507540131e+01
2.704923774914637846e+01
2.786494032841566693e+01
3.199710871649405775e+01
3.471435958206287609e+01
4.089838147748227470e+01
4.653898938333451696e+01
3.327726626182094094e+01
3.433691782545533044e+01
2.812122292979345772e+01
3.152641737763743635e+01
4.310251908097072260e+01
5.299471837322080603e+01
3.989166832982252942e+01
3.144530633199164882e+01
4.544783327052365962e+01
4.317047334078073817e+01
3.797409035223748930e+01
3.767957523317479485e+01
2.269228130458653681e+01
3.079518771509286879e+01
3.328100471974421737e+01
3.940842074511216708e+01
3.222693736201865988e+01
4.179882120253365940e+01
4.148964639934499132e+01
5.033964693954034431e+01
2.948798384653081328e+01
2.485162301919447359e+01
3.677285962778600492e+01
3.046167922592236721e+01
3.163714907242852803e+01
2.791344455843661621e+01
2.699117174214081416e+01
4.742017855145190453e+01
3.426134141130133060e+01
2.501291936308292563e+01
3.479613296850064330e+01
3.444373748200961671e+01
4.564098537552548152e+01
3.866402757125764822e+01
3.801852722885893598e+01
3.747110008036119666e+01
3.264039151868738031e+01
2.450404717990766557e+01
2.884157513713086018e+01
2.931700582432035063e+01
2.756871920822890942e+01
3.766018751804032405e+01
3.052760195907056939e+01
3.927601525268786986e+01
4.761185419319156154e+01
4.388810074554069729e+01
4.198782438340123235e+01
3.894854934637728405e+01
4.800505987898977622e+01
5.079443187414943139e+01
3.391445375239072746e+01
3.435090714914795740e+01
3.514305563210596972e+01
3.873497235909476188e+01
4.306181278846457872e+01
4.944622815812423511e+01
5.012405411237014619e+01
3.698362191850657865e+01
6.950108084200255121e+01
6.927077171808706169e+01
3.823820073851984347e+01
2.877773950902762223e+01
4.111952578254948776e+01
3.975026466082097443e+01
3.161000183790494233e+01
4.555568864756287439e+01
2.866753112276315818e+01
3.487133391517257053e+01
3.463396067290636893e+01
3.027157621242333008e+01
3.411758863403371578e+01
2.954361792466651337e+01
3.943726445010253201e+01
3.826362914355939893e+01
3.478811430466326726e+01
4.507685742067516088e+01
6.686441661928705571e+01
6.022777633269881647e+01
6.192992667702321796e+01
6.566774473192424466e+01
6.661443965827878344e+01
7.725560372712250512e+01
8.465866589886202576e+01
9.434333482577527263e+01
9.905451342657855207e+01
8.974054951893619148e+01
7.574397578997869118e+01
7.243475326138764103e+01
7.408283028149924121e+01
7.647459978742878661e+01
7.642527552984857664e+01
7.272229077062883107e+01
7.080187018915468400e+01
7.593277050836027797e+01
7.064990277673649643e+01
6.746656986001283940e+01
6.152772601972225175e+01
7.841428477492827653e+01
5.820444464103871951e+01
5.179868856732903026e+01
5.370968074722078711e+01
4.947912289784819961e+01
5.599240465407834222e+01
5.316782582976384930e+01
7.083177315530745943e+01
6.403629072969647495e+01
5.470768088937190754e+01
5.833031941263306663e+01
5.593376356388680648e+01
6.019509963363324800e+01
5.202412890330058559e+01
3.981482388979171816e+01
5.445865347352712149e+01
4.089960092200917785e+01
2.669494484269088375e+01
2.521108214481283127e+01
2.482929279635133213e+01
1.983821644449100674e+01
3.939394668064723248e+01
3.571684854004418241e+01
3.073327523914905512e+01
4.455589475060732951e+01
3.046210203891872581e+01
3.037042753193043509e+01
3.027593853133168622e+01
3.487924779102171868e+01
4.004404985418005225e+01
3.441716886421159671e+01
3.229229914903679344e+01
3.817322850816334778e+01
2.909344545197742349e+01
3.907004766335238344e+01
4.221877258187294757e+01
4.386881548909385486e+01
3.932579092928262554e+01
6.314742906762150909e+01
2.880401299338831222e+01
4.224370402051749096e+01
2.928876069427901996e+01
3.518054669775650467e+01
2.785607035250658825e+01
3.622884413722572816e+01
3.290294731393318983e+01
3.669865464643439879e+01
2.620873218318740783e+01
2.904743554473465039e+01
2.994378366995406893e+01
2.532328337190995526e+01
3.107999062173825777e+01
2.510679732348398474e+01
1.687648087243779926e+01
2.461802320426861712e+01
2.517499830369482794e+01
3.767484984098577172e+01
4.601368514897723117e+01
4.201620214022352684e+01
3.792704216610891166e+01
5.717678207177859662e+01
2.397770304273130293e+01
2.622003714413608577e+01
2.907902686128267788e+01
2.726628526384152806e+01
3.440679967977251863e+01
4.039798625616275274e+01
4.140393742504743813e+01
4.513669899915130657e+01
3.912717225952995648e+01
4.006589079250857566e+01
4.979941566798985519e+01
3.773014694580363937e+01
4.904607583518066605e+01
4.961335044076170675e+01
4.508193628750107251e+01
3.389216495847968247e+01
4.573336904957012905e+01
3.948054444217839887e+01
2.740856666284015830e+01
2.722870469640811564e+01
2.998255561997862273e+01
1.997444594016865338e+01
2.104802792144112544e+01
2.652015628315395901e+01
3.327124969401324250e+01
4.419557113787447378e+01
4.174520843746654464e+01
4.269194053731936123e+01
3.620721922889770639e+01
4.247708435316374675e+01
4.903309189256482625e+01
4.113833350603231054e+01
4.677254010095467862e+01
4.706894898666831750e+01
3.800668457803844547e+01
3.675579013195473976e+01
3.440598359774835302e+01
3.050483538500225933e+01
2.768372308210504329e+01
3.135728484877963140e+01
4.540384356572575797e+01
4.968479209611677305e+01
4.135688648810508994e+01
4.111859617950783274e+01
4.167651735047876826e+01
2.625044662933464679e+01
3.147998307153865838e+01
3.030789139793980524e+01
2.933519129437027928e+01
3.218596480458375453e+01
3.567618015074734927e+01
3.897108857426952966e+01
3.465578303381274594e+01
2.558780178370554381e+01
3.702652126263605936e+01
2.900255755170402239e+01
3.871226900942401983e+01
3.767778568176021281e+01
2.811260129315598633e+01
3.968117012798767718e+01
4.405381011091048293e+01
5.375955796526339014e+01
3.201720776971163218e+01
4.005563997122064279e+01
2.937520356057112991e+01
3.073022981249769359e+01
3.623211992156229400e+01
3.400032234363359152e+01
2.763546844281277259e+01
3.161026342284085189e+01
5.416884868769857064e+01
5.288431297748820725e+01
4.864961963683791879e+01
4.258089195596575394e+01
4.486716679364404570e+01
3.348380036346485866e+01
3.805595647756853595e+01
4.040488218909234064e+01
3.756480533540854339e+01
4.141930414825142037e+01
3.683577207727844183e+01
4.457716948785392930e+01
4.193335857273712008e+01
4.288431211139489818e+01
3.618453044663510809e+01
1.856651822789388362e+01
2.686812948677929924e+01
2.160661960002979143e+01
3.364085777932344001e+01
3.835598063549652892e+01
3.160098181890332825e+01
3.342585396054578695e+01
2.508772554679663358e+01
1.628759397779708706e+01
2.384909052099118298e+01
3.057117605297190366e+01
3.014323866696820886e+01
3.644195690158169754e+01
3.234282013434303593e+01
3.367238843189625896e+01
3.748119500128620274e+01
3.639682517518053828e+01
3.781464010424461719e+01
3.322846913163890292e+01
2.945633606478973476e+01
2.872034399658598502e+01
2.126902423383691598e+01
3.090183041237471784e+01
2.868779422659182288e+01
3.250105010472137224e+01
2.607217785137498112e+01
3.498474284017984104e+01
2.979566321061988887e+01
2.883195080657669607e+01
4.557125584089397563e+01
3.992435114434845644e+01
3.380452399131422681e+01
3.640780939972289332e+01
3.641434299055775625e+01
3.645615814447074854e+01
2.462186449649528797e+01
2.558299842989533701e+01
4.402315319567482277e+01
4.602489381014183323e+01
3.861240088381948254e+01
3.359861443124562186e+01
4.855907621406356611e+01
4.686461912772976035e+01
3.325912795246430420e+01
3.590486406557780441e+01
3.473221255760940096e+01
4.088121288967950306e+01
4.364354044979690173e+01
4.169177432991439503e+01
4.742150642223582224e+01
4.868582321826014692e+01
2.991187687512346471e+01
2.872427480580705250e+01
2.897514131435445961e+01
3.509901541280486015e+01
4.398502111950449489e+01
4.667982325864104354e+01
3.488888871079933551e+01
3.423827254845303969e+01
3.174292404060097539e+01
3.197988811058091940e+01
2.622581269461654685e+01
2.297850887913836715e+01
3.292135538634042291e+01
3.168653755882872858e+01
3.756498353002290713e+01
3.726880752203375380e+01
3.925986111022091762e+01
3.400436857411816760e+01
4.783943203494833085e+01
3.701186001622392752e+01
3.690923392381967005e+01
3.944737857318438046e+01
3.122126650750677612e+01
3.341697276344278578e+01
4.322941441610265656e+01
3.273254542470492368e+01
3.035982759719188806e+01
4.361078601595560400e+01
3.771229818893167618e+01
4.009502833955460943e+01
4.560985813672807154e+01
5.607084840012819171e+01
4.972638749784682943e+01
4.971425178517312560e+01
2.883072026082541583e+01
3.524366922653483414e+01
4.205039159511767366e+01
3.559162993769228223e+01
3.524069960313322269e+01
4.018846197916798246e+01
3.325860520589255032e+01
4.036455547864500204e+01
2.658664483433613768e+01
3.272498191697854253e+01
2.394242591576551860e+01
3.913666471407351821e+01
3.018077941146126264e+01
3.776383942102995661e+01
3.287256454837351782e+01
3.541888438122141025e+01
2.875506880503931839e+01
3.033293763186524927e+01
3.065587723383407948e+01
3.300076378020318657e+01
2.376324996351449315e+01
2.829774997513932888e+01
3.733815168772743220e+01
2.719195960570841208e+01
4.807627380972427034e+01
3.501852529238463774e+01
3.516026260582884078e+01
2.767294005497369014e+01
3.492735034402766559e+01
3.487899920492640149e+01
5.245734390068125919e+01
4.977376310088779832e+01
5.109331050647743666e+01
5.271665757835855004e+01
5.200093791057778958e+01
4.247179409059625499e+01
4.952171557959583481e+01
5.252540929056839047e+01
4.617630165794438568e+01
5.112353895019649741e+01
4.135505438499140496e+01
4.100444585484954274e+01
4.497299857472025764e+01
4.164380931931273722e+01
3.665822618036808223e+01
4.631792860456221916e+01
4.253615634660446432e+01
5.247633739914267181e+01
4.049512997583862273e+01
3.994590445884325192e+01
4.175220961523243801e+01
4.483989612672035463e+01
3.119115865815211208e+01
4.619603758763966539e+01
3.646012766941137784e+01
3.615018288109591538e+01
2.963870122456859590e+01
2.413550714032298217e+01
2.881507790228644694e+01
3.696224671611282275e+01
3.946910476674828061e+01
4.125358319143191466e+01
4.545047961630821476e+01
4.660536970828600545e+01
4.702560874735486607e+01
5.098882401150319765e+01
6.489285689094207044e+01
5.908909774499369405e+01
6.083904079583798818e+01
5.171198559577605636e+01
5.654097411605626178e+01
5.891860991141400206e+01
5.814667843899612620e+01
6.561761343403156843e+01
6.170511217153550376e+01
5.561216058986332200e+01
4.872688004721048571e+01
5.236533088360030064e+01
4.893983823381630316e+01
6.349996799994288921e+01
5.605578287754379119e+01
5.489161942731797694e+01
5.487644248012656334e+01
5.576535101714713960e+01
4.820176145709029925e+01
3.400223953175130731e+01
3.833447737976789682e+01
4.889792650449143707e+01
4.323840341096768469e+01
4.809226970676331803e+01
4.985105723164333114e+01
4.704661822299527074e+01
5.115839874679161170e+01
6.849721789280752660e+01
4.029860364356981250e+01
4.252140243387849949e+01
4.579965709919522965e+01
4.715859864902817122e+01
6.299838534692276681e+01
7.033365451717685346e+01
5.039224946552206319e+01
6.324852698836672005e+01
4.329686923595920689e+01
3.798995004908908868e+01
5.443353147834005057e+01
5.209144506210379433e+01
6.203653498246102060e+01
6.597311677501119220e+01
5.099059965862116428e+01
5.481909603019772703e+01
6.398445486333422849e+01
6.466554921072390982e+01
5.883163208549759560e+01
6.178732992686929748e+01
6.267820525552806998e+01
6.393756487479831918e+01
6.289023346036222506e+01
6.532531422878236071e+01
4.476158641687250395e+01
4.126798936002818863e+01
5.197536997330906416e+01
4.734542182124921084e+01
6.014814347872361111e+01
4.896422517791599915e+01
4.499920230331659354e+01
3.785542833047962574e+01
4.232375243515355834e+01
5.020481165880199370e+01
3.530369322881444560e+01
3.904862241356640595e+01
3.739361150381957088e+01
3.419311534712831957e+01
4.646753069295180438e+01
3.751274663960772671e+01
4.320124829731007310e+01
5.014637292909235100e+01
3.994948870483208481e+01
4.458174310114308980e+01
4.435238721750194202e+01
4.849881291237098679e+01
3.335716814736103686e+01
3.461522698297871869e+01
4.813496761917184585e+01
4.673284415487272270e+01
5.295362441712529744e+01
4.208100992304749610e+01
4.593297130198831724e+01
4.039055836699431978e+01
3.795675935624542063e+01
4.693692355995829502e+01
3.166507466193211684e+01
4.303395637373716909e+01
4.341410622548458775e+01
2.614245223758996417e+01
3.463993924152327253e+01
4.228886108751929385e+01
3.518950879238493457e+01
3.469311049230464761e+01
3.647595455810095899e+01
3.481998735351317009e+01
5.153722072262296194e+01
4.160014935972955641e+01
5.319812875698443833e+01
5.127475991632224606e+01
4.271129299727874695e+01
3.583149311602934972e+01
3.195745384007484446e+01
3.837481276865697311e+01
3.635847356560815058e+01
3.921194190895070619e+01
4.030546577131374164e+01
3.208162931885425451e+01
3.210116729506571431e+01
2.997261338115640328e+01
3.813733393930115056e+01
4.001580127664946929e+01
4.664469316709961078e+01
6.091799834158583593e+01
2.933616240461919134e+01
4.010584670328500323e+01
2.312854980824697648e+01
2.892807648365154805e+01
3.050389761178869819e+01
3.280296445114741033e+01
3.364113754314850269e+01
3.376156203249062315e+01
5.085619758791590073e+01
5.156030676102214017e+01
3.643455899253502395e+01
5.710964421084197795e+01
3.610027642442541662e+01
3.405222321891574921e+01
4.004283184534664741e+01
4.502762982218811061e+01
3.490242154755374315e+01
3.668796408669518883e+01
4.076815924753773857e+01
4.930959718255390101e+01
4.421930385824596499e+01
4.838182587953441782e+01
3.911359672146728172e+01
4.383664935274400420e+01
3.541833922693517422e+01
3.562147657094481445e+01
3.982788943437436302e+01
4.096797972357322237e+01
4.040585386915358157e+01
4.094119765408233746e+01
2.956670731693471765e+01
3.312951708441762833e+01
3.159551697162256190e+01
3.268880834591286089e+01
5.018049003604808433e+01
4.435077987094240370e+01
4.235902842884157593e+01
3.802138091742334325e+01
3.475070798136836459e+01
3.408173709355349246e+01
2.784612506672871035e+01
3.608670128389836407e+01
4.376803200383631776e+01
3.981744726144505364e+01
4.510405458305248771e+01
4.580970651183599074e+01
4.977723919193665125e+01
4.626309620246114918e+01
3.394280976542821548e+01
3.982554117070075961e+01
3.539185342198241102e+01
3.570527064341195711e+01
3.613403256252014728e+01
4.619727291901878630e+01
4.475090945357880656e+01
3.933005242304854221e+01
5.081001022402312373e+01
4.045677180308388188e+01
4.313969729724619384e+01
3.991999438164990011e+01
4.227570469958399713e+01
4.655292736297834466e+01
