1.302630958995377064e+01
1.703367598511128378e+01
1.399247933045894499e+01
1.534981968580257750e+01
3.407356436143589917e+01
3.100000174867607328e+01
3.506471665104083968e+01
4.174751318211776407e+01
2.327108535968180902e+01
2.308164690418643872e+01
3.067903896822655696e+01
4.149907222224829439e+01
2.335985100184932151e+01
2.946334685342095838e+01
2.795095130041891096e+01
2.812091437181683062e+01
3.037487389667023407e+01
4.182060871173943184e+01
3.112381526060729087e+01
2.998012817794191776e+01
2.150907047033848229e+01
1.422941303655918510e+01
1.627373731133947743e+01
1.278287732193302162e+01
2.666023701084186115e+01
3.271429058873862061e+01
4.177675245483900568e+01
2.758534279839889436e+01
3.425492988297003905e+01
3.237944729387010057e+01
1.269044722023397753e+01
2.597248836320602905e+01
3.100174653842036321e+01
2.386305252141004374e+01
3.282874337272167509e+01
3.091961104523160131e+01
3.284011570983356876e+01
3.200843513653306616e+01
2.594966246255637188e+01
4.023621260691751900e+01
3.106964930093250032e+01
2.587856686346950852e+01
3.187109355018957757e+01
3.069870687714440294e+01
4.186578318843405810e+01
3.923639427535090363e+01
3.165339738584085083e+01
2.670716626933326054e+01
3.292659947823165822e+01
3.397726323413507288e+01
2.375619715734837811e+01
2.360483815686933440e+01
1.678133282013032357e+01
2.456250077510610197e+01
2.108290668340446672e+01
2.713409324221408170e+01
3.739291860710317650e+01
3.045041796733046624e+01
5.136824495841277383e+01
4.555145335476006352e+01
3.521679472087079432e+01
3.989993688313899867e+01
2.650425958028744589e+01
2.235892305535623237e+01
4.792648540662482048e+01
3.351561108626274432e+01
3.565641495334671163e+01
4.709521485728528489e+01
3.146539230997290915e+01
3.406797981724913171e+01
4.072212794819562021e+01
3.640966502483390599e+01
4.029691090989422975e+01
4.095195877884589208e+01
2.614564210692241275e+01
2.127687423848023940e+01
2.762717982942819717e+01
3.320853563809502873e+01
3.279139389659642490e+01
3.655382263466595560e+01
3.571956379179216867e+01
4.041361294603353826e+01
3.463118198312805873e+01
4.461981553213787066e+01
4.317729955821540955e+01
3.996349041173829875e+01
2.993517272220673320e+01
2.738009990704845364e+01
2.314808231547737805e+01
1.888152271599112808e+01
2.725372999351571224e+01
3.255026868071871604e+01
3.038663103459110104e+01
4.938517772620870971e+01
3.106070818744016648e+01
2.883180446262906571e+01
1.657146726754635679e+01
1.716629417228469734e+01
2.129169925257482632e+01
2.740440658205577051e+01
4.097655395170716019e+01
4.541585158205740669e+01
3.215112759787975705e+01
3.287396041744021602e+01
2.658971816103566610e+01
3.450812620329676861e+01
2.827761633506857208e+01
3.093805787663879059e+01
2.234095000599377201e+01
2.596551844951791566e+01
3.027495738106480516e+01
2.762051036382367997e+01
2.280740547854201239e+01
2.574449163556385400e+01
2.364977700881111744e+01
2.282409984805731540e+01
3.599944247908538841e+01
3.349672057279081372e+01
2.584083479999730670e+01
2.516057489022610483e+01
2.111532566488578411e+01
2.962202512993824044e+01
3.255651383144500954e+01
2.691936802518628014e+01
4.364643265465083743e+01
4.055640588311162276e+01
3.233553530963784084e+01
2.921375569340186473e+01
3.492703303142047133e+01
3.733491750074076521e+01
3.425052347976267697e+01
4.132394342591577896e+01
3.618298302448906867e+01
1.981180301686456957e+01
2.331498284080910111e+01
2.313119657691406061e+01
2.997785669430204436e+01
3.122467804481541265e+01
2.254763555304259270e+01
3.270500903647331370e+01
4.787398411812802124e+01
4.832179661146285099e+01
4.552746033772684342e+01
4.659659691921281421e+01
3.057416061822740616e+01
3.058223698739484675e+01
2.373471264535352176e+01
2.243557875698666493e+01
3.046669020858491095e+01
3.194517517772329640e+01
2.311493264415831916e+01
1.557508968739848676e+01
4.044963088714113297e+01
3.629518251413291097e+01
2.648297391415421842e+01
1.723492760752420239e+01
2.419106306115164529e+01
2.856734656045613718e+01
4.275006398944816510e+01
3.522882796721500398e+01
4.848433279976782018e+01
5.379507474634660724e+01
2.993317155086161563e+01
3.221409232101095910e+01
2.330442666213256331e+01
3.016948275350830144e+01
3.464336030559624646e+01
3.424318513108290318e+01
3.091913938169690468e+01
3.598896141793949255e+01
2.284052304982077075e+01
2.142527974573229343e+01
2.536713323795275343e+01
2.680326318212788550e+01
2.560530567814093672e+01
1.995252551206220915e+01
2.381252896837292354e+01
2.237054693056187205e+01
2.993085165880242116e+01
3.297619428623460891e+01
2.433803798323446088e+01
1.995671418152459964e+01
2.282810438326073665e+01
2.455512632934063433e+01
3.262509355472280248e+01
2.953989863989771081e+01
5.331268413248371019e+01
3.704494783574764227e+01
8.017813825725954757e+01
7.262664152981959376e+01
8.071532736094441418e+01
9.987948085891233063e+01
9.534176945143927639e+01
1.292916850309582912e+02
1.504575319824705275e+02
1.662767829985616004e+02
1.985202820279881450e+02
2.017223650323801110e+02
1.998599597083112940e+02
2.139704942750285568e+02
2.664230203841323146e+02
2.788353668291933332e+02
3.289384298482133886e+02
3.676154373896980019e+02
3.630653292171299995e+02
3.973883515405439653e+02
4.402424435544807011e+02
4.662843714009628684e+02
4.919312651586713514e+02
5.655988067773803323e+02
5.966153688419074115e+02
6.457319006542118132e+02
8.404608921328394899e+02
4.376534243672085722e+02
1.856078026230302669e+02
1.732867908475617469e+02
1.150990531674011521e+02
9.179282114909577217e+01
6.975791461086666345e+01
6.053209746436574079e+01
5.714416899700858465e+01
6.847012771167975131e+01
4.063188828851161816e+01
4.126534512055157933e+01
4.401786019754978696e+01
5.103782217590784853e+01
7.046761012607956332e+01
7.545744773686143958e+01
5.417059034928538352e+01
6.212837906639678920e+01
9.346396974138475855e+01
1.019349617160566623e+02
1.194896718954400683e+02
1.213428204684007170e+02
1.523120964025579838e+02
1.649469558628209143e+02
1.864961670940801923e+02
2.171287121425992268e+02
2.394405459540137144e+02
2.975961524868870924e+02
3.036743771944884429e+02
2.992376686023469006e+02
3.591462868213906745e+02
3.812489086522775210e+02
4.281830255417156650e+02
4.869988883019698847e+02
4.970109873022029774e+02
5.285615985813666384e+02
6.145730281347696291e+02
6.627630521965638764e+02
5.083710748757362694e+02
2.457782715066595642e+02
1.618482817985876920e+02
1.757157090165547970e+02
8.887328518418090084e+01
9.115111146853855928e+01
7.144090861215319421e+01
6.094138739004449690e+01
2.921759462223768367e+01
2.569717660398705306e+01
5.695613420754180112e+01
5.028648938941457658e+01
4.601075926350891621e+01
5.541003101191859770e+01
7.736439225105249307e+01
9.773139113027475844e+01
9.400574838987851933e+01
1.101562924161519703e+02
1.386949660258688084e+02
1.674210426047859812e+02
1.972452965656820254e+02
2.331114148618843842e+02
2.233159362607082130e+02
2.415951989523169630e+02
2.519201702293701146e+02
2.995778516732118533e+02
3.301897141806077798e+02
3.561246488741221583e+02
4.382067028267384785e+02
4.867589062646015918e+02
5.331750962838926853e+02
5.825918344260387585e+02
6.686230601102862465e+02
8.030158345830603821e+02
2.905254832965791252e+02
2.362721469610992813e+02
1.507618028201392235e+02
1.341380654229885181e+02
5.756802634475788238e+01
7.236453455073319674e+01
3.645360824375293873e+01
4.564060792592779592e+01
4.304613981619346674e+01
5.217482704051092668e+01
4.358271964259046172e+01
5.943334186273818176e+01
4.943321896990511988e+01
6.421321958646886685e+01
5.789014249980670002e+01
7.499530883077026999e+01
5.694894081854982204e+01
6.261110803988200502e+01
7.317698490139149214e+01
6.787512948806703150e+01
1.266526537202046967e+02
1.219271638447173984e+02
1.390635965998281449e+02
1.479479242363918843e+02
1.743655256993491776e+02
2.112857386666982507e+02
2.369702650734800784e+02
2.717010133496095818e+02
3.021514114069780135e+02
3.100376999023100666e+02
3.021046944977853741e+02
3.221645465303824380e+02
3.664804216014891267e+02
4.056931211487470819e+02
4.830255441207885383e+02
5.023304123781078374e+02
5.607610421247858312e+02
6.007449117915941770e+02
6.773968093993847788e+02
7.446098119812668301e+02
4.718704812961666448e+02
2.562100315569035729e+02
1.584098039201658992e+02
1.450584548803938105e+02
1.142474680221540240e+02
8.557604734458556095e+01
5.336803628252191345e+01
5.754494541456549683e+01
3.382569682351510920e+01
3.947851477463949976e+01
3.054199502576584280e+01
1.994019637511645726e+01
3.550822847631419421e+01
4.506839447900159001e+01
5.417394875804069443e+01
6.568806909116446491e+01
5.209562046028221971e+01
4.780518574036926083e+01
4.147208402822320750e+01
5.636395104243428023e+01
7.880369718423089864e+01
9.340418450984806498e+01
1.130042198548447345e+02
1.378591143755296855e+02
1.336673592478408636e+02
1.548865236981696683e+02
1.714762953356199375e+02
1.758232400263359239e+02
1.807734449466850606e+02
2.074637877490966957e+02
2.524988851061357593e+02
2.810380931383024858e+02
3.146568207697228559e+02
3.535374915867435561e+02
3.893918257645096901e+02
3.974141719346017680e+02
4.178579608677546844e+02
4.536209844812305505e+02
5.232477727257793276e+02
5.588010070047631643e+02
5.917263987032972636e+02
6.086448361690783031e+02
6.713400252349249513e+02
4.603989536615999896e+02
2.209955874889140262e+02
1.874861267520562365e+02
1.406433942115530442e+02
1.062627345812698536e+02
8.262974400233524364e+01
4.855208186108060175e+01
5.086110350420404558e+01
3.944996733139963396e+01
3.887580471363278889e+01
2.030998983341836350e+01
3.158432432809128088e+01
2.575455969400111300e+01
2.969005620976205861e+01
3.584676633274106905e+01
3.941062535638027242e+01
5.440186083173217924e+01
6.156022861733685403e+01
6.857343393001289655e+01
7.278311904849087455e+01
5.971127486006136564e+01
7.562019921234525555e+01
8.135955668803877927e+01
9.711772242397708510e+01
1.054161647449314785e+02
1.178324616445973163e+02
1.492116639660568183e+02
1.669282888295652185e+02
1.809749171658451701e+02
2.211311448559475537e+02
2.412735218200400595e+02
2.880229345268120937e+02
3.060231036463818555e+02
2.388870546445663763e+02
2.753696663286354465e+02
2.884485661538001295e+02
3.127132887552776879e+02
3.342311487872124758e+02
3.581467913882073617e+02
4.438022904023811179e+02
4.775767208773745551e+02
5.071470199208098393e+02
5.524285978229145258e+02
5.946712678686741356e+02
6.289929703076926444e+02
6.837014099311724067e+02
6.403439892856821416e+02
2.384457551827181021e+02
2.213635796021042097e+02
1.328891399455552005e+02
1.305604721911645072e+02
7.567030163910519036e+01
6.592932736143515626e+01
5.363892767075385137e+01
5.233360386256283903e+01
5.473040764087883048e+01
6.794804961489874984e+01
5.516755898373817502e+01
5.093773124105883454e+01
5.330637286357112004e+01
6.038750602633336939e+01
7.207690860910746267e+01
7.985558559678435131e+01
9.754770859410420769e+01
1.032995530239545019e+02
1.049351879493880944e+02
1.033907186186406477e+02
1.687658584790152076e+02
1.997761912739662193e+02
1.939428781415625451e+02
2.295847603532856169e+02
2.558583281632704143e+02
2.829539111893950007e+02
3.487368952940420286e+02
3.714506279465621787e+02
3.977552808477472013e+02
4.435821505263994595e+02
4.916560202013634466e+02
5.148463705107234318e+02
5.567959519998823907e+02
6.016472685771568649e+02
7.724741897498865910e+02
2.696378259968101929e+02
2.029849698329523449e+02
9.258975477606509230e+01
1.287060927228540095e+02
7.992496618247339768e+01
6.206381741010361708e+01
7.106510000124330872e+01
3.660930768856982809e+01
4.546305507530409784e+01
2.843123665114778120e+01
2.645151846800970219e+01
4.133594300576171321e+01
3.972579439384102784e+01
4.019704402309714908e+01
4.251316966964669319e+01
6.488132215333405384e+01
6.420984758074523313e+01
6.827590055058352903e+01
6.519431647610582559e+01
7.140440886686958777e+01
8.631362088489321138e+01
1.003450283357422990e+02
1.247013267456188856e+02
1.444630570445249305e+02
1.957618576588795918e+02
2.088797592443036990e+02
2.416914078773843642e+02
2.245724989724886882e+02
2.652713279580046901e+02
2.851006278109770733e+02
3.295552025315476499e+02
3.489664131867839956e+02
3.587835423382173303e+02
4.012695332503078589e+02
4.374635445433325458e+02
4.679648478318808316e+02
5.108214152005658661e+02
5.633286565537414390e+02
5.977602845094867234e+02
6.701249230437990718e+02
5.724372046242721126e+02
2.495311882530873788e+02
1.689630944158302555e+02
1.522107723059489786e+02
1.215134741765692041e+02
9.913489713588793961e+01
6.676366810055306189e+01
6.352894674595449942e+01
4.289131321865254165e+01
7.086354530407079721e+01
5.987368000252571676e+01
4.320277819326463487e+01
3.856804012875914367e+01
3.565558461988437244e+01
4.078659322979180502e+01
5.839188840279518189e+01
5.342922452938906019e+01
4.718710776548934405e+01
5.261654662772731683e+01
5.228651199075507350e+01
6.871297947022530650e+01
6.650777740998776721e+01
8.064266682491405902e+01
7.934780066905305773e+01
7.931413953322453381e+01
1.028933444311723946e+02
1.158578118585283221e+02
1.150310615347367644e+02
1.067193690545711462e+02
1.109483528349615824e+02
1.261644949445101389e+02
1.444735350434965540e+02
1.859385713414746419e+02
1.953375589073207834e+02
1.963730013546482382e+02
2.465586043724659646e+02
2.610669233240820404e+02
2.821533051536477501e+02
3.118048543444559755e+02
2.970900871344285861e+02
3.310451805321557117e+02
3.903900772598972821e+02
3.894397996717064530e+02
4.163775061432274356e+02
4.264014718133587394e+02
4.565846607395848764e+02
5.062485585970570128e+02
5.508210347351921428e+02
5.948585798323102836e+02
5.858473366512490657e+02
6.148903865848976693e+02
6.477501146271176822e+02
4.774115529739438557e+02
2.620294975188709827e+02
2.003125541306471575e+02
1.469832389043914418e+02
1.126845331037187776e+02
8.369064300881419172e+01
7.601960260523335933e+01
4.459562369043185726e+01
4.162449843911126379e+01
5.211277722006388302e+01
5.841732555105363645e+01
6.686541778854568463e+01
6.852062631802111525e+01
7.036277590458449538e+01
8.525817159791800748e+01
1.230700435513442841e+02
1.355167802617781661e+02
1.827074508619840003e+02
2.235783098012179835e+02
2.464216838596367722e+02
2.906117778802733369e+02
3.030031980986993858e+02
3.647116103688412636e+02
4.273168540761623149e+02
5.004755139894099329e+02
5.576301398658007429e+02
6.346789174073365984e+02
7.502494128139061331e+02
2.279314602391569906e+02
2.214397148388978849e+02
1.239693708697584071e+02
1.207926256487699703e+02
9.155226543045043286e+01
6.522264914647428213e+01
5.707160968667707124e+01
4.108558896039414066e+01
5.826297149535285058e+01
4.493839573956540789e+01
3.758627210603064839e+01
4.172964874010354208e+01
4.766556984378120632e+01
2.530428969441975084e+01
2.306620906545908056e+01
4.972032841927808278e+01
6.337358967077400962e+01
6.841721141722604216e+01
9.476105816197919296e+01
1.017784001918180792e+02
1.160761705032286102e+02
1.178441833584298024e+02
1.310968063866276907e+02
1.519117126732022598e+02
1.605015951782887953e+02
1.605581545476951533e+02
1.763976270120569154e+02
2.169287756319221785e+02
2.637786469267113034e+02
2.591396588831906342e+02
2.939865394467271358e+02
3.346976672554108632e+02
3.438117823569934899e+02
3.651370683313077166e+02
3.793920687788378245e+02
4.127455909335400293e+02
4.665388797276375499e+02
5.066144511731998250e+02
5.761094758684519093e+02
6.298883984060574903e+02
6.745718335332207971e+02
5.967738977615292697e+02
2.487375222091070839e+02
1.819662690337046627e+02
1.685213230201772490e+02
1.026470281638499102e+02
7.953046227153778602e+01
6.719855965228535410e+01
4.026308753607094815e+01
4.892219036196976134e+01
3.825840817385670789e+01
4.382495784446229692e+01
4.381732579269115746e+01
4.156000798254956408e+01
6.421250466747763141e+01
9.180458216334574217e+01
1.136810326498051325e+02
1.337341781997974692e+02
1.557185757672460227e+02
2.112058099396163016e+02
2.357967002950765334e+02
2.384852615103418998e+02
2.788764449339123530e+02
3.059112485694201382e+02
3.485459763093149945e+02
3.676608952130374064e+02
3.962991903107729286e+02
4.904863469226370398e+02
5.876099005905209651e+02
6.147349270621709820e+02
8.403158897312050613e+02
3.943975045755874476e+02
1.815112164277928457e+02
1.737922270815626007e+02
1.035178191859539965e+02
9.138008274184915081e+01
6.052972644892902565e+01
5.104052866216375861e+01
4.122280845404136329e+01
4.579485176551931147e+01
3.234783557164218593e+01
3.663598295967076268e+01
3.952604558358070364e+01
3.305716337268119531e+01
3.047044012951261038e+01
4.306739251443056560e+01
5.047356723667439837e+01
3.170048211150220752e+01
2.333078523026755491e+01
4.065001742560203013e+01
3.913295997024754769e+01
3.965089813205690206e+01
4.325225466812855046e+01
4.856773667565001062e+01
5.013075502800467831e+01
2.860205690011699176e+01
3.295529888312644573e+01
5.123446070405796604e+01
7.374302919229327813e+01
6.653178143939207700e+01
5.902954321482960864e+01
9.005281484639526468e+01
1.084083117482570771e+02
8.860599975820129259e+01
1.045954152495535823e+02
1.295712980408540034e+02
1.226937484192440877e+02
1.239522074266623406e+02
1.354594006397596218e+02
1.915402513605652643e+02
1.824107704808756978e+02
1.997992548363546916e+02
2.014282356832916889e+02
2.133635569224558708e+02
2.181371254045958494e+02
2.257088608201915179e+02
2.361966625725497693e+02
2.344223622298453904e+02
2.455998014202742468e+02
3.237248934036695118e+02
3.137021996883162274e+02
3.091625387205380093e+02
3.242369008067317395e+02
3.864796673778308786e+02
4.213792086839298463e+02
4.395194188971611311e+02
4.465901014830297981e+02
4.405238938041447341e+02
4.701360915166239351e+02
4.851921203439875967e+02
4.913673321654560482e+02
5.406761027246551521e+02
5.658897171440535203e+02
6.296672913545925212e+02
6.360570098797959417e+02
6.964863339306896250e+02
7.052500562311322483e+02
2.404577817019222721e+02
2.379366798750219232e+02
1.309949355424891451e+02
1.448831187961713454e+02
9.589969315862317956e+01
9.873736423359028436e+01
6.815315362601633353e+01
6.224736597874335331e+01
7.092538194341439350e+01
8.813225363819434222e+01
1.353342009991241923e+02
1.605090976531905085e+02
1.931638609538158846e+02
2.445230616917308453e+02
3.126444571282996776e+02
3.739147894077942169e+02
4.438935059212015517e+02
5.574764311002682007e+02
6.710713707424716858e+02
4.499523778516283983e+02
2.182239440850303254e+02
1.207336641923050564e+02
1.352798572896128633e+02
8.582449238211026454e+01
6.591447036353635269e+01
3.866931594715851617e+01
3.549501226515279484e+01
3.129464781535227402e+01
3.490055432512595956e+01
3.082151475806641017e+01
4.214560932366159562e+01
4.837339501571612033e+01
3.951998286895134527e+01
3.334422729853456246e+01
1.880444461997323913e+01
2.093327854788413944e+01
1.828224356186866473e+01
2.912081589755791455e+01
2.550095642718009259e+01
2.889270934304245486e+01
4.827060877945415740e+01
4.421618389649521674e+01
5.628756585016271430e+01
6.088579415379101079e+01
6.575326818285088848e+01
7.659259914921845791e+01
5.270358148457979297e+01
6.413552097136206953e+01
7.076489398319441193e+01
8.699558126773349898e+01
1.042772955081691606e+02
1.082436315334142307e+02
1.155649892251855704e+02
1.305585332423995339e+02
1.305405569833734205e+02
1.502904443259675986e+02
1.467194260180727383e+02
1.506142111152430516e+02
1.818195611620366208e+02
1.945947022341503043e+02
2.015933158550928113e+02
2.156762810960582044e+02
2.710482213161980098e+02
2.558173067382919328e+02
2.677975143355803311e+02
2.776590736599599722e+02
3.093172816156616705e+02
3.186081202100108385e+02
3.498126351998095629e+02
3.633530366184634772e+02
3.845357496631506251e+02
3.869805186679493545e+02
3.952141584551917504e+02
4.191780703893641089e+02
4.586400538083303786e+02
5.080705873727820290e+02
5.070317813753559903e+02
5.203268206624009053e+02
5.339292634295022708e+02
6.154512735394545189e+02
6.075233657867163402e+02
6.596938656645918400e+02
8.587625602317954190e+02
4.148720007857388055e+02
1.971878825051339277e+02
1.978433273446209455e+02
1.056825258428402634e+02
1.192478497083149733e+02
6.399374831844851741e+01
6.275620235103137645e+01
3.547588904755013317e+01
4.310970963716466997e+01
4.609206434150259923e+01
3.865247996996428981e+01
4.157941005851411376e+01
3.123897003998336785e+01
4.021249488723841381e+01
4.835742013919684013e+01
6.050461101411063680e+01
6.111795332069636544e+01
6.598135064678803019e+01
8.102923141763024262e+01
8.338986093350656859e+01
9.803435898184942232e+01
1.049877204120731022e+02
1.314832243919689176e+02
1.369006787887050223e+02
1.473277544726338704e+02
1.797571782892783574e+02
1.870409149099179444e+02
2.117555789900826255e+02
2.521933897493017014e+02
2.409496408900131144e+02
2.596030165525237408e+02
3.400948066184873255e+02
3.445713229133154414e+02
3.878602134101636238e+02
4.223355368312862765e+02
4.655141444712127736e+02
5.162341100418896076e+02
5.344635152166216585e+02
5.746558686263913387e+02
6.123734644640311444e+02
6.673190139857645136e+02
4.385692702056136909e+02
2.577709945555964737e+02
1.486247738245540120e+02
1.656673882617804168e+02
9.015900716322649089e+01
9.581404498171525574e+01
4.730444079288161419e+01
6.636701342564079198e+01
4.121310870441920571e+01
4.939126776048888701e+01
4.145141327661007580e+01
5.404359928097737509e+01
4.561018896798410793e+01
3.945556371739372992e+01
3.491714269235212953e+01
3.045910033558363850e+01
4.055665936689477746e+01
4.189999954490446044e+01
3.826890812267397735e+01
3.064170532008212433e+01
6.685851431390587152e+01
6.589880920691891220e+01
7.799597304536932540e+01
9.839776744064803893e+01
6.196294715313693757e+01
6.795679656901748444e+01
5.688514792065462444e+01
7.556424833414293118e+01
9.897062445692823474e+01
1.054697514447374118e+02
1.351790876217519610e+02
1.354815226761328120e+02
1.485264115339746240e+02
1.528601002198435310e+02
1.702670555622161999e+02
1.902834346201861990e+02
1.852443263240585622e+02
1.990454918219840579e+02
2.298696887001143239e+02
2.299130853698257511e+02
2.725944595144042069e+02
2.894030647655234816e+02
3.150815457679407814e+02
3.493675116344216462e+02
3.401410158676637252e+02
3.480563254375491056e+02
3.599147405051246551e+02
3.993527032935091370e+02
4.552700288471078807e+02
4.841047521036077796e+02
4.959239635019432626e+02
5.324731594134450461e+02
5.974997617627678892e+02
6.268210994801064544e+02
6.721291066537824008e+02
7.112134022779397355e+02
5.618893841056701604e+02
2.681675537736061301e+02
1.978232600840194664e+02
1.607258646366384198e+02
1.237097904366490297e+02
8.805987994355292869e+01
7.479251842656732663e+01
6.052985572957858551e+01
4.722825585441385954e+01
4.037664942918032551e+01
3.645286024558392057e+01
3.582602266387340251e+01
3.751883176708141576e+01
3.359259966022454336e+01
6.029758375289330985e+01
6.958421525411768016e+01
8.465195689331446260e+01
9.722274184629671367e+01
8.971999575924169790e+01
8.774153853710460282e+01
1.004307283849551027e+02
1.155106538733894297e+02
1.365282422030857674e+02
1.567074858593911983e+02
1.907557466243245017e+02
2.288977722443009668e+02
2.347501724539308441e+02
2.445500730447239164e+02
2.769744522317162136e+02
3.105660136338987627e+02
3.463972815988948923e+02
3.718218274258827023e+02
4.245340706402575961e+02
4.852024006414770270e+02
5.069506146122365067e+02
5.345517321793623751e+02
5.945090201870680175e+02
6.672546623036718074e+02
5.375887274659889954e+02
2.571564817725834473e+02
1.831639610457717140e+02
1.481420474065231758e+02
1.217943145425949041e+02
6.703185828031466542e+01
5.070959985582625507e+01
4.678885066721444019e+01
4.409347527111707166e+01
6.012239605133861886e+01
9.992870363749689488e+01
1.319953480485885109e+02
1.750868112866439219e+02
2.050939788110226516e+02
2.163100370302854571e+02
2.446483033229851003e+02
3.006829523075398356e+02
3.878397772854216328e+02
4.745574555861778663e+02
5.724202686359576546e+02
6.602411191529887446e+02
4.540690515908808038e+02
2.527229137938782912e+02
1.565385683670656363e+02
1.363799042460888984e+02
7.885732570276177000e+01
6.267836433235311944e+01
4.605002694305681388e+01
5.153617897393025515e+01
3.607319425040959970e+01
3.257463025865469319e+01
2.464832380828863023e+01
2.851073126589212592e+01
3.181839573445222769e+01
3.654888277775624061e+01
4.007804652523734035e+01
