9.893838974312279433e+00
1.077432078033877616e+01
1.438703971091419120e+01
1.379887318177237177e+01
1.996976368605641738e+01
1.462664273543635929e+01
2.726922320983740988e+01
3.510557250459373080e+01
3.139321634563195573e+01
2.292871846949570624e+01
2.215681995273834204e+01
1.973698333775397629e+01
2.493232830701363412e+01
3.317910970840735274e+01
2.607082330201281550e+01
3.643250100313095174e+01
3.093849737003279188e+01
2.977341053153478967e+01
4.180589378868170769e+01
4.532581600997477977e+01
3.286972911121088003e+01
2.731522225689893446e+01
2.900744100452744689e+01
3.445724583138431996e+01
2.290649125038022049e+01
2.847918502539913987e+01
3.184876363665845744e+01
2.508748997321499630e+01
3.294590788128574133e+01
2.501479152287317831e+01
2.257979592524707257e+01
2.766327934911495490e+01
3.128411740004739983e+01
2.377813999130104960e+01
3.745225925129818734e+01
3.574223382231784285e+01
2.747310345215511163e+01
3.018803387716285513e+01
3.181057331393173371e+01
2.545566692450739765e+01
3.667444369499588674e+01
3.868997861648645653e+01
3.848731572523289657e+01
3.753361559642900147e+01
4.257723024168782899e+01
2.893067391433589464e+01
3.694857741697686038e+01
2.773779459457367480e+01
3.886922325340454165e+01
3.764007534204800010e+01
3.588023868630598656e+01
4.264516206327013492e+01
2.051290680836551772e+01
2.667627460153750718e+01
2.002565466915045178e+01
2.242230388656694018e+01
2.082205806632872935e+01
2.762828340762429491e+01
2.816982287233944149e+01
3.227468893678216943e+01
3.202161610744694542e+01
3.526235196740498168e+01
2.489871283228291432e+01
3.122403144278493059e+01
3.468520903871083760e+01
2.345391249127413147e+01
3.064460400265597428e+01
2.373135133340462133e+01
2.101384464492139159e+01
2.339280944783890348e+01
2.659467890314720506e+01
3.476682032373597053e+01
3.794088162590774971e+01
4.012796408972135964e+01
2.905800291840631289e+01
2.312842512086337621e+01
3.106129841404248992e+01
3.298083135352001705e+01
3.706140260080723436e+01
3.439652690394203205e+01
3.600848189449600056e+01
3.205674658062031313e+01
2.926075366936498767e+01
2.661077811685121119e+01
1.943856867617452977e+01
2.655688203423905591e+01
2.712411086762247336e+01
2.228237724910450979e+01
3.117136545411340620e+01
3.924018857139830629e+01
2.696348540948334715e+01
3.461905071235049292e+01
3.018632949923023290e+01
2.449944780028783597e+01
3.749434294741318041e+01
4.924004429889635759e+01
3.220159938325756599e+01
3.788008745239396546e+01
5.184162263835708018e+01
5.385860106384671298e+01
3.693125426887514351e+01
3.013312278973807778e+01
2.858000064172643206e+01
3.480680120904543173e+01
2.945208810627512008e+01
2.605733027333128504e+01
1.653911408462127142e+01
1.061562010883060658e+01
2.368255771096403350e+01
2.240454327953051816e+01
3.411868189836724241e+01
3.464116813929589966e+01
2.908736260861843093e+01
1.852815987544969900e+01
3.517078454187574721e+01
3.403599568745602966e+01
2.699202112383362717e+01
1.951759073048753024e+01
2.657704090116413198e+01
2.128677953356547548e+01
1.634367810126483533e+01
2.041446843588749971e+01
3.631068104403870933e+01
2.904577057446787336e+01
1.832424131821126423e+01
2.046875695605365664e+01
2.739281377587010624e+01
3.112567746861292406e+01
2.842471454014035004e+01
2.064850219352688399e+01
3.412924493744763765e+01
4.076887206725004376e+01
3.278458502984216949e+01
3.417681272943536186e+01
4.067553316332046620e+01
3.506796054117965156e+01
3.243630291852187497e+01
3.515503640939564178e+01
3.871272154348371686e+01
3.961287601431975247e+01
3.512581503050922294e+01
4.070710685539858531e+01
3.323061847080690256e+01
3.535824034370821067e+01
4.376416745758172766e+01
3.651690426218392105e+01
3.830729491154117028e+01
3.439519417508017796e+01
3.244537487384093311e+01
3.080340354112373191e+01
2.323357123596539253e+01
2.192578557332581823e+01
2.051175801199188697e+01
2.603141114664699529e+01
3.491973267393126434e+01
3.671547220596463035e+01
3.487115170841279621e+01
3.199137490512937276e+01
3.422011419349388461e+01
3.650523131962020784e+01
3.110138002561533810e+01
2.863759942440929862e+01
2.796187522520110136e+01
3.490631302051305340e+01
3.295676486984442732e+01
3.417786028461951275e+01
1.858487329366398910e+01
1.935193227368981894e+01
2.560704614007732971e+01
3.364279128835273980e+01
2.528986542680359761e+01
2.613906720243885928e+01
2.404346073173669396e+01
2.444595478478946049e+01
2.348906332688998333e+01
3.034904016453807429e+01
3.878203353986422997e+01
2.729783033527797542e+01
4.436723752542371102e+01
3.869619210826597566e+01
2.958768865396726255e+01
2.407823987952812672e+01
3.363341997192156896e+01
2.994813253644861462e+01
3.370553332589888385e+01
2.837313441085233379e+01
3.023911396670998286e+01
2.326865222849544779e+01
3.544645506978396554e+01
3.188133456756120054e+01
2.421278912832351793e+01
1.751009415290782201e+01
2.107249711120027769e+01
2.019434093193574498e+01
2.405449256242521727e+01
3.082379242383852258e+01
2.027230577094193009e+01
1.726608925426752350e+01
3.738361723789455482e+01
2.266188476566455279e+01
3.330292831738646697e+01
2.817050830680233986e+01
2.367509106638290461e+01
2.134131387544945824e+01
1.920042723256239015e+01
2.514994710627061991e+01
2.462278212654168996e+01
3.742186925591261115e+01
2.697305800637554896e+01
2.630970602647137113e+01
2.485471083468363318e+01
2.350365104659831772e+01
2.048567516490224705e+01
2.924071982612190368e+01
2.675151296408060375e+01
2.123890062158866954e+01
3.634389533409311923e+01
2.261455872821050050e+01
2.283314464084060091e+01
1.993995091534892339e+01
2.056549081091211306e+01
3.377258401646955832e+01
4.515748584229076101e+01
3.696198761510829200e+01
2.936703300678861694e+01
3.631499878478921772e+01
4.075028235239645369e+01
3.769456077542661632e+01
2.637693976401109452e+01
2.544762020205130426e+01
2.350679678375743720e+01
2.245814377712042642e+01
3.302503695647558146e+01
3.360148015926534271e+01
2.092480194726610421e+01
3.004548793311603916e+01
2.543821358878845373e+01
4.331648081823522034e+01
2.662200474297580755e+01
2.353624391735460719e+01
2.610228424486355792e+01
2.246888806963327312e+01
3.549747696540269004e+01
3.581579821215225934e+01
2.880744207555645531e+01
3.079132016973735730e+01
3.381023363570199791e+01
3.315044662237857409e+01
3.191865909547805202e+01
3.159737726127388058e+01
3.639654780330581474e+01
4.960123507363222473e+01
3.806239688989231240e+01
3.890452927490567703e+01
3.436555502468359435e+01
3.864421625932472182e+01
2.875751210964940796e+01
2.818916559852949888e+01
3.692414767243362661e+01
4.195969905239792297e+01
4.205512147167854664e+01
3.767440079398455310e+01
3.494336460131788158e+01
4.021818928879339694e+01
2.456203352858340594e+01
1.951070915714097964e+01
2.277930758075591200e+01
1.549595245151171419e+01
3.005785701862730264e+01
3.104976565448680503e+01
3.803786786389593999e+01
3.068415118007673215e+01
4.285937667667504058e+01
4.617787282693972628e+01
3.969909369733041871e+01
3.902571952560631274e+01
2.967342673791221941e+01
3.777913915829151392e+01
3.701389087528196598e+01
3.509357586510957816e+01
2.237695857868832050e+01
2.215775118295330870e+01
2.153626840145907906e+01
3.041745916864696042e+01
2.550279269015466355e+01
2.530749800836105834e+01
3.625610238849606048e+01
3.989880598527020084e+01
3.923549719993256701e+01
3.058971489438260960e+01
4.171063799115017900e+01
4.186523057159308792e+01
4.765635867958260263e+01
4.249011559958267270e+01
2.843592225842200349e+01
2.840790118952806864e+01
2.247979791983921416e+01
2.488251027513766545e+01
3.122183273206531950e+01
3.529091097742576011e+01
3.470711886720368966e+01
3.166247591387255156e+01
3.203221132345398559e+01
3.708135352975423871e+01
2.627381558781742399e+01
3.458033729230923825e+01
2.287857727908265915e+01
2.255754399715099368e+01
3.044999793883826200e+01
2.414778281596892384e+01
2.243028138507077784e+01
3.572126150076542928e+01
3.176472539576097276e+01
3.381728990543479085e+01
3.501961483325323599e+01
3.646115877924088977e+01
3.802969741660663772e+01
3.102201046463644829e+01
2.968055853866841431e+01
3.812986963985810718e+01
2.919913285000112779e+01
2.678124785497255544e+01
3.595978772176228944e+01
2.824008108587371169e+01
2.355075106790498651e+01
3.574179977620272552e+01
3.369571248122436913e+01
3.254620062795190449e+01
3.304208034969116170e+01
4.450295462329120255e+01
3.025305600371051540e+01
3.006164208243581726e+01
3.090780936227954001e+01
4.062012787291052973e+01
2.667718370973498665e+01
2.002765406253518421e+01
3.805463523512085544e+01
4.214410366261862606e+01
3.670772346626904437e+01
3.771278069368003116e+01
2.850922296530554334e+01
2.906092668378308730e+01
2.097277821769560546e+01
1.729498748126185959e+01
2.350654376038088955e+01
2.143611932712697410e+01
2.057290328754217867e+01
2.774786126685239296e+01
3.739182924933744800e+01
4.177639882150096895e+01
2.262437558269398608e+01
2.112256079899966466e+01
2.389534103537037879e+01
2.390075225423467131e+01
2.646739393876999813e+01
2.593385709505077941e+01
2.319197252658580410e+01
3.171065400216933128e+01
3.446247361739228410e+01
3.455432550359109456e+01
2.996611681808803596e+01
2.895297946272738798e+01
2.871485564451410610e+01
2.385807296325057436e+01
2.465010198913085304e+01
2.577342649512472050e+01
2.047887507807609353e+01
2.647049938066527375e+01
3.181691771880578656e+01
1.999817700058460801e+01
2.346026940902579128e+01
3.272206661300842256e+01
1.939632387981432515e+01
3.053408463581199328e+01
1.947638800964057282e+01
1.672871008353176236e+01
3.064239349335320384e+01
2.963100018439097383e+01
2.540703004368860363e+01
2.196928876051246249e+01
2.726032551294894546e+01
2.350647744513256754e+01
2.474764972645603933e+01
3.130122675594063608e+01
2.025803803321246832e+01
2.653856419986910353e+01
2.584295863084490463e+01
3.655716509929392544e+01
1.760416093201197185e+01
1.850103111942642897e+01
2.303740237873392616e+01
2.355794396968719084e+01
4.187941109530324013e+01
5.564453569529598553e+01
5.246510880309066494e+01
3.854699276723022194e+01
3.805369395893670514e+01
5.514210813084390139e+01
4.253941194484860233e+01
4.082805460921480289e+01
4.015935177815039481e+01
5.020387283183649885e+01
3.292747079856914638e+01
3.739902150829970395e+01
3.345605725252586637e+01
3.109183535667919784e+01
3.072736109577492059e+01
3.046008730672744491e+01
2.927503275505853608e+01
2.887638336016919283e+01
1.839365902052541557e+01
1.615178715748366400e+01
2.916048717802279810e+01
3.173924970017501934e+01
2.522376851346574256e+01
3.489466167156356846e+01
3.218294418508891397e+01
3.885772667694716631e+01
2.247358039319105671e+01
2.780037044574466520e+01
2.557085327007051134e+01
2.468600659563925603e+01
2.024794749712453523e+01
2.546496094710462899e+01
1.746784760159289007e+01
3.218888956977886551e+01
3.003737478845770070e+01
2.410726652317054786e+01
2.208006360107542676e+01
2.438144608538348379e+01
2.560661721430030369e+01
3.389067595109911935e+01
2.451874282464219945e+01
2.460959274689642839e+01
2.805644077495470157e+01
3.143640732004815774e+01
2.192133587556580210e+01
2.400628877678247974e+01
2.735992417155898693e+01
2.379347801426916931e+01
4.060135684612207285e+01
4.162284085650260579e+01
2.227648468966589235e+01
1.775230968299688783e+01
3.279031233027681935e+01
3.210286237097799500e+01
3.506901109871239441e+01
3.693486914087106499e+01
2.882454715303231652e+01
2.708781059784529788e+01
3.018008983619362340e+01
2.485512325574286763e+01
2.843080982511654042e+01
3.650302327135945291e+01
2.780808583241867282e+01
3.086670401004702313e+01
4.711954601567847334e+01
3.771965067745516365e+01
5.022778353407046836e+01
4.324924198310037582e+01
4.689643922544573940e+01
3.250184066146417194e+01
2.417476179528818037e+01
2.376447338584692659e+01
2.743076623864619279e+01
3.074793312632928988e+01
3.228477978448808017e+01
2.817614483958769611e+01
3.097846124381802468e+01
3.919554615725817115e+01
4.516390175316614375e+01
3.842729972528155002e+01
2.633432975107931995e+01
3.037298017265398897e+01
3.038792834296767609e+01
1.994496418663445780e+01
2.632275689226219839e+01
3.091523783607987497e+01
2.965164038586777551e+01
3.947499854772673444e+01
3.702904243455691358e+01
3.823412949480105283e+01
3.118668510597456489e+01
3.295609458842972117e+01
4.099625908827733411e+01
3.327722910681738711e+01
2.465278078685884111e+01
3.305095361576064761e+01
2.718255288817134385e+01
3.110797038266066750e+01
1.753592926793396956e+01
2.062652366076554245e+01
3.640363475284226524e+01
3.216601869295408989e+01
2.253245137294357292e+01
3.152892307077845757e+01
2.884459344171139250e+01
2.558059297365028328e+01
3.982471534408767866e+01
3.799295762812278099e+01
1.785915001985449280e+01
2.652490534920748644e+01
3.101827649362306261e+01
3.019731427048856176e+01
2.457922345508018580e+01
2.906350783230777424e+01
2.778346237048847556e+01
2.600473018533342184e+01
2.795525008275762602e+01
2.783024085504473888e+01
3.390879174246718719e+01
2.506737890739968933e+01
3.254479578549928931e+01
3.388972503966899552e+01
2.483178624476554930e+01
2.388322658731738457e+01
2.376545757851011942e+01
3.235872108083343335e+01
2.254202293049617722e+01
1.615354622182709576e+01
2.824720622201503417e+01
2.771174238657866695e+01
2.718968515847694789e+01
2.913380261873269461e+01
2.059341037218358039e+01
2.724895290915605628e+01
3.148910510979861144e+01
3.899453928427658411e+01
2.743478851511934025e+01
3.131502428842070174e+01
1.582345329998134176e+01
2.831891953763257064e+01
1.760478507222164879e+01
2.248018489310603840e+01
2.951738236458004394e+01
2.537284143399649139e+01
3.025587734247066152e+01
2.811422252972080571e+01
3.219539688695017077e+01
3.939702322741238305e+01
4.247186679626513950e+01
4.654877038082907603e+01
3.127868416180723088e+01
4.041059353879773397e+01
3.841730071793689660e+01
3.645403089797311935e+01
1.492972542840311334e+01
1.499379724474141007e+01
2.542596465019910212e+01
3.245971726379676880e+01
3.731620387093409619e+01
3.345208803255924579e+01
4.140390126421274886e+01
2.932571053832455377e+01
2.829702575617116977e+01
4.356427664999629457e+01
5.135498999249114860e+01
4.242100441708846148e+01
3.489727399580885958e+01
3.864690591183043722e+01
2.051972191972767590e+01
1.837611651141219227e+01
2.961409752979954746e+01
3.608876811448409683e+01
3.452483648970804353e+01
3.360972344299753445e+01
3.535758259667779413e+01
3.114397655167803691e+01
3.248259952101717829e+01
2.751149218836444277e+01
3.381253437653315075e+01
2.548161243535285436e+01
3.176330868737746016e+01
2.992366978818607137e+01
3.396881718801405015e+01
2.542942007255714643e+01
3.018687216055478117e+01
3.363312087920084537e+01
3.386046581716230008e+01
3.220068303661604858e+01
1.940529681152868235e+01
2.278605313340263194e+01
3.877744514435278944e+01
2.604567688493163047e+01
3.148681943929137006e+01
3.294508956053484638e+01
3.144130661041057095e+01
3.849481499221290903e+01
2.548940507474797101e+01
3.932587930113609076e+01
3.242560407009897006e+01
3.485738623281156379e+01
3.700339687647374376e+01
4.197099414421504804e+01
4.562811549908482078e+01
4.599781048040939169e+01
2.822065835098489117e+01
3.835991903247961687e+01
2.905331334999202753e+01
2.938832292015984038e+01
4.345645647736784412e+01
3.417875717201987129e+01
2.577300333178667913e+01
2.442992874236655965e+01
3.102111196688488803e+01
2.536172178978580760e+01
4.157289485530262851e+01
3.034877140903555315e+01
2.913217805828692519e+01
2.816202983530491011e+01
2.886434371633731288e+01
2.903779517813523725e+01
2.105656742142654281e+01
1.996867577462201382e+01
3.013070709264502867e+01
3.400803180600081532e+01
3.027717279290082431e+01
2.258263953980796046e+01
3.876441729454443674e+01
4.236352262733356611e+01
3.723589890303623662e+01
4.441310189225114868e+01
4.348416892586358529e+01
3.571323958462397030e+01
2.619715440551713215e+01
2.674361696587290993e+01
4.470643644537965855e+01
4.174565776231423087e+01
2.956601456018843166e+01
3.364755306039680249e+01
2.001125136215761913e+01
2.725851771262076184e+01
3.155582697306870088e+01
2.785178686895661926e+01
3.501337542642789913e+01
4.321690581874769777e+01
4.058298276631977330e+01
4.206923312066354725e+01
2.992273072035192882e+01
3.973243025947488150e+01
3.155249738726283226e+01
3.962204008676627609e+01
1.566979954629652028e+01
1.495059396680040109e+01
3.669197164609583695e+01
4.357513501154872415e+01
3.250840149343872554e+01
3.372367757639495522e+01
2.410373193884059617e+01
2.650363925465806858e+01
3.185753037416546718e+01
2.756346659376354324e+01
3.089403894143227092e+01
3.544676310552316778e+01
3.384877017000516730e+01
2.462799258792819757e+01
2.319593574871317188e+01
2.909649087469100692e+01
2.369320370491759320e+01
2.863065190866217691e+01
3.463537800572678549e+01
3.820416169330091805e+01
3.345507623064538905e+01
3.492532704335715010e+01
2.865583493940031445e+01
3.826738482333301761e+01
3.457194344974224975e+01
3.151445561109195026e+01
3.720219729979960022e+01
3.307003414277053110e+01
3.062644192656767927e+01
2.279815710713276644e+01
3.576086928097262785e+01
3.301631333318032091e+01
2.227876507780406001e+01
2.415629071247568760e+01
3.533151615550492153e+01
2.927124949053749958e+01
2.728757945731560852e+01
2.349889163621240584e+01
3.355891364815674649e+01
3.680356699910542062e+01
4.302636139192566134e+01
3.793693640550301893e+01
3.959482000205154861e+01
4.190930040011340907e+01
3.065019794680306831e+01
3.284639578436098617e+01
2.825274908912761518e+01
2.571599509138020423e+01
3.759034567258508730e+01
2.091817995264530339e+01
3.390176193211497235e+01
3.522562397821839397e+01
2.456266300871627806e+01
2.837241586126528148e+01
2.083729532354417202e+01
2.375196546773642581e+01
3.709364144352336012e+01
3.277620812324848742e+01
3.276432927661974759e+01
3.021543209950000985e+01
3.284032807837804313e+01
3.617743313851372022e+01
2.718189384095506966e+01
3.265516931743474771e+01
3.795090824347015257e+01
3.821584852583229974e+01
3.250479661726954106e+01
3.538069836079174024e+01
2.722768542326559427e+01
2.688477922519318142e+01
4.923283844779570018e+01
3.456992898803336800e+01
4.159600173659616473e+01
3.075937661205854923e+01
3.115156672123218939e+01
2.889568588166853402e+01
2.116729551942086474e+01
2.548055601262511871e+01
4.280823007908909972e+01
3.578682594740933354e+01
4.327680524730136113e+01
5.733968561790089069e+01
4.335534393816487864e+01
3.433013470648312193e+01
2.797553071128917779e+01
3.252810633376019211e+01
2.576483190201339823e+01
2.332240233637716997e+01
3.328504375198598098e+01
3.402178305602439679e+01
4.040541812260756416e+01
3.110335990809828388e+01
4.231743681056246942e+01
4.955512137388772942e+01
4.333952250894361669e+01
4.694202557949761712e+01
5.445821869021258266e+01
4.557928559264935586e+01
5.515762089757654962e+01
5.162860169087777251e+01
3.703225549774414560e+01
4.117874762641001496e+01
4.544265055520289565e+01
4.167495984547164056e+01
4.429593355975516289e+01
5.068640047089221667e+01
4.361798100355235874e+01
3.494034812545525881e+01
3.246502667477757598e+01
4.551734763752005364e+01
3.866210739423019760e+01
3.715516311568437402e+01
3.155894803786203440e+01
4.248184338099759572e+01
4.573412164030305860e+01
3.952073528594854679e+01
3.271213964043868572e+01
3.990373786623625563e+01
4.635829594787099239e+01
2.426194795169411478e+01
3.593130259199443088e+01
4.365619325081591739e+01
3.213603052581705555e+01
2.676980133935472850e+01
1.975760695115370424e+01
2.430223750113931658e+01
2.990541053070169042e+01
3.570014510611055414e+01
3.142627889655834039e+01
2.867871755015945823e+01
4.231280967749729172e+01
3.947160313116427943e+01
2.954662763711014506e+01
3.220297065133354408e+01
4.492295171992469704e+01
4.264673628311215481e+01
2.684644772526251089e+01
3.340642859330532133e+01
3.215650311053975940e+01
4.014739146718958551e+01
4.898501573782041874e+01
4.529365616683277551e+01
2.974503121628499613e+01
2.901433460558530086e+01
5.533497951675855830e+01
3.266969766410995391e+01
2.607213199005155246e+01
2.986671621193678305e+01
4.915568157884790423e+01
4.372456150462854652e+01
4.349473976540495812e+01
4.138402717536440889e+01
4.355796226891412459e+01
3.643393516451828873e+01
4.242052659212244237e+01
4.711281724313090535e+01
3.169438853258099797e+01
4.132274151085794500e+01
3.442702388931760282e+01
3.203874893934678880e+01
3.305717418018465281e+01
3.955948736626491069e+01
2.746259356726733003e+01
3.005708096643954619e+01
4.390025699966929551e+01
5.015000425936295159e+01
3.588396941890474068e+01
3.606459268829357256e+01
4.788733128444825837e+01
3.736123674576876397e+01
3.684428801139422660e+01
3.985299098395859829e+01
3.697030888051885000e+01
4.338412258333964644e+01
3.975429776576247320e+01
4.163336054678735820e+01
4.616233597685150869e+01
5.341753101285695493e+01
4.085759251021367788e+01
5.296419616212935466e+01
2.996990317035375639e+01
3.883703182005277199e+01
3.484666996616559231e+01
4.108768701208043694e+01
4.683393171689427703e+01
4.014529805789356942e+01
3.144319001940235836e+01
4.037097892060236148e+01
4.019350943341699178e+01
3.826794263180870814e+01
4.159289624867868440e+01
3.432657909779410943e+01
2.912961743450684438e+01
3.621831556984849954e+01
4.121715114990345796e+01
3.797046864269742628e+01
5.087023332587700253e+01
5.832355057136098253e+01
3.628601421683630690e+01
4.253506673767309110e+01
5.641670657098575248e+01
5.595399379500462800e+01
3.352968034570996991e+01
3.499991073102020067e+01
3.697116416567217811e+01
3.663166944154870919e+01
4.583992965621341398e+01
4.658235207470311678e+01
3.403655087996028072e+01
2.768209940815563996e+01
4.105381670430811170e+01
4.017895264773034825e+01
4.777152427131704115e+01
4.069390075015596153e+01
4.667388520143787645e+01
4.591599011511443251e+01
3.583101406450528259e+01
3.020492127920872605e+01
3.745629250032664004e+01
4.575435999295460476e+01
4.058907313678910356e+01
4.172273394826737558e+01
4.930058838855230618e+01
4.627327841654162910e+01
4.537353993911204242e+01
4.180498687620477227e+01
4.744019828984477272e+01
4.265481943448305202e+01
3.694882015378642137e+01
4.778116444319945799e+01
3.762487083249912700e+01
3.268266898404371545e+01
2.998005074944205361e+01
3.306518125147032094e+01
2.867088366843320912e+01
3.746137881899097977e+01
4.100337868015528642e+01
4.432956938477964570e+01
4.498332757324664755e+01
5.344832364079359621e+01
4.453568694607140088e+01
4.373991653255016843e+01
3.958608656274045501e+01
3.067743204897089981e+01
3.471207565350905355e+01
3.078191625951675903e+01
2.235558095807773782e+01
3.192548871029034885e+01
3.845361018462624969e+01
4.120702390476900945e+01
3.729967860168386551e+01
2.838584196427078510e+01
4.578906996925164918e+01
4.486595706268333572e+01
3.494456337412363212e+01
3.732189426248243080e+01
3.918419073653399209e+01
5.108358689557605459e+01
4.976651307807360780e+01
5.447806458750203262e+01
5.830081275482605463e+01
4.228916649617305268e+01
4.395707153798850442e+01
4.327578651097915952e+01
4.507601316130686797e+01
5.405092748176103612e+01
3.523755778749698919e+01
3.639358843704866331e+01
3.535681647947186690e+01
3.734389946112405312e+01
3.132428463722848377e+01
2.596880247703063560e+01
3.793337197243318570e+01
3.432121275695742924e+01
4.165924981770994151e+01
5.076084452331529207e+01
5.103238023744802376e+01
4.482926239538108604e+01
4.870565255763972345e+01
4.837582711748536468e+01
4.355657733260490971e+01
3.438296736829916256e+01
4.328970236673500693e+01
4.601811676428219045e+01
5.088408131725191197e+01
5.004913346711717281e+01
4.145161036195563042e+01
4.321070176817885056e+01
4.096514937625821773e+01
5.080288791600181497e+01
3.816685092999421869e+01
4.131940536545467779e+01
5.134594176026630663e+01
5.076408226373255417e+01
4.432290786713358699e+01
4.725151828078494276e+01
4.210963704823872433e+01
4.425315383929623891e+01
4.338895772802927553e+01
5.379295862798758776e+01
6.569115842021106744e+01
4.763084695241980882e+01
3.692198882428323969e+01
4.387686581690326193e+01
3.107038693871227153e+01
3.949029540106172931e+01
5.144462934503813045e+01
4.343212290435877776e+01
3.511074619868206526e+01
4.061977721647178896e+01
3.093167899800674903e+01
2.613416950178260834e+01
2.975740920291904246e+01
2.866838939706697786e+01
2.888572438047340896e+01
3.498188473971556789e+01
4.197021237242813640e+01
3.763145603033083830e+01
