6.659948316429798787e+00
5.852428263046008716e+00
2.357928760835518744e+01
2.634469727805165107e+01
2.340914765741722547e+01
2.335582011129377378e+01
2.537473640662820529e+01
3.404459727636256616e+01
3.014499270799695907e+01
3.008122957505890582e+01
2.622145790594544579e+01
2.625063847764455716e+01
3.549737545542361516e+01
2.783210877705341701e+01
3.018749206294667431e+01
3.012227001413944549e+01
3.994828979010824099e+01
3.763931509275088416e+01
3.569939495279279384e+01
3.319563739703480110e+01
2.778874022526560950e+01
3.091731126736396007e+01
2.479376713761714157e+01
2.512156778292054682e+01
3.654130095472941520e+01
2.593458408302181439e+01
3.741502488596285758e+01
3.567849157822595885e+01
2.343081463388553587e+01
2.798269845032269743e+01
3.791983309714505879e+01
2.956027282462130756e+01
3.540631854688280811e+01
2.961353302716984004e+01
3.486688995929262802e+01
3.970586755825556935e+01
3.696622060159961620e+01
4.527795165702362112e+01
2.468990129551099955e+01
2.900429732348221634e+01
4.975824321588611809e+01
3.978247310149662752e+01
3.189156299340893241e+01
3.759915651613668075e+01
3.709761311692482622e+01
3.718243474131876525e+01
4.693855159622973616e+01
3.584739616317730793e+01
4.772775804008809075e+01
4.155465035653474359e+01
3.041993545882359129e+01
4.871263040545920120e+01
2.344755254342687678e+01
2.180055726746774525e+01
2.751928590672929786e+01
3.039716901692553463e+01
3.525615979954688584e+01
3.900689214956130968e+01
2.954347299971392715e+01
4.365661085107071671e+01
3.176514823604863480e+01
3.067144152214030584e+01
2.857665760264433175e+01
2.491565677381494837e+01
2.925367830545097547e+01
2.986877552487037946e+01
3.518033979833007407e+01
3.486575877432856885e+01
3.123025155929972030e+01
3.079347162421126427e+01
4.373076636304993059e+01
4.653779896833608376e+01
4.183920242283042512e+01
4.451024212161970439e+01
3.698081170779667559e+01
3.645217166201051384e+01
3.602704580505654519e+01
2.878851313782691079e+01
4.229048272713792755e+01
4.204947991773568106e+01
2.988892235077409154e+01
3.268584326992892386e+01
2.039340894189558995e+01
2.390930700793514774e+01
2.743322771963374151e+01
3.576645776184101067e+01
2.473398412955686965e+01
2.520586780466161159e+01
2.009988432897264587e+01
2.329160858901003195e+01
2.612560356516338800e+01
3.273101449363419846e+01
2.239365030772243514e+01
2.152275239669075901e+01
2.370632096659446475e+01
2.859481357790966882e+01
3.368781732631952508e+01
2.490873221812973171e+01
3.099214105538691655e+01
1.849394185554929848e+01
2.829886192748512030e+01
1.915502008136671108e+01
1.744530631224541040e+01
2.166027057845944270e+01
3.163317557854410111e+01
3.582346586969494240e+01
3.955841559617375225e+01
3.110157125600924033e+01
3.499501400422463604e+01
3.855060468308123234e+01
4.999788581373244511e+01
4.479817438002163499e+01
3.532175158408060156e+01
3.132257241381555346e+01
3.342562971594270493e+01
2.980889180992297938e+01
2.893861394693399802e+01
3.989827798406013670e+01
2.210639478343511044e+01
2.254215009052598973e+01
4.055235671373650064e+01
3.691692949057484441e+01
3.050813337211616982e+01
2.692817131957546906e+01
2.478476981012297031e+01
2.865840430677475936e+01
3.504828946123080158e+01
3.209683538348458143e+01
2.656718780694073345e+01
2.848100976763186409e+01
2.596348730777524594e+01
3.308350955343305344e+01
2.050215607754643798e+01
3.166255286734323704e+01
4.143693800047984155e+01
2.928029055058807018e+01
2.928417139983210049e+01
2.900053667324052498e+01
2.938553838028561316e+01
3.255234740877720157e+01
2.141165527832692916e+01
2.253841915940278184e+01
4.318312740385100312e+01
4.150656422928403799e+01
3.639750292377260621e+01
3.292690643569167008e+01
3.208905665967890997e+01
4.299915156918698500e+01
3.549683786761577409e+01
3.713056029203651320e+01
5.449237091533771604e+01
4.109476476648517007e+01
3.927154050064292079e+01
5.024991728415922410e+01
2.832782089091500666e+01
3.318035691526839059e+01
4.252244618342161431e+01
5.063105917753533447e+01
4.420061795020789930e+01
4.391542059159603895e+01
3.282214758622009754e+01
3.596158761522966785e+01
4.201312477134237611e+01
4.003349304852584822e+01
3.579832768198062354e+01
2.464823822111912932e+01
2.319104175630406317e+01
2.618829967080577248e+01
1.980670269650979876e+01
2.020975251230855818e+01
3.704603890233960328e+01
3.600599524344745817e+01
4.408672350274775198e+01
5.239359594838425949e+01
3.752222458687415951e+01
3.214045801389897861e+01
2.868561365347935777e+01
2.300577194060879194e+01
3.069292291958789320e+01
3.193342554459117011e+01
3.971077219440843464e+01
3.530934330987541614e+01
2.650857388772167056e+01
1.969866288152854139e+01
3.616189303558886792e+01
3.318800064630852376e+01
4.764221140525167897e+01
4.445937489543705112e+01
3.476978097594158612e+01
3.188453134738156791e+01
3.108132986256095620e+01
3.536126890071790285e+01
2.480787026726832778e+01
3.701030844667235442e+01
2.636859669301277265e+01
3.301761443853449407e+01
2.988004642427579682e+01
4.171403715955897695e+01
2.797512936523278526e+01
3.965953493316924749e+01
3.507793428166758787e+01
2.924102269094770534e+01
3.310208818167263445e+01
3.528049814405574836e+01
2.415296200222737610e+01
3.052101897935462915e+01
4.628769626200615761e+01
2.786318416223572569e+01
4.853005440486519007e+01
3.556648195689604108e+01
2.384172724858580139e+01
2.867821921329048607e+01
2.482764615884535075e+01
2.576465409510108273e+01
3.234728711396654433e+01
1.967305816589972522e+01
2.000195860312871687e+01
2.480963561780712112e+01
1.761464413518207550e+01
2.174204119817642678e+01
3.103731303363788996e+01
2.471765700553699929e+01
1.745379833290995464e+01
2.613071814068088727e+01
2.383171390224454811e+01
2.064503903517379868e+01
3.345070037073661240e+01
3.317252029903601596e+01
3.480669645377781052e+01
3.183318955241952608e+01
3.524280341110983983e+01
4.221225079204711506e+01
2.049964049463595117e+01
2.127934195794576411e+01
2.906416262619084989e+01
3.453364137570536485e+01
2.402963511218927195e+01
3.261759972122124651e+01
1.965458868493183786e+01
2.933886898530525755e+01
2.621910921599953781e+01
2.414868212736060471e+01
3.822468924191037587e+01
2.650607820543831750e+01
4.011499852613287942e+01
2.471485760778978857e+01
2.943690809727298330e+01
2.759067929703695299e+01
2.047881874097176791e+01
1.876790842412551186e+01
3.215082454617453322e+01
4.376474953161010717e+01
3.424674610286172793e+01
3.582755502313855800e+01
2.678917681746315438e+01
3.019108838259490923e+01
2.716345015844024147e+01
2.538825691566004394e+01
2.427602753823397208e+01
2.691981236515011844e+01
3.377607612228598555e+01
2.916609197013915278e+01
2.606409882596748773e+01
3.813043928477532063e+01
1.903276529154063113e+01
2.284850123013333700e+01
1.520085473824709155e+01
2.312659229271721273e+01
1.676981505836041109e+01
1.628943775868642518e+01
2.211512858644777424e+01
2.618720980295881873e+01
3.326585902304935161e+01
2.474600747987770077e+01
3.337290487034388065e+01
3.225960989331628781e+01
2.910772841396280342e+01
2.946220985843288886e+01
2.973728571670367415e+01
3.681927659557246102e+01
3.318396473449318762e+01
2.903783807994012278e+01
3.020544308801857269e+01
2.466380994235714041e+01
2.444426110765560622e+01
3.526978823606128088e+01
3.103476567437339639e+01
3.880584992332072147e+01
3.224276756524295706e+01
2.572820421464627216e+01
2.273644713435102460e+01
2.347340083734162164e+01
2.472761764519472294e+01
2.553901901678877095e+01
1.985606492217890562e+01
2.907957864680954074e+01
2.158282766654163609e+01
2.083033243032066295e+01
2.269022691677255210e+01
1.911178657646149404e+01
3.469240921425079449e+01
3.875069588455495762e+01
2.204742549717648359e+01
2.336097303558790372e+01
1.393990795682651651e+01
2.825957966266219046e+01
3.058844702154202366e+01
3.511016981552381111e+01
4.252386674086815077e+01
3.596069314238611270e+01
3.450061864198119110e+01
3.715786504571884308e+01
3.940399494287522941e+01
3.895652071630739499e+01
3.874907486595669326e+01
3.737289324621824704e+01
3.545211613910962001e+01
3.209527937160648747e+01
2.004866843242113106e+01
2.534900006599113809e+01
2.919118113576995555e+01
2.091056807161325182e+01
2.629042799219572402e+01
3.130750037679482034e+01
2.155521327900596162e+01
2.530757354040117590e+01
2.905132552326767126e+01
2.541934015867951047e+01
3.181275722995926003e+01
3.177005347207368757e+01
2.724829281331297537e+01
2.753136560684997391e+01
3.655903043364615002e+01
5.034851648766591836e+01
3.224353976195321536e+01
3.890457899275502029e+01
3.583474369178927788e+01
2.694842956950020252e+01
2.148406811150014661e+01
1.918369504518278390e+01
2.665666997716243358e+01
2.845169444107192547e+01
3.578976274111708733e+01
3.598644807088071929e+01
1.332492149997991859e+01
1.910761078995968631e+01
2.235175254915210274e+01
2.528518973238774592e+01
2.648333168038882235e+01
2.956116110967385424e+01
3.150049440793882738e+01
2.576833936699576455e+01
2.478873155695005437e+01
3.444202453943439934e+01
3.263870039908697152e+01
2.592267045939345138e+01
3.691559538978177102e+01
3.323359968197220837e+01
2.142368046717293595e+01
1.934717320542319285e+01
4.203990460454609490e+01
4.424012659593000052e+01
3.161521006472022677e+01
3.354930632124707302e+01
2.227462606000538869e+01
2.543912428576757279e+01
2.969363142619295459e+01
3.233426301832389527e+01
3.584085535490737584e+01
3.784866119797074191e+01
4.096842734463260172e+01
4.354614881624253542e+01
3.968908329028297999e+01
3.355219112306332363e+01
3.247126692518047264e+01
3.357939287099338799e+01
2.939695091042818476e+01
2.709826227589550030e+01
2.871806833924242497e+01
2.454388874330409109e+01
3.082618004209759022e+01
3.489546170534767811e+01
3.284984186448490107e+01
3.094689044270138467e+01
3.414478445446243171e+01
2.910931537899264754e+01
4.038946233397943075e+01
4.203044919302899274e+01
5.135380312434928385e+01
4.334092249680359288e+01
2.427302749618322508e+01
2.304533643313275704e+01
2.229190897237294422e+01
2.287683761577888220e+01
2.807564678713772111e+01
3.392448916511676771e+01
3.489067362931802307e+01
2.811180233113631743e+01
3.986962858771151730e+01
3.680679823160598829e+01
2.415777447002137635e+01
2.470275125831602736e+01
3.680965784744606140e+01
3.383060257594448927e+01
3.269273084751435476e+01
3.492380913136569376e+01
3.060571837355197644e+01
4.298163173280058658e+01
3.998741079885021321e+01
3.398291917360178616e+01
4.565855835082887637e+01
4.478875358569846554e+01
2.947177885510305373e+01
2.541453083934192847e+01
4.360509819259841890e+01
5.113108719007863812e+01
4.983890473811344179e+01
4.622695155255143362e+01
3.976078769623637754e+01
2.306806657725381271e+01
3.468635185879078620e+01
4.025801545924920788e+01
3.436248628438967501e+01
4.037763393835567172e+01
2.756754045710410139e+01
3.803610655580688871e+01
3.538171349929862686e+01
5.173784719283884215e+01
4.013049360332129112e+01
4.579333167917850034e+01
4.464647857533584840e+01
4.473208970675209173e+01
3.965822454469332570e+01
4.968096740334210892e+01
3.808453110359310756e+01
3.151579837639119219e+01
3.920596974144280011e+01
3.875680979900982948e+01
3.512666157938491551e+01
3.340688829583240249e+01
3.368353671641159508e+01
4.074765605741900032e+01
4.844310873942377782e+01
5.299296243439468412e+01
5.693430265467207363e+01
6.733761970620982140e+01
5.423227906755086991e+01
4.909555386064607063e+01
4.889171933000101689e+01
5.139273111761090007e+01
3.059241181232948392e+01
2.989756253901194327e+01
4.507229963442925680e+01
4.015467347219443894e+01
2.701603135807463829e+01
3.860649293912607050e+01
3.615777650518386821e+01
3.909877509567263587e+01
2.838479242803343183e+01
4.549326655689448273e+01
3.493922414089817607e+01
2.485449801410910453e+01
3.266827477379348466e+01
3.073626207587949111e+01
3.585210139607013247e+01
3.671224206335904938e+01
3.997681634354365343e+01
3.107333579600996032e+01
3.711580687594678807e+01
4.127126991789772603e+01
4.807776146131227080e+01
5.924874585016134887e+01
4.393618668666924520e+01
5.055954734527526284e+01
6.204261554037989157e+01
3.337214753083971175e+01
2.846978238401941752e+01
4.301220497618486149e+01
3.258146449768927511e+01
3.290097383901254346e+01
3.701163898617786430e+01
4.262261783522237835e+01
4.032632594622985778e+01
4.248316636807128077e+01
4.299833044155487016e+01
3.821125561326211084e+01
2.474412773931183906e+01
2.911434994826814204e+01
2.952704252768006299e+01
3.913787499021668026e+01
2.889612926216153710e+01
2.274554778384039722e+01
3.645868755175239784e+01
2.408023650788585002e+01
3.055473469343353443e+01
5.288846976021638113e+01
2.750911325879093994e+01
4.051464271664551120e+01
2.593735890510449948e+01
2.802002516752574834e+01
2.757269558881510108e+01
3.201844555287163985e+01
3.254239481988217619e+01
3.034491405852815404e+01
4.117414513830784273e+01
3.488521338663872484e+01
2.945592067405977232e+01
2.424063846725895743e+01
3.452844922404605654e+01
2.994229928736183055e+01
2.723040838349416148e+01
2.628686652199195706e+01
1.806613046294996394e+01
3.192148644794764678e+01
1.921966767543682053e+01
1.224862650335373182e+01
3.000339401417966556e+01
2.401394469114476493e+01
1.638281599288001189e+01
2.355268963231751655e+01
2.957757265838104743e+01
3.003507697331162163e+01
2.298222898373659362e+01
3.105595574649770896e+01
3.362956017379714524e+01
4.575442157701343149e+01
4.202415490934794917e+01
3.127758529726270709e+01
4.089318448135135498e+01
4.595020430106136899e+01
3.043829237717061886e+01
2.622268870862958678e+01
3.413773333925927034e+01
3.952902396161147891e+01
4.057513127643785111e+01
3.769925701947777696e+01
2.720585805424531856e+01
2.453615465364616810e+01
3.766501292466381301e+01
3.480633751631408757e+01
3.888951118302716736e+01
3.641664036754553990e+01
3.893457075331032513e+01
5.147294305660159353e+01
2.582198055670758308e+01
3.088393734793406864e+01
3.756450282183458000e+01
3.936095250783098720e+01
3.787702480448619724e+01
4.379287885615060105e+01
3.106642963696084792e+01
3.033992466092602669e+01
3.278671274490125853e+01
3.559005009067791292e+01
3.675029536049971313e+01
3.260137821432939376e+01
5.041457409286012847e+01
4.481576121066853347e+01
3.929375744213297139e+01
4.464965155618232018e+01
3.991733565036068399e+01
4.516632223729740758e+01
4.693397407404290078e+01
4.729508490677865495e+01
3.548691722396524284e+01
3.547211743213717483e+01
2.856526065225787292e+01
2.636759834329714280e+01
4.685149777283724148e+01
4.055805099307483630e+01
3.538856025386598958e+01
3.667183210063539889e+01
4.203895482594527522e+01
4.526659209081243063e+01
3.818560390394981852e+01
3.512182317553604349e+01
4.445845839926244736e+01
4.389934566408362571e+01
3.058649067701955815e+01
3.371424903685812069e+01
3.484181362621526290e+01
3.406000010200914119e+01
4.802366573576613717e+01
4.394527488507078772e+01
2.911880507727505574e+01
4.207379141141586842e+01
4.422195560394426650e+01
2.950716825593746506e+01
3.305323601269163447e+01
2.822843634155221437e+01
3.588048032492516626e+01
3.232401669618040785e+01
2.743248467934582635e+01
3.817260842982589253e+01
6.114280795092141574e+01
4.230099635807599157e+01
2.638471851726301409e+01
2.978399673177831986e+01
4.187073933603966225e+01
3.776242801299711260e+01
3.770072327110264609e+01
3.734677600291879429e+01
3.023374579436313425e+01
3.104290407082636349e+01
4.890408517515047038e+01
4.350673244244399740e+01
2.784769660958750137e+01
4.207348074020990225e+01
3.514755696352521142e+01
4.089843146834554233e+01
4.625463647266887079e+01
3.518043293508598879e+01
3.391392320867078780e+01
4.245209280237491356e+01
5.135385843371517467e+01
6.645339386140014426e+01
4.405706622542266615e+01
4.253415157405428459e+01
3.659597269059745628e+01
3.988709170256014147e+01
4.553603742726122050e+01
4.493320625648224365e+01
5.834050820351630051e+01
5.733149916523809964e+01
5.956800760961134955e+01
4.606594118470706434e+01
4.558420590787458337e+01
4.324184704860259387e+01
4.615469492008033114e+01
3.132809370982963415e+01
3.877616289246011405e+01
4.275069006435107610e+01
4.152758707028593932e+01
3.745113183627370290e+01
4.473090577935532508e+01
3.636679584632762641e+01
5.099922942807441473e+01
5.271131859660621899e+01
3.975105051006233481e+01
4.096207306277006666e+01
4.629885916546682267e+01
3.467254842454916997e+01
4.113373604325703070e+01
3.089933551517349386e+01
5.005772536723646482e+01
5.252960015410926786e+01
4.460969772814768675e+01
5.753166085079920578e+01
8.007875779302754893e+01
7.082535213720471745e+01
6.367979600224253289e+01
4.359922099147208741e+01
4.833156493219672001e+01
4.146328713738167693e+01
4.753137829179646445e+01
4.669115245106543455e+01
5.456655857290634515e+01
6.016341356400481999e+01
5.962071481826490071e+01
4.389029530741360929e+01
6.025611075643660541e+01
5.383187491052427731e+01
5.113456630446119533e+01
4.792816231040789177e+01
5.315695061378879416e+01
5.469168386566225593e+01
6.935578213216481913e+01
6.700203345919099718e+01
5.675965338627829482e+01
6.057808166089319712e+01
6.600393243840541402e+01
7.292750873416188995e+01
6.168485148968988341e+01
6.541696476825526929e+01
7.932791004009061453e+01
9.879154331631129082e+01
9.394279440261102820e+01
9.527952133770195076e+01
5.154691889314295139e+01
5.728127163954215462e+01
6.997886089248972041e+01
6.892514544495988105e+01
7.247581475752959079e+01
7.045311813521254862e+01
6.435336607011784338e+01
5.812179021250046418e+01
6.457895150451112443e+01
8.243403034829987064e+01
7.364546840660113958e+01
7.459342584877838078e+01
7.907145235565496932e+01
6.118341761174696813e+01
8.709193232958604369e+01
6.633365323476277808e+01
6.663998894828499431e+01
6.519237058878317725e+01
7.107298237880684155e+01
7.164575606658571871e+01
7.027658966493081039e+01
6.883239675220690401e+01
6.891816976680307505e+01
7.418509861656097826e+01
5.452280662842429138e+01
5.467427418129422279e+01
7.396285990274284927e+01
7.393658742531941641e+01
8.968333726905275682e+01
7.009863616337474923e+01
6.807104980335275002e+01
7.708054575524481322e+01
9.091387506773395444e+01
6.506553491469858841e+01
8.680858477342194135e+01
7.746786309740366505e+01
7.365756136521821418e+01
8.792106580146662509e+01
8.904820560061141066e+01
9.906377109318795249e+01
6.932708941022001170e+01
7.899709033555865290e+01
7.445617821867999453e+01
7.792837350408670716e+01
8.765304057584218356e+01
8.191986454272992546e+01
8.562153258879543216e+01
1.208712129424868493e+02
8.158293189702334303e+01
8.870335918815274567e+01
8.819537993539157128e+01
1.041397628418706915e+02
1.105913424752456251e+02
9.760804505997121794e+01
9.004624113673216357e+01
7.104607434656853115e+01
8.321060110630487827e+01
5.316974975373111079e+01
7.872761845734298447e+01
7.191830387512165146e+01
7.923823807087619286e+01
8.451369195352154406e+01
8.947484114878237449e+01
9.000570961696024597e+01
7.184907911267019642e+01
7.426336516784139974e+01
8.612826958649093001e+01
8.215321564458974990e+01
6.236994168252382309e+01
9.077377814361014430e+01
9.212898501636394144e+01
8.338867177351897908e+01
8.888540288873876705e+01
9.679480026501012446e+01
6.428685784422728489e+01
8.056353597985247461e+01
7.814913874859429654e+01
8.141461335611532490e+01
6.538552188201751392e+01
7.420328943978235259e+01
7.870515236737115572e+01
7.265702326104751307e+01
9.124624123396110065e+01
8.144869607707313719e+01
9.852326166723403844e+01
9.389265739949240697e+01
7.693135702894457495e+01
8.449079539447407683e+01
8.348741847233473834e+01
8.242435396064550446e+01
1.196284465750026555e+02
1.295207773389697650e+02
8.440403496578541365e+01
9.176457814926098422e+01
7.710793579486275462e+01
8.230127800516120828e+01
1.009395033023597250e+02
8.361735836724963633e+01
8.392285809609516889e+01
8.259358379431864705e+01
8.567794746327012945e+01
1.009920580593589534e+02
8.153472158685225679e+01
8.724320521652998650e+01
8.767055966549156665e+01
9.139488292509820155e+01
1.007235215059534568e+02
1.117058549513463390e+02
1.309787844883651928e+02
1.182785346146266363e+02
1.010401386719510128e+02
9.840477757693287231e+01
1.121394581389102711e+02
1.229646611205112237e+02
1.253559579103562100e+02
1.241085372029130838e+02
1.249348354089097057e+02
9.366034685408610017e+01
1.232124766063396493e+02
1.132681166826057790e+02
1.098792515412062158e+02
1.308410292178738814e+02
1.144896845900064051e+02
1.016402307801569691e+02
1.034391479862347580e+02
8.591560244168562122e+01
9.765930515657457534e+01
1.154374012685451163e+02
8.687512193559862794e+01
7.840037468565196832e+01
1.050414282363661584e+02
9.698564936574921092e+01
1.093269629205187385e+02
1.069819004775663416e+02
1.068337167195015098e+02
1.030567895752852365e+02
1.107597911284496064e+02
1.218794489057513459e+02
9.329678475506581492e+01
1.207804895982040705e+02
9.151201260478133293e+01
7.470740956563868451e+01
1.111502291956114732e+02
1.047390857668183628e+02
1.021898318984392944e+02
1.015833537166460872e+02
1.102972220907041674e+02
8.732020893747026946e+01
8.347159077329023091e+01
7.464670440736188084e+01
9.429731876001805801e+01
1.152372051303913167e+02
9.678083829461839116e+01
1.005330139803873237e+02
8.407667691976899960e+01
7.052383735188563207e+01
1.068749025868935121e+02
1.033821694162848530e+02
1.184499318056806487e+02
1.112466255306881209e+02
9.381766260487141551e+01
1.039997058868897000e+02
1.191432652023681698e+02
1.143221839458885682e+02
1.128330074949686974e+02
9.549583098533679504e+01
9.982826974377128693e+01
1.057801386981888072e+02
1.196126639013901212e+02
1.128343745754856684e+02
1.293401679124963266e+02
1.034102466026686926e+02
1.107483741192892239e+02
1.198653946912179435e+02
1.235849603619555381e+02
1.053872229020107056e+02
1.238308697788133372e+02
1.189965308157279935e+02
1.398365062007663937e+02
1.180446335131921245e+02
1.506074288838767075e+02
1.371058818017456531e+02
1.304080726662950553e+02
1.254216546485501027e+02
1.364687780499352243e+02
1.218709068815829966e+02
1.404960278094095543e+02
1.519958685538246641e+02
1.097148748013620576e+02
1.098785759919113616e+02
1.151017211695660620e+02
9.566524659279778575e+01
1.135331703605465918e+02
1.060035142094719447e+02
1.108606947312306374e+02
1.228363609008264348e+02
1.014594262510963176e+02
1.015366119354318499e+02
1.455289795795358430e+02
1.588513818018746235e+02
1.294572121384692878e+02
1.193982163236849914e+02
1.178024098902136956e+02
1.232845720270578056e+02
1.452845619898414213e+02
1.195108838628535892e+02
1.187931446125408570e+02
1.132451173577917132e+02
1.350133313180787695e+02
1.350292016425353836e+02
1.282402258268360811e+02
1.298952319217218587e+02
1.394473097324599564e+02
1.265442436375116841e+02
1.310127846841666610e+02
1.174728221190565307e+02
1.391263277100418350e+02
1.387196285050202391e+02
1.361012515490500618e+02
1.235899032189521023e+02
1.397623823505649625e+02
1.329447946484169734e+02
1.240255213912785166e+02
1.400510022277414919e+02
1.649598692933628286e+02
1.366151796831522631e+02
1.538575766318813578e+02
1.708329052245383082e+02
1.542594298284450929e+02
1.554361738853340569e+02
1.578144122255467607e+02
1.497797274387611708e+02
1.454424580845868604e+02
1.460204383520941747e+02
1.289824943654094227e+02
1.746680597594637447e+02
1.476702993326348405e+02
1.229149970302428869e+02
1.456435109190005335e+02
1.473155168362860081e+02
1.522965243022157438e+02
1.530660620833520511e+02
1.299179436292919831e+02
1.454374878416444119e+02
1.790041073061881605e+02
1.652395933288952961e+02
1.261263896119301506e+02
1.491410712165763357e+02
1.523336978796450296e+02
1.395774770681703103e+02
1.480493381958852694e+02
1.461959979581840798e+02
1.333984291872867232e+02
1.319304451488344512e+02
1.403015938543523191e+02
1.341521170576170334e+02
1.466626871084376091e+02
1.892909450249642305e+02
1.644350098503804247e+02
1.733106277685525072e+02
1.649773134695217891e+02
2.007396817564316507e+02
1.926360157039594867e+02
1.517777363376762878e+02
1.740688131232554667e+02
1.880707252000311200e+02
1.965721564924974700e+02
1.849203519365406976e+02
1.750558917368678067e+02
1.928979401769173592e+02
2.051329264524540292e+02
1.921755535806962882e+02
2.284987865509079086e+02
2.294249017742834553e+02
1.977549008157430990e+02
1.751474507374506402e+02
1.925161203039954501e+02
1.978618782096790483e+02
1.974266485709491974e+02
2.238190657478575076e+02
2.074192861034656516e+02
2.097657203506237522e+02
