5.047946754372065747e+00
1.397522220067640042e+01
1.932435737355544703e+01
1.356877286001436467e+01
2.743755807607522712e+01
2.799322365971805127e+01
3.590642406957120158e+01
2.917953308666482926e+01
3.726460164431993149e+01
2.956567323845046857e+01
2.316414456264489630e+01
2.840938467104818699e+01
2.468486426341540252e+01
1.876427444781912968e+01
4.530417786150957937e+01
4.957453752596713770e+01
3.973540929204266092e+01
5.482616233989799071e+01
3.144411616538395648e+01
3.638257336819216903e+01
2.222633572480555486e+01
2.123130179603134948e+01
2.193903759710886447e+01
2.091842978582834078e+01
1.389235478163083215e+01
1.852335041284699102e+01
2.057241093591582981e+01
2.668437451174852271e+01
2.531791379290723754e+01
2.813517281016115845e+01
1.800636447325900136e+01
2.553399943363220714e+01
3.385605398895337714e+01
2.201936295545805322e+01
2.105177984743854935e+01
2.706187385813862889e+01
4.189463071599540456e+01
2.981876171536619324e+01
2.634728003575150623e+01
1.844844455862628507e+01
2.709360503003330933e+01
2.988195338515757626e+01
2.598581125873651487e+01
3.379114761766020791e+01
1.664699395079444244e+01
2.456709737345112998e+01
2.529120040810335368e+01
2.469716810805984153e+01
3.310006116960990852e+01
3.411806380923887616e+01
2.540457478906935407e+01
4.015378652364999112e+01
3.193755543599337798e+01
2.890436409657333172e+01
3.444531196666286377e+01
3.936395555156526171e+01
3.394115074685808509e+01
2.648400091486142927e+01
2.326120735020754537e+01
2.831491870783538545e+01
2.655489605391534624e+01
2.092156523995580031e+01
2.705066008426374324e+01
2.371825122883209147e+01
2.902546330200692992e+01
3.268305941548764793e+01
2.708131588231928788e+01
3.467244017544328472e+01
2.161572186075688862e+01
2.697026981504293275e+01
2.584570748903685100e+01
3.044675027815497970e+01
2.298239683350318430e+01
1.921870916558878051e+01
1.707040457945675627e+01
1.772646461230951331e+01
2.964816787817981236e+01
2.076590875552600934e+01
3.532983079367003398e+01
3.404754829475428579e+01
4.313883256987811166e+01
2.766894277573350891e+01
4.373595277229512845e+01
3.843498849565661146e+01
3.992005387692470464e+01
3.564252891074574592e+01
2.823812018132035107e+01
2.573308314927706064e+01
3.678725754152507221e+01
3.228706900752358422e+01
4.400343312040136823e+01
4.364025923660501149e+01
4.112703960571196404e+01
3.964163651022069246e+01
3.897428199488437173e+01
3.741285158158424196e+01
3.004270773449420062e+01
3.940791480733233243e+01
2.460988772559713311e+01
2.404180119276262317e+01
2.335123494025285495e+01
2.414981873341856655e+01
3.668341534744303090e+01
2.718691723794498927e+01
3.665118329038225653e+01
3.438037126868861293e+01
3.224618781593802908e+01
2.964886428953583319e+01
2.495613476814849463e+01
2.653367724690989959e+01
3.625299464977899078e+01
3.462924618784728636e+01
4.557596450929933241e+01
3.705972717633475355e+01
3.768827997397497143e+01
2.554549636467709561e+01
3.103291590437924441e+01
2.806881603016297788e+01
3.935836397138881892e+01
4.591647313200890324e+01
3.779170157378417372e+01
4.462492944100593206e+01
2.647251047981814409e+01
2.946961408792734005e+01
3.238718077513927085e+01
4.419455101115469375e+01
3.146880932162385136e+01
3.189373634021532311e+01
3.303914918600473527e+01
5.320334986435013036e+01
2.926732650187147655e+01
2.205493830712182657e+01
3.937602594524518906e+01
3.758243859493772732e+01
3.580746670710148294e+01
4.101218279543081024e+01
3.761278850913420513e+01
4.197103196875120545e+01
3.086431152213427964e+01
3.509337857096599578e+01
3.948705608257548505e+01
3.369906367735530495e+01
4.445213697724231139e+01
3.276051264187714196e+01
3.170466874868559159e+01
2.869868045064712447e+01
2.815323781362900135e+01
2.424055538672107701e+01
2.538227026876339565e+01
2.597640673521950205e+01
3.732486851801479588e+01
3.379798197670842796e+01
2.708132583828910001e+01
3.578720357711081590e+01
4.478065751817112528e+01
3.480591340473102235e+01
2.860966351684231412e+01
2.832417960592758632e+01
3.411966718307546387e+01
2.915643941788477278e+01
7.540323135776176855e+01
1.705339551543124514e+02
1.504227675450931088e+02
1.276567092632954683e+02
6.345246126467186087e+01
1.044261512858670216e+02
2.085634031652149645e+02
3.499048923902022352e+02
3.104714765159280319e+02
4.072844692233079513e+02
2.748554488311979185e+02
2.124452114982497051e+02
1.286474357186905877e+02
6.971510648043822300e+01
1.052908946351292627e+02
1.625090564482881632e+02
2.946446172043450247e+02
2.667152553937828543e+02
4.264688507892869325e+02
2.754508930535184845e+02
3.330266794317604422e+02
1.861045015849759920e+02
5.201412930254345213e+01
7.600303215382972155e+01
1.449481173715345221e+02
3.017949203834322702e+02
3.096606373368500158e+02
4.448155075592433718e+02
2.947364484328834919e+02
2.913283429086088177e+02
1.278405628645976009e+02
6.988777324297203108e+01
8.786978198157966347e+01
1.479481990622277578e+02
2.900812282429288302e+02
2.866546697844229357e+02
4.858705717928868921e+02
3.420926153831086935e+02
4.660850198186147395e+02
3.231633875183710529e+02
3.560594793325180376e+02
1.967974464869154474e+02
1.287147027020952521e+02
9.199275432560246202e+01
1.363831463405396107e+02
2.604273267951102753e+02
2.707223682607686897e+02
4.206976132779826116e+02
3.371497732708783701e+02
4.651806922568516143e+02
3.395743288527165760e+02
3.759127726782570562e+02
2.301367333087016789e+02
1.720924088810078274e+02
5.035919456049695953e+01
9.140563248052099254e+01
2.231089692223181657e+02
2.409522780882555253e+02
3.717305913536828257e+02
2.926859250021747130e+02
3.574282746704229226e+02
2.394823475202964573e+02
1.252677199983698699e+02
7.663501712801067356e+01
1.243750991159526080e+02
2.542765616759249383e+02
2.588667666682745789e+02
4.345950296998166777e+02
3.245439680687817940e+02
3.970094797860722906e+02
2.595861681941043457e+02
1.843281223608930759e+02
7.582285825458109230e+01
5.769449721723970725e+01
1.823793490996325488e+02
2.006078914449471142e+02
3.505751074826887361e+02
2.540466239221671856e+02
4.448434733310828619e+02
3.175549407653555818e+02
4.111607836099465203e+02
2.784952111885133377e+02
2.758216039469342604e+02
1.468970264858320149e+02
9.471026017132373909e+01
9.302174863464361465e+01
1.433769138037426387e+02
3.035396500519306073e+02
2.993740872697737814e+02
5.058411493664987120e+02
3.288962627204576279e+02
4.450035866655260861e+02
2.248412541007628818e+02
1.301970067932683151e+02
5.575933375813427517e+01
8.468741251659383806e+01
1.530949256768414841e+02
2.164570679233641499e+02
3.647157044134006583e+02
3.206833330317263631e+02
4.553423116933921051e+02
3.240318736190274649e+02
3.536457342126667527e+02
2.623573594202038066e+02
1.822651804602791117e+02
6.085738000520998270e+01
8.946744111622149376e+01
2.363195472200839049e+02
2.495098086607405037e+02
4.001242582022091483e+02
3.365459734994930159e+02
4.374830341455699454e+02
3.187531372536052459e+02
3.050852211804306080e+02
2.162635976611121009e+02
1.043539267123824459e+02
8.264201710763025233e+01
8.693936339253457390e+01
1.952400565398289700e+02
2.295732691942413908e+02
3.935607441467810759e+02
3.483799636374088209e+02
4.541898293653054566e+02
3.448308819303068731e+02
3.985897417589931138e+02
2.341612859296438387e+02
1.929214188640874852e+02
6.744331863501699331e+01
7.779165124191705161e+01
1.606843705385214776e+02
1.979483127150647022e+02
3.250427233712513271e+02
3.010232981517901294e+02
4.654969071734399222e+02
3.603221036601771630e+02
4.319699070570687809e+02
2.717565089491478147e+02
2.132978547669046065e+02
7.615723010414502880e+01
8.574119163470095373e+01
1.570500914697946087e+02
1.977741801103479418e+02
3.819448316661047329e+02
3.351216569988474703e+02
4.757199389031529790e+02
3.721233606349358638e+02
5.177103815775659541e+02
3.438908255496594961e+02
3.037537946580627590e+02
1.299244142306978915e+02
6.262441390374659989e+01
1.192748422447538985e+02
2.189175978859230725e+02
3.646206903502305181e+02
3.313971641293785524e+02
4.518570087368594841e+02
3.377894994301837528e+02
3.416158514501796049e+02
2.496825489950859662e+02
1.450315802939820458e+02
5.798001402674271532e+01
7.947839925126675098e+01
2.014732436046703015e+02
2.306783539419687941e+02
3.899030521717160127e+02
3.507153134786318560e+02
3.920317341071643682e+02
2.300105442183404705e+02
1.512300004439858867e+02
6.008118702282178702e+01
9.750909132274340152e+01
1.593689878733952128e+02
2.166414569096338596e+02
3.975315745928477895e+02
3.554340048563756795e+02
4.300136103614371450e+02
2.557562370050483764e+02
2.778932280481078578e+02
1.841431831022544259e+02
7.921176318527325577e+01
7.053405068253340460e+01
1.357504450530197460e+02
2.468943130189693136e+02
2.798172844352578750e+02
3.876801195687528434e+02
3.123225471326632032e+02
4.282582904359343843e+02
2.387759091118156221e+02
2.641584687686921029e+02
1.210208824649749744e+02
9.154874492087431292e+01
9.750354816961159088e+01
1.938007153917503445e+02
4.070607732263146659e+02
3.396002961978696817e+02
5.358153376549444147e+02
3.346499650398473023e+02
4.524028622438710272e+02
2.790245659645514138e+02
3.105769600044760068e+02
2.382220662073449375e+02
1.395435146327483551e+02
7.672427942059897532e+01
1.336921107622656564e+02
2.930549038239520883e+02
2.898063258461523901e+02
4.518203831913220370e+02
3.581683849594652997e+02
4.487968390105675667e+02
2.735695594182772084e+02
2.577677879141575090e+02
1.489885145385536589e+02
5.532748740870249549e+01
1.553907390389258580e+02
2.134540980126030831e+02
3.848401353975476127e+02
3.306338152751139319e+02
4.745282688556142148e+02
3.201413079643820652e+02
3.161806658850012468e+02
1.743851242541807096e+02
9.687294521390614932e+01
9.590951590477634170e+01
1.188189441824517161e+02
2.323394279297765763e+02
2.287548263218660054e+02
3.978380446489858286e+02
3.246582045236384602e+02
4.157199435605517692e+02
2.877354954313945541e+02
2.625457005915457671e+02
1.036227671248161641e+02
9.827162131724226413e+01
1.128185980368188410e+02
1.921447774953811631e+02
3.668893479010563965e+02
3.084588320042434475e+02
4.490741952866724773e+02
3.339201732336157988e+02
4.115921200049193089e+02
2.584415991659162160e+02
1.299310831605722854e+02
5.513097772233621896e+01
9.651726593453459202e+01
1.963680175454562402e+02
2.409682995297240495e+02
3.988356900916371046e+02
3.403246577887825879e+02
4.599604346429417205e+02
3.480366737456011492e+02
3.377657780881359031e+02
1.533256971262599961e+02
5.230867972609789263e+01
1.538521597116915416e+02
2.033214136318929945e+02
3.534524250735919964e+02
3.081084466763678051e+02
4.668089423357103556e+02
2.997923295315792984e+02
2.847711867749583803e+02
5.362430973633901488e+01
7.931659734234699499e+01
1.261590475166650123e+02
1.835713345902208005e+02
3.474141617251544290e+02
3.211273475725549815e+02
4.119660444954898253e+02
3.806010154653902759e+02
4.368735659243873783e+02
2.859815229317405851e+02
1.906613881769542900e+02
1.061295871259508772e+02
8.780024795675210214e+01
1.539030612051994922e+02
2.272587766209274491e+02
4.262561544509669034e+02
3.251471968959805281e+02
4.850424074480212084e+02
3.168898555921103366e+02
3.690321790556684505e+02
2.104083191912118025e+02
1.124705410799004994e+02
8.822733031901772449e+01
9.172505178310602503e+01
1.282675572470186580e+02
2.165281828616218434e+02
3.495733599944073831e+02
3.036488965914679170e+02
4.385424322104602197e+02
3.528427705591026893e+02
4.077546636865159257e+02
2.895272550426692533e+02
1.516528538128347634e+02
8.927457477903236338e+01
8.380512002593832221e+01
1.027102987792983697e+02
1.626608584197728078e+02
2.708059833329256776e+02
2.606606900643257632e+02
4.376105886985376401e+02
3.463966892834872624e+02
3.759958113876211883e+02
2.801577304707035978e+02
2.173227675870944324e+02
9.772911628475701207e+01
6.956190007655392549e+01
1.800993526401865097e+02
2.339648715592129520e+02
4.056211569456825714e+02
3.039546620659617133e+02
4.774972136571901160e+02
2.794464178793302267e+02
2.970610826874165014e+02
1.901055109769995397e+02
8.535785143779037298e+01
8.502637620173204880e+01
1.556452838941794141e+02
3.351942595640540503e+02
3.070284844838314484e+02
4.390289489907185043e+02
3.440519950720847646e+02
3.908813146465822683e+02
2.587387706363912798e+02
2.095303753264163618e+02
9.819149605236806622e+01
7.051958640244518506e+01
1.262157856591079081e+02
1.882596166707928660e+02
3.461648277935045712e+02
2.932131228369468658e+02
5.221450738010063333e+02
3.824841749280881800e+02
4.822410329195380427e+02
3.498679230547105590e+02
3.427220723073355657e+02
2.006417250765905749e+02
1.518828366926742888e+02
8.510034993485227517e+01
9.188437604828675376e+01
2.159399911366932372e+02
2.399458057582989738e+02
4.401998938776580417e+02
3.109317254892249593e+02
5.597475201607098825e+02
3.706172582286079660e+02
4.774105749898546946e+02
2.689876754213018444e+02
2.122152610965836175e+02
1.241706452949811563e+02
8.359788905620987975e+01
1.371936807062719481e+02
2.124330674763226057e+02
3.782001265647430159e+02
3.170499506321302761e+02
4.332692885525747784e+02
3.049649516419863176e+02
2.782587390108784575e+02
2.367540565684920750e+02
1.075947279651738597e+02
7.769226414730682961e+01
1.568128155161502377e+02
2.732077135713680605e+02
2.562245703526532452e+02
4.247868241778493257e+02
3.015748575722337250e+02
3.261234680527970227e+02
1.502729017227251234e+02
8.354751106264231453e+01
6.811880764975326485e+01
9.410968944525610880e+01
2.658870953929572920e+02
2.947489092114080336e+02
4.343425862473719121e+02
3.580615595428263873e+02
3.576895847203439871e+02
2.449742012150781250e+02
1.896393032388777442e+02
7.161341162733322108e+01
7.837361755065995794e+01
1.252697889837023268e+02
2.172172082622545304e+02
3.524603800018205675e+02
3.431878411353239926e+02
4.196753956297687864e+02
3.137253809140894987e+02
2.980850576076332459e+02
2.143637539480993155e+02
1.866967332480601556e+02
1.083916952400248306e+02
7.953967880703228843e+01
1.485844621303471627e+02
2.211551542793390013e+02
4.226412790541928075e+02
3.341852169695712291e+02
5.533481654264958252e+02
3.841930092352817496e+02
4.789144411309840734e+02
3.117565271434071406e+02
2.551976502985426691e+02
9.671740927216475825e+01
7.226049258174222700e+01
1.085359225725667329e+02
1.886088598036656379e+02
3.565610742995164060e+02
3.031006678042376734e+02
4.586259441956393630e+02
3.412085211588777156e+02
2.582802054556021858e+02
1.522440391438528593e+02
8.126771646908002822e+01
6.124277437684115455e+01
1.295837355732440415e+02
2.169969675501449728e+02
2.549055357065599594e+02
3.925768193761858811e+02
2.608667185929697325e+02
3.201868048989328486e+02
1.718288674940496037e+02
1.014982788247481125e+02
7.511914995189088984e+01
1.267647071926306950e+02
2.229865581090154478e+02
2.322447001247465153e+02
4.355287575371043545e+02
3.198389556643508627e+02
4.521994380947635364e+02
3.538436975715745803e+02
4.517929684156888470e+02
3.061197426672343909e+02
3.208789393126699565e+02
1.337620793696121382e+02
9.089899233682483271e+01
1.454135040968964745e+02
1.929028308676924439e+02
3.540994259382040354e+02
3.322909743863710332e+02
4.762114542836371243e+02
3.402400023926499557e+02
3.414962402683636924e+02
1.713629993177897859e+02
1.232768783455819062e+02
7.448212346646424464e+01
9.538197797636627229e+01
2.353662899422787120e+02
2.176556983978764492e+02
3.920642841869244535e+02
3.338818796206105617e+02
4.503261414186439424e+02
3.336693947184932654e+02
2.762392765288554415e+02
1.361919155897905114e+02
6.199780898485700931e+01
1.262699891050783947e+02
1.736799919454427936e+02
2.963004811614199525e+02
3.010429970293952238e+02
4.237046996152999441e+02
3.154546724766523766e+02
4.500599288775500781e+02
2.397484612567720035e+02
1.058527977380610849e+02
4.539781394405418524e+01
1.086093846391081854e+02
2.780179704809708028e+02
2.654936685999213068e+02
4.800484393753874883e+02
3.428252551619901851e+02
4.489214194861629608e+02
3.265434381636272292e+02
3.354472764403604401e+02
1.797880159753607927e+02
1.055303940497644106e+02
7.383446826790419948e+01
1.050649727544013956e+02
2.191744817776693139e+02
2.418497066132182169e+02
4.233840836758576529e+02
3.225490310433129935e+02
4.590956892840762293e+02
3.595452335503162544e+02
4.077510484290268096e+02
2.933519260523696062e+02
2.203326896998461564e+02
1.054488865115719136e+02
6.271017553820249191e+01
1.095523165205714946e+02
1.870490496148613886e+02
3.477995357508430629e+02
2.969015555892667066e+02
4.054668346283872893e+02
3.158022845271084407e+02
3.236680918388036048e+02
1.884289169672401840e+02
1.358820686695971744e+02
8.347149626133955280e+01
1.229888810492927576e+02
2.996865980356378714e+02
2.558671950107084001e+02
3.988364754751062833e+02
2.856508847357970922e+02
4.144511719987737024e+02
2.634005864960436725e+02
2.344316949322277992e+02
1.241816960445300992e+02
7.999626505221117156e+01
1.464522573401536079e+02
2.238190425773863126e+02
3.787159258155004409e+02
2.917564739243578629e+02
2.729646225509712849e+02
1.242772117656278823e+02
8.607183096200445505e+01
1.609308257502443951e+02
2.508491966871480088e+02
4.114532723457543852e+02
2.738983038360834712e+02
4.343863794444644100e+02
2.438040681677590271e+02
2.769581048428074155e+02
8.469755438168974138e+01
9.765707092333158812e+01
1.009350358664530205e+02
1.418047719683716252e+02
2.492521601296459437e+02
2.742085220985323417e+02
4.423223414171997661e+02
2.688874078663276350e+02
2.408766584622538574e+02
1.415792140907160785e+02
6.289338827981080016e+01
1.879122659311399275e+02
2.558603860271696249e+02
4.069791849626856219e+02
2.924732853753616268e+02
4.045013603647062723e+02
2.675670788333712835e+02
2.204336452037933896e+02
1.372137796311426143e+02
6.514118199655663943e+01
1.318964410160446903e+02
1.748567728597271582e+02
3.548430301852341131e+02
2.991669182235518178e+02
4.636656792020347098e+02
3.198234023412182978e+02
4.265937381430404685e+02
2.868776935771360286e+02
1.892928807175411237e+02
6.770792920092263500e+01
9.896614694117728561e+01
2.274641979531731693e+02
2.665384552589362670e+02
3.696800922161281733e+02
2.830911712222452934e+02
3.852198538961807230e+02
2.970320063112532125e+02
2.279859900395633758e+02
1.111828538056925453e+02
5.958914575994287333e+01
1.332853419922837190e+02
1.931152056995492501e+02
3.273023626586337969e+02
2.920771958085541087e+02
5.143743198475086729e+02
2.989103285911588159e+02
3.684626453509068824e+02
3.026610624376053238e+02
3.355664130588777994e+02
1.527131797889328482e+02
6.198199698126412471e+01
1.490260796838550164e+02
2.227202878665346191e+02
3.794970064177887252e+02
2.957787143519910842e+02
3.978149456712514507e+02
3.236917946980289571e+02
2.701996315669258024e+02
1.604798465503693876e+02
7.340345018564143231e+01
9.126019958470372728e+01
1.517028954375358296e+02
2.819657491155091975e+02
2.966953567058992007e+02
4.305265805024068868e+02
3.495840585948034800e+02
3.961793293794208353e+02
2.444700253932762450e+02
1.534653409650299807e+02
7.396257917525191772e+01
9.066422728201463599e+01
1.242386770902051012e+02
1.917177375438937759e+02
3.260202778065608982e+02
3.155232848641642818e+02
4.326791417377239100e+02
2.806396424941437999e+02
2.880538997622131774e+02
1.865401018734243905e+02
9.688656083444693934e+01
6.528730595660464076e+01
1.160869903157629039e+02
2.408768125507509694e+02
2.460768625102096792e+02
4.094335602653857222e+02
3.200459061610182516e+02
4.607556420278988867e+02
3.236017009475346526e+02
4.366503367074080302e+02
2.865696291262196951e+02
2.052953473335733179e+02
1.135303306100463061e+02
7.738624433979450146e+01
1.148824395952053123e+02
1.709168854269507278e+02
3.317786145489042724e+02
2.984122689628557623e+02
4.803472025097445908e+02
3.302432626218586051e+02
4.083668635766259172e+02
2.806796371069338534e+02
1.710895578628722262e+02
8.063035434861795636e+01
8.923265009245145052e+01
1.791734785281254290e+02
2.501440405999099994e+02
3.546145386678192608e+02
3.347392385124155680e+02
3.471294760608467413e+02
2.280324511684123365e+02
1.582196289170842363e+02
1.090908282979789732e+02
6.174151750531391514e+01
1.671371385580772824e+02
2.267613086718293971e+02
3.879976779161812601e+02
3.234594512415647500e+02
4.565989990089480557e+02
3.052780893423004045e+02
3.554665048853466374e+02
2.266762430718739552e+02
1.345709155037498306e+02
6.653012353589886629e+01
1.285345331825652693e+02
2.213307457577716661e+02
2.610210120973635526e+02
4.063512138727808178e+02
2.440688259789041012e+02
1.667746695858101589e+02
8.201307148405813052e+01
7.474041686616523350e+01
2.105835459940551289e+02
2.441614933876611246e+02
4.082271376603376325e+02
2.940404519998829755e+02
3.703392747872795780e+02
2.119523549606664403e+02
6.343265084473738114e+01
9.452467399302317119e+01
1.473813688179856172e+02
2.987816825118784436e+02
2.772546410236224119e+02
4.961140037192147361e+02
3.629505688954034781e+02
4.171583444784710650e+02
2.524769568211933688e+02
2.219616757673517213e+02
1.584503806825011907e+02
6.840280048237623589e+01
1.065549301463780125e+02
1.814131752027368805e+02
3.205060216316348374e+02
2.766995003480083142e+02
4.178072418798444687e+02
2.905254054430255906e+02
3.475405844672241642e+02
1.959127462118369749e+02
7.965603610131429946e+01
6.679930915049831697e+01
1.021679152077964119e+02
1.694552684706602577e+02
2.646689650980800366e+02
4.501718893093564589e+02
3.170926163906826787e+02
4.732690659471236927e+02
3.008824628023257901e+02
3.743445175133750240e+02
1.984530193604686872e+02
7.332635721650711957e+01
6.659058796453869888e+01
1.776133655739968162e+02
3.198081315348316593e+02
2.964761237721521070e+02
3.856526453669354169e+02
2.998218447769026511e+02
2.469248653709731514e+02
1.333762977787123418e+02
8.354894446169988953e+01
1.037310509717125484e+02
1.818065258922120506e+02
3.245882306418890266e+02
2.878795334066778651e+02
4.220539890181835290e+02
2.865435078654851964e+02
4.071028092760442405e+02
2.622997130571053503e+02
1.388854311041370408e+02
6.457231710927619872e+01
9.187769421403179138e+01
2.295871034953097194e+02
2.210775984107940815e+02
3.784687675284608304e+02
3.212368779307279283e+02
4.422632548822423928e+02
3.022971750990492978e+02
2.317453458086854425e+02
1.218973313132307368e+02
8.097606753414808622e+01
1.035973712127633064e+02
1.781825496119495824e+02
2.797813334474357703e+02
2.486906395271066970e+02
4.069260114803982447e+02
3.026393217697656723e+02
3.633819124804480794e+02
2.282837163264709375e+02
1.970218042177544646e+02
1.295951961365728380e+02
8.926694351264794136e+01
8.509699578638469575e+01
1.507417451956828813e+02
2.379238195782717185e+02
1.964567879798679257e+02
3.656909107411740933e+02
2.950300408269628178e+02
4.705162869232901244e+02
3.479544923144508743e+02
3.935855307565586827e+02
2.413432989042900090e+02
1.392214332489926676e+02
8.882995366180186636e+01
8.027319683531527517e+01
2.018797134231220696e+02
2.456543524575665174e+02
3.700365329379122272e+02
2.883496675558960760e+02
3.980888392126142321e+02
2.798314271591188458e+02
2.204849441002605488e+02
8.670830129660886598e+01
9.205854837651055789e+01
9.404716613643860512e+01
1.851592550678453506e+02
3.331509850187715642e+02
3.036962604687089993e+02
4.073538129429831542e+02
2.669143699179173836e+02
1.699905054139485117e+02
7.918106133380672418e+01
5.688422049032779881e+01
1.689031137885785654e+02
2.085934654035143581e+02
4.185779199709180034e+02
3.329349122450489062e+02
4.757834084075746546e+02
3.418586906081058032e+02
2.977201013997483869e+02
2.144787989592267650e+02
6.284739292515667586e+01
9.050508714011748168e+01
1.674641448376677886e+02
3.455308553305142709e+02
3.286219467342676239e+02
4.722010066393997931e+02
3.491518020562899096e+02
4.300240490587918885e+02
2.634552301478727827e+02
2.096064043274637925e+02
1.348007326947239619e+02
6.617227384261703094e+01
1.701901165803512868e+02
2.207286620022945272e+02
3.728020246420321655e+02
2.981109363549658156e+02
3.975310012813369553e+02
2.160520852063279165e+02
1.158601278841481275e+02
6.587216787294042319e+01
1.239089368655635752e+02
2.915143633416222997e+02
2.982457961170125600e+02
4.581623932293385337e+02
3.451296323320358397e+02
5.004659435185151892e+02
3.562664753213193194e+02
4.774762031910944415e+02
3.079458466814534745e+02
2.382707784010565888e+02
1.121362392252324440e+02
6.097504804032742243e+01
1.360977531747975604e+02
