1.004375207688373450e+01
4.362071937182652626e+00
1.988752896727653408e+01
2.512211509808637189e+01
1.684149186963947997e+01
2.567965079975573417e+01
1.860343466579356075e+01
1.930718704543008357e+01
2.919109057758745607e+01
3.703211192647014371e+01
3.214582366687226056e+01
2.126572874228690679e+01
2.405901360359996133e+01
3.671770442875698848e+01
2.779574674802948309e+01
2.171775116367220804e+01
2.566896302105828553e+01
2.651377442015505181e+01
2.323129835946714650e+01
1.622394323605777089e+01
2.043286907724382928e+01
3.014127381245991444e+01
2.580780567851031293e+01
2.885881738743099234e+01
2.080711510452572099e+01
3.405935878375593262e+01
2.427460223723725719e+01
2.990444487978641774e+01
5.101283477035900660e+01
3.576357645619136605e+01
2.764168935690701190e+01
2.016635294381944377e+01
2.764791500939653091e+01
2.880825851361242584e+01
4.030122457029068528e+01
3.565356258685088164e+01
2.369372531643942636e+01
3.375396490984797992e+01
3.988473162394240035e+01
3.901325613842538331e+01
3.250711520007099153e+01
2.798505693007576411e+01
2.236619258960664780e+01
2.050178547929897732e+01
3.233474932883935082e+01
3.804776785905150405e+01
3.389815772048322629e+01
3.514911681244981878e+01
3.454003511012512462e+01
3.114945655914521794e+01
3.311415578881767630e+01
2.317035928595393912e+01
3.398215864161266353e+01
4.315148641724454137e+01
3.089155410651043354e+01
2.111056910401769926e+01
3.532630337853809976e+01
3.358569329552511107e+01
2.645859503004495750e+01
2.432158729136534348e+01
2.033674838505583793e+01
2.936765627149189584e+01
1.657349668179111646e+01
2.847403847084932238e+01
3.201824495494969369e+01
3.269893663864754529e+01
3.619991005792498839e+01
3.725144954826131993e+01
2.663977079247822388e+01
3.617815150355039577e+01
2.152174963625769877e+01
2.894666009403524143e+01
3.937734501164263179e+01
2.621793867749622109e+01
3.254534417690896930e+01
2.802795705662095926e+01
3.038432766341998814e+01
3.626838219202205948e+01
3.077297190610301314e+01
3.264757787682032131e+01
3.425918001963034953e+01
3.344547894657257814e+01
2.364739411911441636e+01
2.565516542415423018e+01
2.929710559012887217e+01
2.438329593429667597e+01
3.483714750537720306e+01
2.309898259307944812e+01
3.254759012801358864e+01
2.320976752724586234e+01
2.228662291984591093e+01
2.657145411107661914e+01
2.286880390611029767e+01
1.848571678963708109e+01
1.989223099790622840e+01
1.320001413018489522e+01
2.486945084414649898e+01
2.087338336778459080e+01
2.191638076698292892e+01
2.680979810641142080e+01
2.177401603919740580e+01
2.495760695224577574e+01
2.451929428036191538e+01
3.225743937533015782e+01
2.320197428269484163e+01
2.440757571723675312e+01
4.134656771368518235e+01
4.399651434382529658e+01
3.260669842815759978e+01
3.099471364015395380e+01
3.031353345899302454e+01
3.310461770448441143e+01
2.788971012363669644e+01
3.118047531795972205e+01
3.543544144897806092e+01
3.548928694034196951e+01
2.950632907563917939e+01
2.176895361198335266e+01
2.852173222664110241e+01
3.693066680237411958e+01
3.330083572407654202e+01
2.608190833543770637e+01
2.188645566050749380e+01
3.073581582455614836e+01
2.954655456818819559e+01
3.295259452985300186e+01
3.259564957701189769e+01
3.934014249361202076e+01
4.279400877631995570e+01
4.841161954585472671e+01
2.606108968397799686e+01
2.904592622902808685e+01
3.008784859775798282e+01
2.519592820069400219e+01
3.492674019809174268e+01
3.091070326869558471e+01
4.393300976979760009e+01
5.134032013898676894e+01
3.481255811927651678e+01
4.014241418435461384e+01
4.252239086612248542e+01
2.691780512191625263e+01
3.338545425882408324e+01
3.538421760055350518e+01
3.612852600519399004e+01
3.870093073349918456e+01
4.071125733903992483e+01
3.207345829212798805e+01
3.176147362290665299e+01
3.410707621288046454e+01
1.660393049253126563e+01
1.804936732664651089e+01
2.271097603182817082e+01
2.655449735971465586e+01
2.777953353150930838e+01
2.566678842677228189e+01
3.401354241649360688e+01
3.213103509750008158e+01
3.173750761485955607e+01
3.053931079557636608e+01
2.635158237295642891e+01
2.679084922332731722e+01
2.299742852873786347e+01
2.290150083314927798e+01
2.354589238002523999e+01
2.807175328613591603e+01
3.180563574102463065e+01
3.288562464819182196e+01
3.116925951694890884e+01
3.559288276496380377e+01
6.213158226157343478e+01
5.062088448665429752e+01
4.059340865954271038e+01
3.807621692520818613e+01
3.799860882846795107e+01
3.974521747420040896e+01
3.326272765399983911e+01
5.303341816755094129e+01
4.228042637811657301e+01
3.159141294369197084e+01
3.140924608660755268e+01
3.177562548531214048e+01
3.679643703564425294e+01
2.431043796740861040e+01
4.497683893619121420e+01
5.321827748775521627e+01
3.079634948630231506e+01
3.234973678524804797e+01
4.180594912719595868e+01
4.386174850467781994e+01
3.709495630649632147e+01
3.146422457888218460e+01
3.734583692053516302e+01
3.557268452205352105e+01
3.651762477443757859e+01
4.916007200061939386e+01
3.639939039972191637e+01
3.622052992856712450e+01
4.179322833720222263e+01
3.268440388108157890e+01
2.853052562481556720e+01
4.974479962359310292e+01
2.387164496392195900e+01
4.219168242085962106e+01
2.993344651192598960e+01
2.399959157144752098e+01
3.708567420791599289e+01
4.055688699423640031e+01
3.309545533000966344e+01
4.542576912396820177e+01
2.982883434005710299e+01
2.238759274267300725e+01
2.360649635852508155e+01
2.407541218052758936e+01
3.271269803007569976e+01
4.280962755273922937e+01
2.794772048518727914e+01
3.399886364024342811e+01
3.063108390318476637e+01
2.526174581174084821e+01
4.830696934608251780e+01
4.226086723998751182e+01
3.544410355840080484e+01
5.453971275847132461e+01
5.250516268934186570e+01
4.266873250934371953e+01
2.650353395037646465e+01
2.784012745474956319e+01
3.160484127297484136e+01
2.254801453389906030e+01
2.378658871621586712e+01
3.606989021706785081e+01
2.784648589852019995e+01
3.639487334895241588e+01
3.113799759782971677e+01
3.581031416074635843e+01
5.126833620559911253e+01
6.487303826879875146e+01
4.699624351553760704e+01
4.021172556480973981e+01
4.992078586427907538e+01
4.726381031544191558e+01
5.399449722531857532e+01
6.133273653687827931e+01
4.869407956428861439e+01
5.859956069276400825e+01
3.402995210951623051e+01
2.354795098277157095e+01
3.352790421940703425e+01
3.474573512825901389e+01
2.605463473984533351e+01
3.231899850779206673e+01
3.706613711922930321e+01
5.777977643039854883e+01
3.410332901078749757e+01
2.112997169009675602e+01
2.326893111414801396e+01
3.089700232824973725e+01
3.700810228820147785e+01
4.980181640007284471e+01
4.595437718511452374e+01
3.615017381986304912e+01
1.785717390594743748e+01
3.032781140956116062e+01
3.710257972342071753e+01
3.728124739768313844e+01
4.447279385016268094e+01
4.515038035191953725e+01
3.813525884331684779e+01
5.830419058461984605e+01
2.843195423298744728e+01
2.559715758784117057e+01
3.734214337721148524e+01
4.008397399840722386e+01
5.126655234581549792e+01
3.537851013166406489e+01
6.994358689866874101e+01
4.055973988018756415e+01
2.896324523382376981e+01
2.750972164978746903e+01
2.764987168142155127e+01
2.847323918691841982e+01
3.913730332125115297e+01
5.108989098013018548e+01
3.749434282267841922e+01
2.849076847266862700e+01
3.015216468591615850e+01
2.526252514882409983e+01
3.836919449426294904e+01
4.201949270703664041e+01
4.159346906154249268e+01
5.401814125946863498e+01
4.690260780299909982e+01
3.813450342435346840e+01
4.889512312512010084e+01
3.489770375701597516e+01
3.644922612141498774e+01
4.569166326033405312e+01
2.259130374212759662e+01
1.904263420254402561e+01
5.211064783892344110e+01
5.811827773514195883e+01
4.946238708540962392e+01
4.785299271676717581e+01
4.983979709090709775e+01
3.931136894280663796e+01
3.126065474487953821e+01
5.350903514618374857e+01
2.131006494223964509e+01
4.875183542929580938e+01
3.060806868876041165e+01
3.827917028902083985e+01
4.303916120144464941e+01
3.140345744863161315e+01
3.369150285176137061e+01
3.816298336228066290e+01
5.059369403011301358e+01
7.924333644112316222e+01
3.802868814715627366e+01
4.117976450338890970e+01
3.432096482903039458e+01
3.016810613025070609e+01
4.496050519197365958e+01
4.415642148501719078e+01
3.651691045008098513e+01
5.213150088797517867e+01
5.524734211099522696e+01
2.771693039721928287e+01
2.218872993028420382e+01
2.066739787273047213e+01
2.379501813477741479e+01
3.241592247948447181e+01
2.045554897072557310e+01
2.561106151637964601e+01
5.153308961540813726e+01
3.437181972839111666e+01
3.034740193318796031e+01
2.217590487381072961e+01
4.177799396126493292e+01
2.349360762330132602e+01
4.333023316379893686e+01
3.877481241503713250e+01
5.404463865008423085e+01
4.453067432357275379e+01
4.185975743042541097e+01
5.486699455372439616e+01
5.575272284991820726e+01
4.631894294962116732e+01
4.598774769042813659e+01
4.589737144302004879e+01
3.191224280303887184e+01
3.290572168203321723e+01
2.925620684750053258e+01
3.504908198799613217e+01
3.006268803216438812e+01
3.411172892315324390e+01
5.621271721215238415e+01
3.922127177243494600e+01
4.283388967568198780e+01
3.548248198046370305e+01
4.154472349015035348e+01
5.160079248866841084e+01
5.894630227947228462e+01
4.127822672438078655e+01
4.774387969039161561e+01
2.601481620373922965e+01
3.047071163176414998e+01
4.008539417918289871e+01
2.630979022404937595e+01
3.179489505030662500e+01
4.127218646472041996e+01
3.964299513864272484e+01
2.207886527561395695e+01
1.818595524943543396e+01
2.655349370774115414e+01
3.101228166853787371e+01
3.978954850237592211e+01
4.945680297929545333e+01
4.784548505417481579e+01
4.089136860726198819e+01
4.490742707307003201e+01
4.393858729337193125e+01
5.720820190716903397e+01
5.158817785869413086e+01
6.118196337369933246e+01
2.497854631576474205e+01
2.626462512917834502e+01
3.508139922516836151e+01
4.147539398078915696e+01
4.243062233806261929e+01
5.401953671068574891e+01
4.001544443336390344e+01
3.277940070307266751e+01
3.187974508367462434e+01
4.019229669193904897e+01
5.235452028849116601e+01
2.004045494475525757e+01
3.493674342859189608e+01
3.053775870939985282e+01
2.504831412641116373e+01
2.264489245052749666e+01
2.862555305346968382e+01
5.169300192602165822e+01
3.883896237426993281e+01
3.186857627474968879e+01
5.600529426137785549e+01
3.860109484645653311e+01
4.686077462501658886e+01
2.368172543509300354e+01
2.129433271662316685e+01
4.433867091306444763e+01
4.603588323141130445e+01
4.159293248765951745e+01
4.069124905527610281e+01
3.062599583908429324e+01
3.513881341618998277e+01
2.518390765562747546e+01
1.989415210538749790e+01
4.217578525672612244e+01
3.380851771958843699e+01
1.828227788710694313e+01
2.781301667964753577e+01
2.167614865385484180e+01
2.249656426525244157e+01
2.252662735179406184e+01
5.008170307013570266e+01
3.808642563138752735e+01
2.642154641745811361e+01
3.606612821082845244e+01
3.622890781377200398e+01
3.942992339379923550e+01
3.905534569956995483e+01
3.676811721213737627e+01
3.940065993357263352e+01
3.537797787650921322e+01
3.014717484596303620e+01
1.909273811730937354e+01
3.461005033897440342e+01
3.010485305393944344e+01
5.666737444846753391e+01
5.728303226903917533e+01
5.177309573947396615e+01
7.330083054464131465e+01
5.742788723194004774e+01
4.990503027440097128e+01
4.968947675285058097e+01
3.978640534210289559e+01
3.214186083144229400e+01
4.130788885886809680e+01
4.374415887071710074e+01
5.157860563841194335e+01
3.670736442817972289e+01
5.887272742405174597e+01
3.713240853102853123e+01
2.860073321220145104e+01
4.076633229413863546e+01
3.622859448510097025e+01
4.143913104612198595e+01
2.458521355490951521e+01
2.795589608986583841e+01
2.282112816860403015e+01
2.626281922211931175e+01
3.481079814887375790e+01
2.768390961025391661e+01
2.805291815973171410e+01
4.705794888213926441e+01
4.108380627971385479e+01
3.069720321390211026e+01
3.106706997385834867e+01
3.229246870385455281e+01
5.988837870067682445e+01
4.627873873214886657e+01
3.494507929566416493e+01
2.476463435376725997e+01
3.193129681429428857e+01
2.993760804213325244e+01
3.198699970131340109e+01
4.120054473967226727e+01
3.560323133651569094e+01
4.979275966264806641e+01
2.973908990948569908e+01
3.260136379472670853e+01
3.327315393283282674e+01
4.944242186559512220e+01
3.758296840120466697e+01
4.532027569268193901e+01
2.383442441885374663e+01
3.440094414407407442e+01
4.790943529911534426e+01
5.112531904505928537e+01
3.506669743641936776e+01
3.179212919442186802e+01
4.353948912535416582e+01
4.920363351670911101e+01
3.470711187770758954e+01
3.052802773426426342e+01
3.852013382283946896e+01
4.108906987404809996e+01
4.139796312201979589e+01
4.433363530577567957e+01
4.575020196189866084e+01
4.475029452531282459e+01
4.052658839052924122e+01
3.516785705872236178e+01
4.113960491344273862e+01
3.318217390221671081e+01
2.055623260326970581e+01
2.645838940680434703e+01
2.571563152949520870e+01
3.672984209879972184e+01
2.786593881721191934e+01
2.135160105957668719e+01
2.701955916897356857e+01
3.832992967291227870e+01
3.425257849777437968e+01
2.990353278098714540e+01
3.859468263823685419e+01
2.458051360872942226e+01
3.361808876576421312e+01
4.351334043826577158e+01
3.745871039812075054e+01
4.480367332421905502e+01
3.787479190096403414e+01
6.862333126284377727e+01
5.767423001245887804e+01
5.200885989882651472e+01
4.094456438353789451e+01
4.179399259748024775e+01
5.928510359986326250e+01
6.735604978863534598e+01
4.085619459622819249e+01
5.158445984530318640e+01
5.990116929217946762e+01
4.568297690244051523e+01
3.750361962517503400e+01
3.600361185835181743e+01
2.172478149778551071e+01
2.372875700270187593e+01
3.707760647027935619e+01
3.639926183415431638e+01
2.919448678610973502e+01
2.725184277476556005e+01
2.269289795112020158e+01
2.280312610876967128e+01
3.414690286645855366e+01
5.803530279295057426e+01
3.372662560980413815e+01
3.650591759487823396e+01
3.746055155990083563e+01
4.699572741070921467e+01
6.637005096436826079e+01
5.177986115155296432e+01
3.683980833597039606e+01
5.956284433960756530e+01
3.117443322644810522e+01
2.432017458716943992e+01
2.915778515942480098e+01
2.904068706378902576e+01
2.753065581080803881e+01
3.203460170194866663e+01
4.237068387879682518e+01
5.572192754624624911e+01
4.276565958064272621e+01
5.672955726442091873e+01
3.720612956995452691e+01
2.200091206393929255e+01
2.632873380506961425e+01
4.398983645399008680e+01
2.669955244721596799e+01
2.591799401695639560e+01
4.120360450413917874e+01
5.239796504589752146e+01
4.351643055697835649e+01
4.872568454796964943e+01
3.617336091510543383e+01
3.394665019980143228e+01
4.214875200045842973e+01
2.778256170211579956e+01
3.686335778057522816e+01
3.863853768623586404e+01
3.137167355129070145e+01
3.901741392957395504e+01
6.890298855620312679e+01
6.228292903913443013e+01
3.840889238026502994e+01
3.525545667819740459e+01
3.005989451946511082e+01
2.347390231829649210e+01
3.105878528614594103e+01
3.418532956055896932e+01
2.607054729264703852e+01
3.198697261395938440e+01
2.189480516538498378e+01
2.099729201501094877e+01
4.978691144599184781e+01
4.062120028486765477e+01
5.520830892842955251e+01
3.934571557048000301e+01
3.470914240531325134e+01
2.442754011775032907e+01
2.573042612992272282e+01
3.368334321059018066e+01
3.052126571164240687e+01
3.594276283576864728e+01
1.902239572940509760e+01
2.692764685137492364e+01
3.599240746452491635e+01
2.629976184893232727e+01
3.270100558041183803e+01
3.246614720869819593e+01
3.525416480541200315e+01
3.758526728640015335e+01
3.754639702261980716e+01
4.843548616274865992e+01
3.607952594087622344e+01
3.920455285178086768e+01
3.710587036042399234e+01
2.864379706965628358e+01
3.815783518823565146e+01
3.251019024083738174e+01
2.647227422353532589e+01
2.726605101531262676e+01
2.596616449594622011e+01
4.292015393738213902e+01
3.614899032508635202e+01
2.171971338655092509e+01
4.097846885376402071e+01
4.163574398974285629e+01
3.642963835620016511e+01
3.773042003900377495e+01
3.873363407658604984e+01
5.011732206805898926e+01
3.908479670952743845e+01
4.375197203658296985e+01
4.659325922753151161e+01
5.753632265453710914e+01
3.698419869543837279e+01
3.970997947604041656e+01
5.163021813461079290e+01
4.787302431425815996e+01
4.615193281702177330e+01
3.816423784914845641e+01
2.772900986980425131e+01
3.179784731275423582e+01
3.767458525125137925e+01
7.090659206915385937e+01
5.578966896527081332e+01
5.547376670743553717e+01
3.942849835722559249e+01
3.542763834217495145e+01
5.353106259912305376e+01
5.326692062001187367e+01
4.236166356641394515e+01
2.320404476885865463e+01
3.355661553377682793e+01
4.781119660621391887e+01
3.773612599543344004e+01
4.324569846485241698e+01
2.885991463599799900e+01
2.750976023775437440e+01
5.600180409364405421e+01
4.787606656719121645e+01
4.882290743614668571e+01
4.529288445417351738e+01
3.146023765224562041e+01
3.006567592313099269e+01
3.033577603542827816e+01
3.198953027291063123e+01
3.344452362857558114e+01
3.308985991232774637e+01
3.313909442530816563e+01
4.192960201465295711e+01
6.112009448549004276e+01
2.649121686711481516e+01
3.609678715141237859e+01
4.303944510619243147e+01
3.311666679575725425e+01
4.275164873257845244e+01
4.437438868344862897e+01
3.757702783647342670e+01
3.103449362842824755e+01
4.093295500865377790e+01
4.122325651790411172e+01
2.771454198069134378e+01
3.821217767820566991e+01
3.381753670840515724e+01
4.610133612315788554e+01
4.031948807062674689e+01
3.217801906219131780e+01
3.570853872942794993e+01
2.852540219692181367e+01
3.617306586328631823e+01
3.172814918245379090e+01
3.632559641566593456e+01
2.968182124389829468e+01
5.799946624285341557e+01
4.753620187820720133e+01
4.142307408525190482e+01
6.322585050127931794e+01
5.952559416403263981e+01
4.096519413619202510e+01
4.094795181463571510e+01
3.753742700834710888e+01
4.466969722176192903e+01
5.818689704848652866e+01
4.891107080850247257e+01
2.800064527566822647e+01
4.182524100951281554e+01
3.622346572075985449e+01
6.564849987858428904e+01
4.010936114543234510e+01
3.971007153410750590e+01
3.262338280480020813e+01
2.831535165832696421e+01
3.125426361087852811e+01
3.618634845789817689e+01
3.502773707682113269e+01
3.259894033511222489e+01
3.264847860512080757e+01
3.704480485991489758e+01
3.173405695869264065e+01
4.331453803922970280e+01
4.012463139810726176e+01
4.283127577505189265e+01
4.985674354155273846e+01
2.670812816785676347e+01
2.935610535838362622e+01
3.695933530695472768e+01
5.228416777985025021e+01
5.353756169930527875e+01
4.809453820108480215e+01
3.503226585449250763e+01
3.253584464197703596e+01
3.867118862634870879e+01
5.243807273059827168e+01
4.180214691662691706e+01
2.797666677109850752e+01
3.268136013111796245e+01
3.548771050742024613e+01
2.002705477898831887e+01
4.052773690559617847e+01
4.086682346699866741e+01
4.455923727703177661e+01
4.408138189964275000e+01
5.007006028977396284e+01
3.782445238300971369e+01
3.381136043980503558e+01
3.214815592648054121e+01
4.649041404974277469e+01
4.196260866898331443e+01
4.257738506268955803e+01
3.836401048536791336e+01
4.369142377269617583e+01
3.168115011841498685e+01
5.341990703681573649e+01
4.495337553515838636e+01
4.974129605847275570e+01
5.142713204884363165e+01
3.477679632281940769e+01
3.973718550865638832e+01
4.299684739036097625e+01
4.529960151285396819e+01
5.932828213301855413e+01
3.733680823456703024e+01
2.169527094375973419e+01
2.789936047623701754e+01
3.913586927359108358e+01
3.511625116647473988e+01
3.802050215712389303e+01
3.678643807925524811e+01
5.832193284717939008e+01
4.571707923348038349e+01
3.834192013380643260e+01
2.766247973042765551e+01
3.881423581562267344e+01
4.724220468503377646e+01
5.061120434243421329e+01
6.286243938167717715e+01
5.615171452608109348e+01
5.991451357991516602e+01
3.487840960449086936e+01
4.437426379683936517e+01
3.930326770541061876e+01
4.649552756773988449e+01
2.917294465798025982e+01
3.026868199862736830e+01
4.308682285217332009e+01
2.477882651285158033e+01
3.902472375185622155e+01
2.986941978120291097e+01
2.640387579855017464e+01
3.759865324004920950e+01
3.928748460674483312e+01
4.496277021450870848e+01
2.950521704134754586e+01
4.647559538213880614e+01
5.434652824258420623e+01
4.426615307563213264e+01
5.169117858573807922e+01
3.317227587887676066e+01
3.467582669846234467e+01
4.667535966075638498e+01
4.036613317474684237e+01
7.378987742586042486e+01
4.807156420855939416e+01
4.091024829548434383e+01
3.991585866379977432e+01
3.557530897309902684e+01
4.493842167662488407e+01
2.829046828988105844e+01
3.009975513378098810e+01
2.711123748777299980e+01
4.469674209532447406e+01
3.254196429879049646e+01
4.599912983349373263e+01
2.494745238794056874e+01
3.209111198281269850e+01
3.403249894386108565e+01
3.029659304156795585e+01
5.108528516913389694e+01
2.738042968317652637e+01
3.377749149914540538e+01
4.574897214107584631e+01
5.233126133773219379e+01
3.041480779832880899e+01
4.398824470125980923e+01
3.410640615045633695e+01
3.723173177793086097e+01
3.699309722120994337e+01
5.176928011590413803e+01
4.331937653007399547e+01
4.509589289597528960e+01
3.219969828867823480e+01
4.054864406285033596e+01
2.749235141773401381e+01
4.039625717323055198e+01
3.495334752735505646e+01
3.426749628394210134e+01
2.638761863040339861e+01
3.879362006445001043e+01
4.272238484639627387e+01
3.503699686659604140e+01
3.869568809386905883e+01
3.942616943306243371e+01
5.259254570701265408e+01
3.606114665217280901e+01
3.426309108227354017e+01
3.545811693336664661e+01
4.669816723443382500e+01
3.708971109050232684e+01
2.015153970752082557e+01
4.210049427239621878e+01
2.726133169668556278e+01
4.218851164495613659e+01
4.670224158305260431e+01
3.544262881136652510e+01
4.819383763115467190e+01
3.440427522082618594e+01
4.156640396841088148e+01
4.515365778375758765e+01
4.776725521050945389e+01
2.939459439885291303e+01
3.349681936465455578e+01
4.552509326805018475e+01
4.438239802166302894e+01
5.062651269142052257e+01
5.273551977596380169e+01
3.983304438531136071e+01
3.707406563667601063e+01
3.732536921219181636e+01
3.556262005068639098e+01
3.770681000712032471e+01
3.944139110139350635e+01
4.070736300680638209e+01
4.548888463561779361e+01
6.637873020351908337e+01
5.516483693765576390e+01
4.702925863761105774e+01
3.194864616773703148e+01
4.475575114306114699e+01
3.074348735552943168e+01
3.328220766428906785e+01
3.200454897069818827e+01
4.843266477330825381e+01
2.804081416652234537e+01
3.712294685817803241e+01
5.155406131561176153e+01
2.872909996344615635e+01
4.258094524680524984e+01
4.086976224497167465e+01
2.613129003452551302e+01
6.644355070847271350e+01
4.254057537364679575e+01
3.490340767352869022e+01
3.861850333455802087e+01
3.403302937054115773e+01
5.261926511824177055e+01
4.377137360448445236e+01
4.433816633430077303e+01
7.086191217588556412e+01
3.290163167961560475e+01
2.041942123159673628e+01
3.993092245388753270e+01
3.367505621142971961e+01
7.485464357663731505e+01
5.021043383139456040e+01
5.142936720998008582e+01
5.184929369944033795e+01
4.929750807045031991e+01
4.336367276545409766e+01
4.163694143093864142e+01
4.182914751370747553e+01
4.370195490260287841e+01
4.051674651447098796e+01
2.383982874588209100e+01
3.614156211907108940e+01
4.286321290575438070e+01
2.919390482153711375e+01
3.568467562430453910e+01
3.641756883210202744e+01
4.480112081718530703e+01
5.081703229599814620e+01
3.693666465602440496e+01
4.087349580361565415e+01
3.995602778506847841e+01
4.435189418505311920e+01
3.776176159839258872e+01
4.083789457919887411e+01
3.850850820847693967e+01
4.541292741614530826e+01
2.976142690980987027e+01
3.942708614913956922e+01
3.383437476640828834e+01
3.470715930138433691e+01
4.826804679098982120e+01
3.507775805020841631e+01
4.172110497783874905e+01
4.341646812621983997e+01
2.874053555286078065e+01
3.077285388649467635e+01
3.169462081485403715e+01
4.489026816638303785e+01
5.093483378388178551e+01
3.904074653777647796e+01
4.403863887279123901e+01
4.611354494781822666e+01
4.370957790647966590e+01
5.706299333266993301e+01
2.512352203165830034e+01
3.031293844662704728e+01
3.861249864722326208e+01
3.191583677187705703e+01
3.366555013980499211e+01
4.044781909865083236e+01
3.794340836818756912e+01
4.680263089972731194e+01
3.047144995375026966e+01
3.697211612027471972e+01
3.998368585017059473e+01
4.670125883787884646e+01
