7.562867949065272377e+00
2.191665283663302333e+01
1.685332632183434853e+01
1.509466934450053088e+01
2.447666798416192790e+01
3.220496574471728479e+01
2.814568505674177956e+01
2.484860802728851326e+01
2.635901557941987150e+01
2.995184961306648930e+01
1.696887592308192794e+01
1.471410154396105341e+01
2.517425593857857180e+01
2.109168170646553264e+01
2.426180406865869799e+01
2.825288656581142277e+01
3.810162622333586313e+01
3.206656317906380593e+01
3.233370106759996077e+01
2.846716633015606135e+01
2.877926848578661634e+01
2.806388923550629144e+01
1.792963696437139376e+01
2.115483916249949914e+01
2.358820496143342993e+01
2.968075687846108579e+01
2.334600711700370468e+01
2.607888260357676558e+01
3.280275503465397691e+01
1.907266440408395525e+01
2.362784319226610563e+01
1.579862169964844476e+01
2.264380043937113030e+01
3.043789667075329675e+01
2.367143633444699091e+01
2.303818314476249185e+01
3.838663911642478865e+01
4.699890924791034053e+01
4.325811490108785051e+01
3.127866429631885481e+01
3.164650471935765452e+01
3.625856297729261257e+01
3.223144039142165695e+01
3.386092045533196426e+01
3.157733878383936243e+01
2.239409233697600143e+01
2.274403838736953887e+01
2.737114973225127912e+01
3.095980823078426880e+01
3.434415054428139769e+01
2.884293446222731561e+01
3.861913043973959248e+01
2.533242526937765859e+01
2.515182216741101229e+01
1.833461928840639743e+01
1.976252364299417508e+01
2.897951640901656489e+01
2.616555596522313820e+01
1.891542962167238429e+01
2.096199315316908240e+01
3.094908511150788755e+01
2.170535922427821163e+01
2.923969873588620771e+01
1.428240377300349984e+01
2.733665627885932636e+01
3.715064944250855206e+01
3.489199608061891666e+01
4.180677533303185811e+01
3.050596279125447907e+01
2.504465730875964269e+01
3.123655557345476552e+01
2.972653894907842087e+01
3.098223375468446150e+01
2.519548727586176895e+01
3.623953121393039822e+01
5.057236047685076841e+01
3.250208514313221286e+01
3.909874625166207096e+01
3.299470693378953001e+01
3.655511919126318077e+01
3.032656195478453398e+01
2.550809989332616468e+01
2.483347672103991499e+01
2.987041467379676618e+01
2.036127258014616004e+01
2.521910431771568639e+01
3.528297827260686859e+01
3.688245613400559364e+01
3.298140178345771290e+01
2.945245002144936919e+01
2.469712418283566180e+01
2.326559286462408238e+01
3.255301683445603089e+01
2.968260891565490667e+01
2.850486242766377742e+01
2.741968736088221803e+01
3.053776637593610843e+01
3.878063378662814387e+01
1.582779007078907618e+01
1.977572492310661545e+01
3.261247169788520495e+01
2.253102567345356277e+01
2.434479118750359916e+01
2.277838216677523775e+01
3.140653121149419391e+01
3.455159430378133578e+01
2.776692285969140173e+01
3.032026068563858345e+01
2.527599856589662153e+01
2.712944340838593860e+01
3.205359422650987966e+01
2.142409881623643741e+01
3.014428261147558175e+01
2.248558484504144772e+01
3.417987733719130716e+01
2.986677532760207754e+01
2.832484423149466934e+01
1.860012574689864806e+01
2.905911844547398459e+01
3.565051777634307939e+01
4.024507041625535919e+01
3.756502704932923820e+01
4.701159100860863305e+01
3.996338678970719371e+01
4.313992970696661189e+01
3.352127853351651510e+01
2.529497944303997059e+01
3.377877297356536701e+01
2.523875590595854490e+01
2.401267550540046614e+01
4.126070582486605787e+01
4.189773904555264750e+01
2.942346201685514373e+01
3.668886012788947681e+01
3.431631526179110381e+01
3.521481697935958977e+01
4.259674506104513370e+01
3.464251893120245995e+01
3.311067676027918338e+01
3.659804198736847525e+01
2.258405720296859798e+01
2.491149211987584167e+01
2.482917853057775659e+01
1.751768426086658081e+01
2.401587063838832492e+01
2.860721962243153271e+01
2.217418131643592361e+01
1.912392290124362404e+01
2.786409164899128399e+01
2.572731060108796797e+01
2.583687202605112887e+01
2.973311980799470433e+01
2.760668482610937247e+01
2.416484829739292906e+01
2.462176439938088635e+01
2.523560069590737598e+01
4.947213351637189049e+01
6.109163989118067661e+01
4.923876782959415976e+01
4.285315080647463759e+01
3.279645261396281342e+01
2.702600052672929110e+01
2.278369081918087247e+01
2.816133923181651966e+01
3.149208028892929434e+01
2.223500027095510490e+01
2.969724634177944367e+01
3.842344595093153714e+01
1.957042345733388089e+01
2.082544767015815168e+01
2.802390581340156928e+01
2.759078600900627620e+01
2.558834911091885544e+01
2.846926946998771868e+01
2.817539803651402508e+01
3.747493835639018300e+01
3.926028503107147571e+01
3.048887224953363173e+01
3.208108521392537682e+01
3.502871951171221809e+01
3.648528702279446634e+01
2.277835612009300448e+01
3.144913353251653376e+01
3.062936094858906344e+01
3.302253841925810462e+01
4.120076698496646372e+01
3.537287514177542391e+01
2.759440596865449535e+01
1.750908053866555392e+01
1.928364489577387886e+01
2.313243626336510772e+01
2.526673765931154136e+01
3.066683490504890131e+01
3.946168469143783852e+01
3.074812981416512514e+01
4.177165998154643489e+01
5.204930335194258362e+01
5.317710410379211083e+01
6.755777882629411124e+01
4.789452050089393254e+01
5.164288622489137737e+01
5.244146108338634349e+01
3.412757236524434745e+01
2.941832589253110797e+01
4.925646760356956833e+01
4.813862771694187614e+01
5.221275855542930344e+01
5.814799539775699344e+01
1.071758965502999672e+02
1.001148082183608921e+02
9.468744215701032374e+01
9.931338370899806023e+01
1.031764173857579721e+02
1.111523683970190177e+02
1.248761797587657867e+02
1.220920398118801558e+02
1.430819032190789812e+02
1.460577478780168690e+02
1.302523083510881463e+02
1.237813333920786505e+02
1.106650018597173499e+02
1.182340963850709983e+02
1.453251710059927007e+02
1.557828851528638552e+02
1.400476016778955568e+02
1.461653206390358264e+02
1.473593835712718203e+02
1.576016131488088661e+02
1.660990315053732616e+02
1.599535013561583128e+02
1.436130633102982870e+02
1.637832454684871379e+02
1.824421397478666051e+02
1.794325875325606887e+02
1.865946883232719813e+02
1.895006936882622313e+02
1.897363111956318278e+02
2.022454953345674937e+02
2.017965705134808729e+02
1.964172869812520048e+02
1.911503965619035910e+02
1.884001072079659593e+02
1.794559253095301301e+02
2.031067088951882909e+02
1.764254145400461482e+02
1.809817891972574557e+02
1.833963173075721329e+02
1.819856444778828575e+02
1.929252321433637292e+02
2.212165306484683072e+02
1.878119653366867396e+02
2.192220935994002389e+02
2.358414656911897964e+02
2.407758116990561916e+02
2.590476304560824019e+02
2.418163753128214921e+02
2.317444509037792386e+02
2.319943996806823634e+02
2.696828982563588966e+02
2.885987832805130324e+02
2.747034515867982236e+02
2.754637589901057027e+02
2.809397943947594172e+02
3.011239738081350765e+02
3.282530962434365733e+02
3.360246008568409479e+02
2.864803540251972436e+02
2.824665241379424856e+02
3.080322042364055051e+02
3.218593643091235776e+02
2.890093206383890561e+02
2.878198812407123341e+02
3.222640310644190436e+02
3.312347575744456094e+02
2.858259429974995669e+02
2.982222046234745676e+02
2.813086301480761335e+02
2.984644157226998118e+02
3.057410130848431891e+02
2.872950961094718423e+02
2.699139366263366924e+02
2.752236281868619017e+02
2.805841798715796358e+02
2.670064192621113079e+02
2.820264147089706057e+02
2.623482614356875615e+02
2.655546933400983676e+02
2.571672290336552464e+02
2.540264505375191106e+02
2.499222917219359204e+02
2.686996325120170468e+02
2.581123499377957842e+02
2.506661973048384766e+02
2.546352900209086272e+02
2.476564451044680482e+02
2.321283786069785435e+02
2.240644970570432406e+02
2.165777999362794333e+02
2.009216061537728137e+02
1.952620220196815808e+02
2.172325139544538786e+02
2.149889713733229542e+02
1.949506779131270946e+02
1.982180519074482845e+02
1.896583792843371441e+02
1.832573667838776998e+02
1.825098430285180768e+02
1.835120997184980638e+02
1.465894008130767077e+02
1.473665736785319496e+02
1.321243373850111595e+02
1.228302670688441367e+02
1.226210065573092152e+02
1.261852217401492311e+02
1.191905560592348934e+02
1.187854682871714118e+02
1.241196519880203226e+02
1.116261772434224184e+02
1.183555068022943288e+02
1.197074920148486399e+02
1.056414669368446511e+02
1.060985226394002865e+02
1.132942379508453143e+02
1.269606450228569798e+02
1.263891362425824383e+02
1.155774975488454714e+02
1.099862280071914284e+02
9.820642104131378858e+01
8.740914620488480580e+01
8.618727131029747568e+01
7.719444853167823339e+01
7.686147009221059534e+01
7.740997746885254571e+01
7.886144588778377340e+01
9.296482417590205216e+01
1.041818337470200646e+02
1.150209754286399715e+02
1.158490636696365357e+02
1.326789762988602206e+02
1.397322150765709807e+02
1.263745735240382544e+02
1.382371137457567158e+02
1.591976100245880161e+02
1.602644683586495375e+02
1.860056259516364321e+02
2.144858825513063323e+02
2.176039215086479715e+02
2.253310556534766533e+02
2.084270875004880281e+02
2.123907323809899879e+02
2.235103815518640431e+02
2.273850801074983679e+02
2.305743855200320525e+02
2.435746281775984130e+02
2.496263474002225564e+02
2.484851731667189370e+02
2.224059388444322565e+02
2.203581023039588160e+02
2.657574127998203721e+02
2.529707150929946522e+02
2.746268131515942628e+02
2.854626974564232000e+02
2.647663744199719531e+02
2.649318178422392407e+02
2.783084106945164535e+02
2.843604866176895598e+02
2.732448276222702361e+02
2.653716615236907614e+02
2.747500056286944528e+02
2.696757471868245943e+02
2.754562492481609297e+02
2.794923882921336258e+02
2.557030484507288861e+02
2.784257679280989350e+02
2.844633049705223584e+02
2.808920800994307001e+02
2.642716079645414879e+02
2.881780995432620216e+02
3.042409140466889426e+02
3.120525513900849433e+02
3.077695555901818807e+02
3.089029936928469624e+02
2.877026596717490179e+02
2.828205286437226391e+02
3.016253178533435744e+02
3.179901501478876753e+02
2.681178047707700216e+02
2.946918867248112974e+02
2.923705318207935306e+02
2.817557145310448163e+02
2.569203184548464378e+02
2.687999101295034734e+02
2.413085588947240296e+02
2.541891896725430513e+02
2.594330554617934013e+02
2.955732512480685159e+02
2.812251082389955172e+02
2.770106341583439189e+02
2.806351149438216908e+02
2.920728097525635008e+02
3.164922177842632891e+02
3.145490614906728410e+02
2.846726671056846953e+02
2.893221509936124107e+02
2.965029597216918660e+02
2.969893509534820737e+02
2.793182410245005372e+02
2.961903700986505896e+02
2.780856863339913048e+02
2.987325200332733175e+02
2.951310253811453208e+02
2.854666175138891617e+02
3.036658459429121422e+02
3.180629446001051974e+02
3.091487685977381261e+02
3.053575310531395530e+02
2.955958890313270899e+02
3.057872569272356600e+02
2.930163071741285421e+02
2.888389405781176720e+02
2.994878627532888231e+02
2.934067027146763280e+02
2.905275309155481409e+02
2.873356870921789437e+02
3.064259876897322101e+02
3.058345516785637983e+02
2.841717301616521354e+02
2.862071128503509385e+02
2.855032504995124896e+02
2.770701920152907292e+02
2.764278068225968923e+02
2.725665456675438918e+02
2.679929445990125032e+02
2.647318859399876487e+02
2.716109337619184885e+02
2.582053148912619349e+02
2.736881447070546187e+02
2.624445367013699979e+02
2.530989527722428249e+02
2.428007535423405443e+02
2.524039071430841261e+02
2.521264681170110578e+02
2.842082958586058794e+02
2.546645257463875396e+02
2.676144562281542107e+02
2.782796647127454435e+02
2.592891549816083625e+02
2.540293942477622409e+02
2.320485478465151914e+02
2.357342936276713488e+02
2.622717163999857348e+02
2.493985966505902638e+02
2.311358313850768411e+02
2.376128556936520226e+02
2.410205424629473612e+02
2.345549690279611923e+02
1.943963591413970562e+02
2.241118763960938338e+02
2.475108424188636320e+02
2.724785703418098706e+02
2.925256235834555696e+02
2.980780586445546305e+02
2.701339792028628040e+02
2.673477010816716302e+02
2.909167814218081958e+02
2.995692179146116700e+02
3.040320934982234462e+02
3.149249327227569779e+02
3.144844014873933133e+02
3.002801640288444105e+02
3.404928501842255741e+02
3.398522182187898579e+02
3.318197215748781446e+02
3.425568834070397770e+02
3.354873757616458079e+02
3.500339254091783801e+02
3.181411448532915642e+02
3.374323847513343821e+02
3.265307676720943277e+02
3.277371669960550093e+02
3.442304979805165885e+02
3.405589870748549970e+02
3.109410126416659068e+02
3.007652840602529523e+02
2.967345908114724011e+02
2.769233316614966611e+02
2.860938029571326524e+02
2.860112444187265623e+02
2.743699386199658079e+02
2.695400746286368303e+02
2.471384299765255150e+02
2.454467032206167119e+02
2.341020551179738902e+02
2.291447315105582163e+02
2.486326641227695973e+02
2.504999630457220690e+02
2.378651387147492642e+02
2.151362216920137485e+02
1.948985482370902673e+02
1.973371963852573856e+02
1.991036489145693338e+02
2.038526160514737740e+02
1.951107379926317549e+02
1.857136949474066228e+02
1.827864943837744818e+02
1.795154913341604015e+02
1.524978481279790969e+02
1.444096156609382433e+02
1.333380474170330672e+02
1.383614407922911482e+02
1.331399983394321964e+02
1.345047953848173279e+02
1.483967936266897141e+02
1.452725017969549981e+02
1.499894840248846322e+02
1.493007969214348520e+02
1.272976435311621088e+02
1.423478082741182789e+02
1.235706685177167827e+02
1.498238919811875292e+02
1.223128619743134493e+02
1.316482204493364065e+02
1.289217546267137777e+02
1.360189832486701675e+02
1.572546298982230439e+02
1.542787272352846912e+02
1.514612857667701746e+02
1.616222615729306256e+02
1.740736088858062658e+02
1.874742833461987743e+02
1.677315047829950743e+02
1.816662047699820732e+02
1.777066403682633506e+02
1.920553917811337215e+02
1.928539907585241622e+02
2.048844545313366439e+02
1.908323046206596700e+02
2.035164854908655911e+02
2.307821508310379102e+02
2.480153071742480790e+02
2.329168207144093685e+02
2.291873496292097627e+02
2.611886488920930560e+02
2.757959140844454282e+02
2.565620261718000847e+02
2.508976046877029660e+02
2.671423882210209513e+02
2.719681061164657194e+02
2.607902316644309053e+02
2.637446647377623208e+02
2.380532526220762861e+02
2.491656760714786003e+02
2.591154839715831599e+02
2.701177083834085124e+02
2.747229082185286302e+02
2.685623109721026367e+02
2.952580198944585277e+02
2.872310665810484807e+02
3.055445677147513948e+02
2.980748388535694176e+02
2.952948323946460505e+02
2.867325302075535660e+02
3.114143562971455026e+02
3.029737727625351340e+02
3.182779477178694947e+02
3.149465522987098325e+02
3.374713589910479641e+02
3.375348019988188639e+02
3.366380451834854739e+02
3.454187315987510942e+02
3.144174311112097371e+02
3.115184919997267343e+02
3.214535770348813912e+02
3.245404575503922615e+02
2.997994524450094787e+02
3.006491638109647511e+02
3.238556447261079256e+02
3.298441048556049395e+02
2.952883961901943053e+02
3.070549504968867041e+02
3.072371957276865828e+02
2.912034192493201203e+02
2.639536564178583831e+02
2.585739251251070527e+02
2.681976847701660063e+02
2.855689492258424593e+02
2.685529693389572117e+02
2.609189139477007870e+02
2.501632846870288631e+02
2.365013108468419318e+02
2.549761794141795974e+02
2.545797417218003034e+02
2.481540081230306782e+02
2.569947966380283333e+02
2.656129894376311995e+02
2.695127657611889731e+02
2.787822677240959592e+02
2.731719048013469546e+02
2.586541468642038808e+02
2.770658115722254706e+02
2.889041127102499900e+02
3.113253290194361398e+02
3.189287963007227518e+02
3.336840800980154427e+02
3.369083470951401864e+02
3.520997799099446297e+02
3.798271455319796246e+02
3.949333594607138025e+02
4.108277109619786529e+02
4.117184157964161386e+02
4.555592651373841022e+02
4.730406475067125598e+02
4.501424085066403222e+02
4.592234002944499593e+02
4.771413421652416105e+02
4.993272752692008112e+02
4.581886273365813054e+02
4.509483089554140633e+02
4.714398709630210647e+02
4.602622247680458827e+02
4.469995345419417276e+02
4.260421087520101082e+02
4.553088496950841204e+02
4.262622768925169225e+02
3.849939648611480720e+02
4.227821801035395310e+02
4.088684309734114777e+02
4.035779594595474578e+02
3.968912092070157200e+02
4.224287064611539790e+02
3.881526982713493794e+02
3.860143125854485788e+02
3.677266175884760173e+02
3.917036384796981565e+02
4.168396531392300517e+02
4.745570172289650941e+02
5.157387269715762841e+02
5.028349804313035634e+02
5.285341262511802825e+02
5.751794043375535921e+02
6.085411692994013038e+02
6.173065265093093785e+02
5.363497972776585812e+02
5.442068702041758570e+02
4.897705393343900937e+02
4.908166554817639167e+02
4.989413252757296959e+02
5.094657703953055830e+02
4.973910861610764300e+02
4.884088337037063070e+02
4.507487836005944928e+02
4.621755929257601565e+02
4.330728457142387811e+02
4.247808655698361235e+02
4.071838185621613206e+02
4.026019602150551009e+02
3.992690332602165881e+02
3.820353135115209966e+02
3.600392795978376625e+02
3.482537526180948930e+02
3.578720632783701490e+02
3.304868046906948962e+02
3.178408903922290278e+02
3.264396968012080151e+02
2.892184949826494176e+02
3.095771890340208756e+02
3.204756636404079586e+02
3.324085569299889471e+02
2.825799338123670736e+02
2.833839356174026420e+02
2.789817824774752353e+02
2.757759741734988665e+02
2.974303098978220987e+02
2.796935319783921159e+02
2.736712573443930978e+02
3.065408093397144853e+02
2.684847965481540655e+02
2.783572736676085810e+02
2.676527503810297048e+02
2.698076682641346338e+02
2.454423776390060823e+02
2.573756461170384000e+02
2.434852980854329587e+02
2.445592886306863534e+02
2.432764035018799973e+02
2.580222137061206809e+02
2.462578430248711072e+02
2.473027941109000380e+02
2.704653760115409113e+02
2.707759880391319598e+02
2.701201337471418924e+02
2.786303314155597946e+02
2.907490865986690096e+02
2.939098845171174048e+02
2.874086773096922798e+02
2.789676309277440964e+02
2.768889552644533296e+02
2.751991451978677219e+02
2.973705083846140838e+02
2.794472673940909431e+02
2.641251373241051965e+02
2.444780656395831215e+02
2.588383023208691611e+02
2.630761275957219709e+02
2.635440440410407064e+02
2.402393590869822333e+02
2.327661367099796053e+02
2.488351443323810486e+02
2.596369452382759277e+02
2.583429188716259546e+02
2.646181087279797453e+02
2.773913194682208427e+02
2.561440991141931249e+02
2.313875293119810124e+02
2.472374762908657999e+02
2.680013192014832271e+02
2.312431997061051163e+02
2.731526462123109127e+02
2.353733155480582298e+02
2.619641761110708558e+02
2.462639060748234670e+02
2.593984793309394377e+02
2.500044805212233712e+02
2.588687705248977977e+02
2.352264888630090525e+02
2.501080445633432987e+02
2.605122929680613879e+02
2.673683744915428520e+02
2.678639257263596392e+02
2.817279005670129095e+02
2.690732870239115755e+02
2.610724296162613882e+02
2.556547006235387016e+02
2.645235830069948975e+02
2.581070546105072481e+02
2.603858769261761950e+02
2.758714574654509306e+02
2.740722675845142362e+02
2.633603715756105998e+02
2.616199236330571125e+02
2.714597605936655214e+02
2.813540507219578330e+02
2.682969106597435598e+02
2.842053664603586753e+02
2.765220235984651822e+02
2.811383272478212803e+02
2.894176408923810300e+02
2.921960676900824296e+02
2.939429051957816910e+02
3.172501294879510283e+02
2.672247515701017164e+02
2.716170828593444639e+02
2.781185582723501284e+02
2.829788541692957438e+02
2.772222024664447417e+02
2.795478982997812523e+02
2.625562801833787034e+02
2.695473391524169529e+02
2.354702378425062363e+02
2.385639078499661991e+02
2.315832390751455137e+02
2.469509228587106975e+02
2.618513753051145727e+02
2.638575697699610600e+02
2.847215821837306180e+02
2.906430054975825783e+02
2.822521112837138730e+02
2.992645174514299811e+02
2.961860840679976832e+02
2.870007617805164841e+02
2.966076679039012447e+02
2.985846124337726906e+02
3.319366956851276314e+02
3.287791708663007171e+02
3.299768004870110758e+02
3.309740653573086888e+02
3.566411640254761437e+02
3.419438703029664453e+02
3.435366988358816229e+02
3.444167962733697550e+02
3.611635550688523608e+02
3.774275170883742021e+02
3.906300454493531902e+02
3.694097806403356685e+02
4.118221666203352243e+02
4.000624291496673663e+02
3.911335030609193382e+02
4.009419474837180246e+02
4.421650715661988329e+02
4.302113249189690123e+02
4.043083419362180280e+02
3.980290867650771816e+02
3.717352085372646684e+02
3.797822047841371500e+02
3.873566132457603430e+02
4.163997912034212732e+02
4.379888367468204819e+02
4.680333932382379771e+02
4.189555260504296257e+02
4.653550119171733286e+02
4.442363825309080880e+02
4.460850693319520133e+02
4.784677965868671663e+02
4.714195550712372551e+02
4.362917994950300908e+02
4.248585881753134004e+02
4.915826504993958110e+02
5.109313637973421010e+02
4.763058235310541022e+02
4.570498766220417792e+02
4.562507500093262820e+02
4.344277422016305650e+02
4.993012850728600256e+02
4.799757399204911508e+02
4.478282290342171450e+02
4.636174216662201957e+02
4.543993885174091929e+02
4.910196507252972538e+02
4.758245734018335042e+02
4.880886463081243392e+02
4.897799831297997457e+02
5.058286784256741271e+02
5.219272839891032163e+02
4.983058019165841301e+02
4.775437397060811691e+02
4.527427487154713504e+02
4.290542111734177411e+02
4.189529530751850075e+02
4.010826795235010991e+02
3.922543186673430569e+02
3.762136553532612879e+02
3.673752128996293891e+02
3.663424095846501132e+02
3.552155673618727860e+02
3.311230145220444570e+02
3.323179072416697863e+02
3.156721788154903265e+02
3.042603244639780655e+02
3.225477049717389946e+02
3.182936805943857053e+02
2.730709648914668151e+02
2.758214891719098887e+02
2.954425783133269192e+02
2.932219324970213279e+02
2.832600525553968964e+02
2.872482191833631191e+02
2.657719783039707409e+02
2.712211739786680482e+02
3.011107451137646080e+02
2.998183395896076036e+02
3.211750576997552571e+02
3.329397826772988083e+02
2.853555987293706835e+02
3.006546887514841160e+02
2.832060805455960804e+02
2.807922239757520515e+02
2.569061791337520617e+02
2.658635433805196158e+02
2.463769934511284987e+02
2.654431679784676135e+02
2.747700878603389469e+02
2.760953192246162757e+02
2.650414005381788911e+02
2.680582433673699825e+02
2.832002734974292935e+02
2.900455520756600549e+02
3.081185184905303345e+02
2.971581591945756031e+02
3.301473430540589220e+02
3.203765497168782872e+02
3.217296344320257049e+02
3.160228930259286244e+02
3.377826507322911311e+02
3.182678572263946535e+02
3.274334137141667611e+02
3.088162795368342586e+02
3.400823998383471576e+02
3.136190293650408307e+02
3.016148875594101924e+02
3.247181219731343162e+02
3.121342801921113619e+02
3.175640911455150217e+02
2.778930935754777920e+02
2.749005822224883104e+02
2.681563266855916368e+02
2.774920737451583364e+02
2.811084576782141085e+02
2.753216052864111703e+02
2.706511854005136684e+02
2.661986492081470033e+02
2.544620254775810793e+02
2.609020398707802428e+02
2.679086893232056354e+02
2.647703301380391849e+02
2.615479868919596811e+02
2.733164314543050182e+02
2.504690892550536319e+02
2.415202083662816221e+02
2.334795104385258071e+02
2.391030484440549060e+02
2.509691238435286209e+02
2.481927658095823688e+02
2.305692263726946294e+02
2.259188635580130438e+02
2.455705816391030964e+02
2.489842921036821792e+02
2.437246730343760532e+02
2.312419107359469592e+02
2.183190440198848137e+02
2.083664168921162627e+02
2.136184692601168251e+02
2.157456434813979058e+02
2.352329944563908271e+02
2.297928864622255389e+02
2.317653139075763988e+02
2.219896853821947786e+02
2.453736036072721163e+02
2.374677313125908995e+02
2.326225191486268784e+02
2.403196498955938694e+02
2.638468419919345820e+02
2.729762649144599891e+02
3.097034267308677045e+02
3.200943643641110725e+02
3.064076915716072449e+02
3.230027704437431453e+02
3.484384149165315421e+02
3.306870387298903324e+02
3.046572001509534857e+02
2.952515911211776256e+02
2.820468273025168742e+02
2.790537473448544006e+02
2.680445387730058542e+02
2.840076756548440358e+02
2.563229384520370786e+02
2.658078316907598264e+02
2.568698752871051738e+02
2.443969407373978129e+02
2.384407824815433514e+02
2.424535904027067374e+02
2.349617956211561705e+02
2.378800596826780236e+02
2.591585656400409334e+02
2.586215807787013432e+02
2.322357441238238493e+02
2.446664472587562216e+02
2.647554052763422305e+02
2.584500706192744133e+02
2.725727057680990129e+02
2.673604606649299740e+02
2.588954722921547500e+02
2.576212653103075922e+02
2.478073421852475917e+02
2.301158113005992050e+02
2.266006314419475700e+02
2.236482177677135610e+02
2.277859617143004414e+02
2.199570707103420091e+02
2.413469483052215026e+02
2.381021896499823072e+02
