2.308660518078808011e+00
1.061130146182784273e+01
8.830830304402216058e+00
2.637094814215797101e+01
1.759339102922498910e+01
2.058374622278247301e+01
3.734100508169922961e+01
2.825241382557511827e+01
3.220458904347285767e+01
3.242403628893838885e+01
2.335021155554533934e+01
2.456033448720514301e+01
2.664592039170124593e+01
3.387707216960608747e+01
2.971621119084898055e+01
2.455713322961749512e+01
4.492625000251707235e+01
3.780613440038550976e+01
2.050320173893322107e+01
2.174404687227057309e+01
3.508383853041705436e+01
3.044075798868876959e+01
3.318844454015481205e+01
3.804889618295364784e+01
2.610602049522879398e+01
2.536671946462242389e+01
2.432622691514120916e+01
2.669729925150366512e+01
3.492389735116253746e+01
5.298584937442295484e+01
5.295634009850651580e+01
5.331316110044251388e+01
2.624534529211190659e+01
2.708474654132063719e+01
2.933660661757892285e+01
2.504553339093249420e+01
3.628549565173102565e+01
3.722329913996804862e+01
4.044371015421419457e+01
2.369194600750166657e+01
2.354348067892827601e+01
2.414661970935576818e+01
3.213092149938751874e+01
3.225135285445126954e+01
2.915927125407357678e+01
2.603800483163475832e+01
2.135336307570310410e+01
2.066562229649336402e+01
3.169598046822546777e+01
3.484343914556743016e+01
2.433835471212885437e+01
1.987362524144976916e+01
3.808359412699405055e+01
3.502964136418296448e+01
2.682311685945720114e+01
2.767822976145943414e+01
3.293404728822152805e+01
3.384719328015850692e+01
1.924228185115679679e+01
2.003058131680642973e+01
2.719701951082999258e+01
3.460687137494965526e+01
3.033900812575711470e+01
4.146854059796518754e+01
3.724037965104574965e+01
1.761156712696180549e+01
2.901412960790114326e+01
2.285146613843523156e+01
2.000850992332426515e+01
3.266163404077453691e+01
3.328180193951077825e+01
4.442849700589403028e+01
4.969420420861117549e+01
3.922449074843883920e+01
3.075902011264181724e+01
1.608337140341564364e+01
2.745775567589545219e+01
2.708808562771262274e+01
3.391522049886081192e+01
3.568879283858027662e+01
2.729705657590171342e+01
2.678189423674256275e+01
3.096159684456946337e+01
2.767507267965163464e+01
2.997074708109103369e+01
2.559085084414110511e+01
3.369227779599609107e+01
4.060354373299029618e+01
3.218793393087538135e+01
3.673690876376149106e+01
3.244258218831978979e+01
3.762384456097752405e+01
3.176991846084315085e+01
4.006341553010651069e+01
3.261182251296960999e+01
3.780403885669412034e+01
2.698685684532710738e+01
3.226287339859454306e+01
3.305852012613465263e+01
2.804533315116831105e+01
3.001670656738386356e+01
3.099317222781803949e+01
3.505292704318134867e+01
3.525721539191376763e+01
3.735682740854501560e+01
3.213991048901505820e+01
3.472543794778258075e+01
3.623379258797559999e+01
3.626312641304437534e+01
2.709127269861202691e+01
4.111363382056205040e+01
4.095450804793215127e+01
3.091431607170662588e+01
3.132709094595195509e+01
3.590546044501996903e+01
3.157595033353301162e+01
2.980324201820737784e+01
2.638511055436373098e+01
2.243035229269322528e+01
3.195776665320259013e+01
4.123642759882531550e+01
3.111909979086206235e+01
3.215716719367905085e+01
3.415538054402934165e+01
3.395323539861621498e+01
4.403017312343699530e+01
3.814690126114063418e+01
3.371803563954426153e+01
4.441754789841195361e+01
5.052600558075777570e+01
3.694104373381019002e+01
3.731005170945712734e+01
3.188134754849950525e+01
2.949889070860308138e+01
4.497866477759318116e+01
5.025738980914701415e+01
2.004899745804136302e+01
2.172847438274982679e+01
2.769969240454907933e+01
2.857505453207417290e+01
3.842901576510723771e+01
2.953049189494810278e+01
3.649813578333802866e+01
3.451477537742336921e+01
3.176541449539869078e+01
2.902818485000028659e+01
1.806477420418289981e+01
2.501710347460539197e+01
1.788069262106156287e+01
1.943619332067174099e+01
3.975393213090507061e+01
2.848070270963428285e+01
4.256411793820795708e+01
4.188986896740306776e+01
2.326056614839619741e+01
3.204669291559262945e+01
4.836116231807713461e+01
4.277302422452754627e+01
4.181253436796416878e+01
3.981821535353514463e+01
2.748009878882574952e+01
2.782246282754320177e+01
1.894852188109506486e+01
1.719806916429086030e+01
2.313791204740482854e+01
2.319152177389222658e+01
4.086989082659812311e+01
3.704743107504652500e+01
2.907012739596682138e+01
3.966198125799218133e+01
3.433712530284469011e+01
4.637656063948435303e+01
2.369318537245690948e+01
1.685409947199548597e+01
2.560206695566946422e+01
2.965285434391522656e+01
2.915743132247306946e+01
2.863085186194509291e+01
4.100879026473810995e+01
3.706184232460702077e+01
2.536964799293173911e+01
2.775121655339981785e+01
3.317175164585998459e+01
2.985068386275808550e+01
3.021969472058378159e+01
4.575971528897880347e+01
3.026238774394674280e+01
3.164520516099132408e+01
3.406069450651570918e+01
4.306443764103636340e+01
3.473044221090886197e+01
2.623638470673230927e+01
2.311723694126284556e+01
2.850850190662446337e+01
2.694432961874418453e+01
3.423541057939963395e+01
3.452143926084382741e+01
3.205393930513275791e+01
4.607198263753684842e+01
3.170797909476085152e+01
2.697953532220100925e+01
2.369297026503018344e+01
3.453422452978933421e+01
3.362400389745408091e+01
3.679804699278217583e+01
2.824525062335990455e+01
2.265178854098412486e+01
3.762535079738055543e+01
3.450707882583846953e+01
3.168712657220580908e+01
3.563628113944172782e+01
3.653104763927468923e+01
4.005144463349716943e+01
3.830064454206152647e+01
3.555681888311212191e+01
1.789882022732921030e+01
3.174027032878007404e+01
3.760487394995868726e+01
2.259020608874023495e+01
3.068389258104453887e+01
3.293340054541487660e+01
2.672116642937595543e+01
3.495529309215871194e+01
3.021679079353334885e+01
2.486472408447230364e+01
2.502191130383839379e+01
3.124523333070849418e+01
2.170782514733808810e+01
2.334632619290867339e+01
2.493213853382500744e+01
3.468876546459866006e+01
3.359566037633129554e+01
3.873572826144861381e+01
3.511539283817941737e+01
3.448223488381163548e+01
3.264529581601812680e+01
2.351129442842619000e+01
3.181922081722673212e+01
3.191364517565547487e+01
2.888766764771963835e+01
2.914026913793664875e+01
4.053456040226116386e+01
2.950575099706291482e+01
3.500405354272552927e+01
3.712107759935513940e+01
4.931468929265084000e+01
4.156908364159134095e+01
4.493326160355105969e+01
5.066507207578801086e+01
4.374421234493867416e+01
3.115296736431981728e+01
3.228307353241764588e+01
2.861826609550305989e+01
2.519941794151771219e+01
2.861310366077263012e+01
4.125646607855651382e+01
5.760328462642296188e+01
4.630402902497134221e+01
3.502912937474903288e+01
3.726060785189790181e+01
3.066555596179395593e+01
2.555656602838858049e+01
2.243969089978006437e+01
2.665290497141091564e+01
1.947936643209721908e+01
2.329742582159029141e+01
3.552490372636619753e+01
3.375368796390095838e+01
1.874682050566545755e+01
2.450666460216707421e+01
3.027206327959357068e+01
3.335009793678998591e+01
3.362628653529328915e+01
2.915539980833372979e+01
3.872874365364683769e+01
3.432170201488244743e+01
2.470993183295984608e+01
2.618727567780701193e+01
3.672309286319253374e+01
3.537807815580725901e+01
1.969878209603946573e+01
2.637955481198688190e+01
3.713801764740977518e+01
2.545011471183689622e+01
2.456238011607454297e+01
2.813550091178197476e+01
3.784818902432987642e+01
3.606064105369909356e+01
3.775425890646912563e+01
4.013187229347779805e+01
2.738495197000606396e+01
3.118369692237037683e+01
3.492022749541084892e+01
2.945941286354210575e+01
2.077267173348078799e+01
4.028049320128936728e+01
3.035743082609871735e+01
2.951064082601554972e+01
4.767725074660175011e+01
4.186984453510501680e+01
2.833419658131933616e+01
2.089231622751527340e+01
4.099488335985278553e+01
2.140125176903622162e+01
2.948641245068226624e+01
2.435247474679399105e+01
3.083179916316227676e+01
2.222786426318307562e+01
2.754640867907687962e+01
3.218344742331227337e+01
4.079586079415395261e+01
4.614644273388656615e+01
3.261951180479258028e+01
3.277475026076447051e+01
5.056715464486146772e+01
3.243476513131054162e+01
3.610955673309532443e+01
4.222031256133286092e+01
2.894884013655560651e+01
3.496618367971542085e+01
2.258461629004198201e+01
2.671575927669532291e+01
2.908153011193731174e+01
3.109560454589145451e+01
2.754768373404439075e+01
3.686746053488201369e+01
2.384982644447231692e+01
2.389228955454991521e+01
2.402902112316576932e+01
2.733237811207161982e+01
2.549811086894521495e+01
2.700444242536073958e+01
2.971634945140896278e+01
2.588337284507484526e+01
3.202603418652005018e+01
4.321395051021461597e+01
4.204761848159925108e+01
3.463582611619092688e+01
3.326157549024092930e+01
4.646832326844810979e+01
2.927336453534745075e+01
2.731107987984718122e+01
2.956512953448457992e+01
3.221366874919004175e+01
2.772899332823550722e+01
2.928732183485678320e+01
3.068309000931450825e+01
3.254485778512271565e+01
3.172484229322087756e+01
3.671614279430725958e+01
3.515438621517905915e+01
3.659040535523514848e+01
3.639087584679678855e+01
3.201855092484875343e+01
3.162992812870990278e+01
3.478685005608227243e+01
2.224098764616043411e+01
2.590483794837155784e+01
2.299849714511453769e+01
2.334904876505159521e+01
2.112156320493812345e+01
1.371890020297843726e+01
2.114699085749627727e+01
2.222814022452224592e+01
4.366613501235319461e+01
3.943998814578295509e+01
2.676139977561498640e+01
3.826199772120989451e+01
2.354337853368750899e+01
1.896848098501406454e+01
1.653235904802121681e+01
4.170608996326720330e+01
1.842988805492688087e+01
3.137674533546046618e+01
3.444049192715684882e+01
4.947565475148628877e+01
2.056267995578073737e+01
2.309808201384488768e+01
4.123258450717393941e+01
3.471213051550486028e+01
2.642858459780671154e+01
2.795610505815847802e+01
3.413851484942090053e+01
2.865328991834271477e+01
2.987520940013134307e+01
3.138749323083787246e+01
3.509963720871743220e+01
3.152777422411831409e+01
2.766729438769408489e+01
3.789767136835747152e+01
3.412038043892478356e+01
2.994153374277183488e+01
3.364205601590647632e+01
2.357823069604528499e+01
1.757001347815699788e+01
2.191888941908013066e+01
2.969052237890518953e+01
2.308010320514445013e+01
2.632133754491547251e+01
2.633595321473214668e+01
1.573520417487942780e+01
2.127486313130224360e+01
3.106605330614669569e+01
2.242730714427127481e+01
2.727439785603514721e+01
2.723732320883455316e+01
3.702324160807790321e+01
3.421568772059345775e+01
2.894633852102176874e+01
3.105461024029270689e+01
2.579372576023035890e+01
3.670031227533772267e+01
1.684621686044012989e+01
2.911543728890825733e+01
1.714500593153017149e+01
2.148273534237115001e+01
3.093604579680011568e+01
3.000867543278339511e+01
3.651225619615687634e+01
3.903746490622505405e+01
2.860299444350735598e+01
3.619529997442533187e+01
3.350449488902429351e+01
2.529390964023248145e+01
3.954816586112232812e+01
2.276822431817018000e+01
3.174198060938658372e+01
3.913876146549843327e+01
2.389841765152569053e+01
3.947185740071724780e+01
4.162123644805332390e+01
3.242594844499335238e+01
4.969618829403578530e+01
4.285995262969824893e+01
3.161767797770821176e+01
2.859626362224341634e+01
4.475935913945623668e+01
2.414186654076202387e+01
3.646026594052954550e+01
3.588230357197841158e+01
4.690482886787388850e+01
3.919838211071683531e+01
3.176988049242832091e+01
3.564047217227830089e+01
4.827290803558013010e+01
4.147457270016708009e+01
3.298139056873670683e+01
4.370223279356470414e+01
2.798260016581518528e+01
2.225314706921160379e+01
3.211546462256383450e+01
3.317952637268057003e+01
3.248397649688634203e+01
2.676778129510541149e+01
3.383878253715149498e+01
2.292613944794480929e+01
2.264037323244117417e+01
1.746864780907246484e+01
2.791817733125163770e+01
2.420830814849919577e+01
3.294742058449578792e+01
4.695112313172846541e+01
2.628174392369027501e+01
2.486343599764150980e+01
3.301500305407035540e+01
2.936937101999469846e+01
3.525579953399712707e+01
4.031837410409409017e+01
1.626901493703516621e+01
2.654528037244608285e+01
3.952851711900794385e+01
2.917219665580801191e+01
4.971322229860107456e+01
3.895120550359941092e+01
3.594479226120701298e+01
3.913558848324493766e+01
2.568055374262521440e+01
5.568917805474112726e+01
2.216244771730454133e+01
3.521918833418347106e+01
1.816133806856834099e+01
2.294760388190352884e+01
2.996100956846073515e+01
3.703119264398831234e+01
1.791905965871929851e+01
1.523706645282158156e+01
2.874957106940090057e+01
2.592874151418656226e+01
1.879576836568906018e+01
3.049128483706240544e+01
1.641179169586413877e+01
1.967550083181529885e+01
2.838827978685787912e+01
3.051027307484313411e+01
3.486746323770410072e+01
4.092055943154309716e+01
3.129440454209865052e+01
2.341258961791389837e+01
1.890246562320668033e+01
2.194252444421106318e+01
2.427235884153005330e+01
2.703503677409697303e+01
4.093218657848445474e+01
4.083820794460276460e+01
2.891972272613395845e+01
2.644150435714994885e+01
2.624564809923277409e+01
2.309583045446366256e+01
3.133142204840637390e+01
3.100787935187253197e+01
4.120772312479321187e+01
3.377820364279399712e+01
3.443276177579612352e+01
3.846894175391018678e+01
1.451762789710113211e+01
2.134492495850792437e+01
2.965663567670362610e+01
2.475923085209361929e+01
1.575099046598641728e+01
1.989291817209697655e+01
4.441968927742968276e+01
4.834375266756165956e+01
3.482631310400036284e+01
3.462287488541507230e+01
4.214959328242308345e+01
2.596166321926875753e+01
2.806665469908216792e+01
2.870230478303407651e+01
4.090469517437372104e+01
3.314451194344712803e+01
2.859607563189844726e+01
2.958356449157399837e+01
2.690043050892425214e+01
3.003551312737210210e+01
4.268752272340967124e+01
3.949141352640228320e+01
3.254025654074695240e+01
4.174601971198561046e+01
2.845291135256275439e+01
3.023162308419659894e+01
2.262222667648835994e+01
3.087847962518135958e+01
3.355927219114008864e+01
2.908365617033253159e+01
2.838361106588194360e+01
2.285550585020017778e+01
1.773455541431615501e+01
2.560115428003989280e+01
2.085330731170451202e+01
2.187452644088700282e+01
4.096758653766501368e+01
4.179383053098666778e+01
3.335833966302769937e+01
4.312447123683971739e+01
4.046704135208548081e+01
5.396865838882943223e+01
3.558584475325921659e+01
3.531403651501418750e+01
4.672488896082095522e+01
4.301281481442076426e+01
1.727152380740804816e+01
1.515757231447557096e+01
3.847420754905597562e+01
3.146668267880074765e+01
3.081442109874517143e+01
1.817842955541159000e+01
2.574566535638610887e+01
1.581651416648985098e+01
2.256578449724137059e+01
1.554936824446300037e+01
3.047255162201044243e+01
3.465360450853967222e+01
3.056518728184265399e+01
2.753740715191492683e+01
3.924417946614509844e+01
4.168246659294513279e+01
3.767321343158179303e+01
2.988613158257851055e+01
3.215107138596871295e+01
3.121552487454654923e+01
4.882469942138187236e+01
3.533962636642171873e+01
4.488813833655546404e+01
3.669791000804248426e+01
1.846376359808829193e+01
2.217162311773212480e+01
3.563966118944153294e+01
3.390962545406213025e+01
2.576472577596156555e+01
1.732582710888253885e+01
2.624706617850386792e+01
2.358732407498136396e+01
3.069454592794129510e+01
3.340526310983038627e+01
2.958579388708495728e+01
3.869138186517150046e+01
3.409647744367405409e+01
2.936924519947312717e+01
2.655341991206000074e+01
3.063120212030418088e+01
3.420772500947067130e+01
4.030923780751075469e+01
3.319537216383388056e+01
3.409990937617443052e+01
4.241494768059933307e+01
2.935776070867829191e+01
2.819233701644269274e+01
3.098833500272460029e+01
2.496490239884960971e+01
2.349590483424564979e+01
3.769208730657271644e+01
2.774535377085929255e+01
3.449962601645355420e+01
3.659910330461534755e+01
2.925416082771991455e+01
2.546365977072868958e+01
3.065925108572625390e+01
3.034304093722590778e+01
2.815239008484345717e+01
2.367025718173961124e+01
3.873993108426812881e+01
2.983477300177236913e+01
2.964401623210615355e+01
3.236452909707900716e+01
4.762461150595717640e+01
3.251367622697588189e+01
2.586750430968261938e+01
2.170405537619717862e+01
1.529903170869435947e+01
1.568148768374936353e+01
2.073071627564844377e+01
2.851746605737604057e+01
3.470692397087015024e+01
3.161241218771593608e+01
2.154145676798557218e+01
3.102464187728018530e+01
3.394517321959473577e+01
3.218111006741430913e+01
2.890901773481642323e+01
3.383758082134434630e+01
2.184002649870684465e+01
1.818474990736169516e+01
4.290385114786870702e+01
2.993799850907432614e+01
2.670295957680903598e+01
2.369223708458831013e+01
2.200034404529320398e+01
3.112436884230218226e+01
2.407793664660411181e+01
2.041002030350790619e+01
3.822045073002899329e+01
3.167242394638016023e+01
4.082285355525640114e+01
5.228311136850234675e+01
4.244275434804470137e+01
3.540349832716374578e+01
3.148584287028323914e+01
2.947380831899263143e+01
3.183157002968665594e+01
3.163223595774402597e+01
2.658177562252877024e+01
2.405634062869831880e+01
1.810993185510663750e+01
2.306229468996959397e+01
2.327060024847563113e+01
2.567098452268815478e+01
3.645663287340974534e+01
1.945276108207587029e+01
2.524494321064595681e+01
2.500290079269078802e+01
3.248783703191442385e+01
3.051486462661235421e+01
2.656309509425568294e+01
3.033046473282043465e+01
2.454021708230533605e+01
3.059751570617543592e+01
4.911754394805734592e+01
4.370829352206893503e+01
3.401204397733680196e+01
4.819089476453437015e+01
2.969198286258645680e+01
3.314146549322254032e+01
3.393820833317772667e+01
2.903082742130637328e+01
3.323654220877578069e+01
3.451131944402261809e+01
4.077881498414586048e+01
4.026761300379963870e+01
2.629596783062647347e+01
3.674430098302008929e+01
2.481080201914934591e+01
2.492694571810883986e+01
3.033595303076057448e+01
2.919323394235811264e+01
1.607567763374295211e+01
2.461094607158852554e+01
1.983663074406183213e+01
3.238317332834358808e+01
2.594812307935606199e+01
2.687036461336020210e+01
2.614338712312608592e+01
2.034932852143081661e+01
3.977874807810439961e+01
3.492559641298985440e+01
3.271316054198041456e+01
3.230261867273088683e+01
3.525427852306287946e+01
2.056385986530635179e+01
2.615098580609150858e+01
2.479814616806100602e+01
2.291621148478793657e+01
3.656775673621245204e+01
2.537372731794581782e+01
2.773898580449970552e+01
3.192562891734648289e+01
3.520384018658744196e+01
3.803990610844908815e+01
3.506890893106147900e+01
2.626047247678317476e+01
3.116754955271086303e+01
3.147275018357752430e+01
2.455085216517179347e+01
2.708177611875228052e+01
2.023482775178908000e+01
3.179082585606533584e+01
4.943942476760803828e+01
4.067836915450728696e+01
4.112793290955541892e+01
2.351087276174523311e+01
3.122350007899574464e+01
4.106324507705248550e+01
3.811004068366737130e+01
3.357714292616685725e+01
3.714266501977252233e+01
3.210858000677156099e+01
3.674658493098558409e+01
3.194612648250883069e+01
3.631286991392463648e+01
3.621193693939089542e+01
3.898353778542747250e+01
3.453445245540574149e+01
3.918787441375204850e+01
4.311889734093370663e+01
3.954094286955638893e+01
3.894049423019976075e+01
4.982675565004159779e+01
3.394498799202342099e+01
3.679413357050138700e+01
2.791446520048549829e+01
2.662418790683530645e+01
2.444653217368088605e+01
3.180766574767856980e+01
2.846147801599613913e+01
2.944477885768350234e+01
3.185877866422633886e+01
3.285824943154386801e+01
2.814184747006376597e+01
2.642194287057433399e+01
2.694258201391502539e+01
3.557227939961626362e+01
4.751752420930176157e+01
4.054060430044106056e+01
5.034526576973826906e+01
4.810604530046886396e+01
2.725765555001440532e+01
2.489390540138237995e+01
3.245718196406123468e+01
3.385057136570965497e+01
3.164102556126989541e+01
3.312234059313821888e+01
3.028988010729466396e+01
4.147727259253976229e+01
4.351951913539048888e+01
4.620357016566077135e+01
5.453222854123929153e+01
5.203790263372559366e+01
3.060547307713848397e+01
3.046845441165822521e+01
3.082674587272068933e+01
3.570936003436031569e+01
2.715999072643679924e+01
2.565859927619516867e+01
2.768206549612592227e+01
3.365274976232711168e+01
3.032761364260355919e+01
3.266925644784674176e+01
3.486791198625053312e+01
3.615569123651677330e+01
3.131400622590240701e+01
3.899506597552891662e+01
3.180498226011131635e+01
2.988043261015326379e+01
3.758620389080270030e+01
2.639121991351594687e+01
3.656069687192536577e+01
3.159592565682009990e+01
3.983896861046697779e+01
3.535754812257780344e+01
3.586929178911941563e+01
2.924305130416299292e+01
3.161259671850310227e+01
4.164183708141821683e+01
2.686688329887669369e+01
3.514566627066991344e+01
2.701322455076854823e+01
3.788454153581984940e+01
4.295727974584232101e+01
6.292128899021072641e+01
4.453661902002885142e+01
3.393004216921508487e+01
2.873974144088707661e+01
3.630275322691630180e+01
3.558633763917448078e+01
3.669774409404949012e+01
3.377777339374160448e+01
3.557089054810034412e+01
5.541154394501362646e+01
4.857922081280474202e+01
3.871515190005656848e+01
3.006031312588125104e+01
4.583147683439531761e+01
5.542532180677211073e+01
5.675136009969249784e+01
5.963114442560087980e+01
5.192668128811024530e+01
4.426193407791092227e+01
4.983004242117746685e+01
4.985274205674295445e+01
4.631645423661100835e+01
3.905072151048454998e+01
4.748798777087465339e+01
4.130142028494072548e+01
5.483177434666714589e+01
6.143925734959378104e+01
5.506523163654329522e+01
4.042371439648608344e+01
4.847564329985240050e+01
4.214736344230563958e+01
3.446445487512846739e+01
3.646089140639158188e+01
4.506810563461615260e+01
4.365797912094406286e+01
5.257238988944391878e+01
4.508338399707456290e+01
4.582339195755547934e+01
4.823460504746057609e+01
3.831784810535064878e+01
3.955960313974542686e+01
3.771962981966852624e+01
4.019553787143280488e+01
2.957446604981743121e+01
4.180397851440698531e+01
2.740425626588066876e+01
3.396712061667655291e+01
2.979351932520066981e+01
3.874161716402421973e+01
4.572456437784529015e+01
4.384740428355351582e+01
3.894497962094761334e+01
4.320997681540245594e+01
3.168057064064702644e+01
4.469820424625590505e+01
4.370760536098305238e+01
2.815318454357626621e+01
3.341798874941233066e+01
4.878518275992891517e+01
4.007846574470865164e+01
4.186453288507505732e+01
4.345803502535277119e+01
4.146907040569404046e+01
3.487963355805261756e+01
4.240109450433649130e+01
4.240421296685080677e+01
3.697376110113330583e+01
3.398654038583110548e+01
4.080234386967029536e+01
3.474725140915002441e+01
2.384044251613847720e+01
3.476510850716231005e+01
3.629499987842321218e+01
3.084262531378548999e+01
2.886649657417299153e+01
3.815425127465977795e+01
3.019423712743196120e+01
2.931695160344668949e+01
4.063053530635259136e+01
3.445008478338181845e+01
4.621154427543130794e+01
3.718018890044658775e+01
3.267971216109730648e+01
3.005724073937378904e+01
3.754231897388004313e+01
3.425632212109282193e+01
3.586527632188262515e+01
3.403463212278535366e+01
2.900437574082644332e+01
2.317885613641465170e+01
1.812385191464033696e+01
2.714425783426480976e+01
2.719509297872146192e+01
4.230977421994376186e+01
4.132183398058805324e+01
4.758858772924444480e+01
4.752260672281911980e+01
3.658282991975310239e+01
4.428878611248028108e+01
3.955151879607133480e+01
3.461929218805570230e+01
3.954645717830742058e+01
4.206435102377982105e+01
4.287280088505166020e+01
4.699038335411913181e+01
5.249002128112520893e+01
6.285244108493194659e+01
3.821394388908681350e+01
3.832240725076147925e+01
3.385908083386427592e+01
3.312153459871734640e+01
3.616764811959537695e+01
3.950065015079053410e+01
3.406578415133724036e+01
3.909261201260364516e+01
2.691062715929441040e+01
3.077950428685105777e+01
2.782725170737847264e+01
3.382428271740581494e+01
2.756774092816833743e+01
2.392948181220942416e+01
2.128155679931504807e+01
2.081714075993746249e+01
3.634188474166352734e+01
3.197226615852271792e+01
3.855599044842431056e+01
3.647283305446824642e+01
2.719950521032055235e+01
2.647429371412007271e+01
3.470452968317215436e+01
3.728084245471958980e+01
2.946962907587429115e+01
3.513623787571717116e+01
3.967460992388153329e+01
2.837392143826153657e+01
3.080661408737455886e+01
3.193253097746757518e+01
3.410292484937075841e+01
2.893719810529294278e+01
3.148308002163018315e+01
3.466025235942434080e+01
2.768912791768548587e+01
2.801147902425573122e+01
3.446617186909023900e+01
3.933567406794516330e+01
2.443043802998502656e+01
4.272097024446377134e+01
2.240701467744827369e+01
1.573882569060749148e+01
3.038391908753296278e+01
2.693174037276222421e+01
3.596682486269445889e+01
3.985331715702881894e+01
