1.119500612930211680e+01
5.380870966068648897e+00
1.767505843035979751e+01
1.893378711936860981e+01
3.600503719453134011e+01
3.330420983224633602e+01
3.248843264568645139e+01
3.599142506394090901e+01
3.249166556008491824e+01
3.079782929599375763e+01
4.552680120759907823e+01
4.079540672228388587e+01
2.878627342509683373e+01
2.258340661264635330e+01
4.283756099446147658e+01
3.398669357524623535e+01
2.050560442384354332e+01
2.993174566981555884e+01
2.414602428042114468e+01
2.749428657702381784e+01
1.967592689634017944e+01
2.419633658976245272e+01
2.635703636853525467e+01
1.940556866697821903e+01
2.308883674169685918e+01
2.556638177091290842e+01
2.939035971934465152e+01
2.664851050392307741e+01
2.637882830673501999e+01
3.135186322879226850e+01
2.744128501129734943e+01
2.614948130786449099e+01
2.777452132642789095e+01
2.749379181588214749e+01
3.076342113169103243e+01
2.007626799198006040e+01
1.969907727777524542e+01
2.848440930528485993e+01
1.499405273743311184e+01
1.634209483751199699e+01
2.507364973998492630e+01
2.919186452481796934e+01
2.283395181584715772e+01
3.083706884027785122e+01
3.187578324562276322e+01
2.198971426660080297e+01
2.272682621667494374e+01
2.137356159358465391e+01
2.611754079696423858e+01
2.606498052360285911e+01
2.344154020489709822e+01
2.536348975561420005e+01
2.919504460622935937e+01
2.012415639885864138e+01
3.954971033777849243e+01
2.852509105713834003e+01
2.409401686062354742e+01
2.706494951031978502e+01
2.911684281584265221e+01
2.540481245545335653e+01
2.268551601344028867e+01
2.402662508566595534e+01
2.803219037598513452e+01
2.799599555611106894e+01
3.501720192078373373e+01
3.429020024111355980e+01
2.549359420905806672e+01
2.917134501315297612e+01
2.601265769776565051e+01
2.641131955906568507e+01
2.942208840462078001e+01
2.752934112597041150e+01
2.247344737565863326e+01
2.405601284528666639e+01
2.328044713397548193e+01
2.010853749426985360e+01
2.533395187846818786e+01
2.705008883309923107e+01
2.614121018829918341e+01
2.603164901764758099e+01
2.582792346734384026e+01
2.421639247997225297e+01
2.611545689469481246e+01
2.390793822902657695e+01
2.006386601123160673e+01
2.676474182006745295e+01
2.264388567441496036e+01
1.502134407576312292e+01
2.747147150456459741e+01
2.021988081780750335e+01
4.108749165119839120e+01
2.964111800578526967e+01
2.789262902337949868e+01
3.049813155986239366e+01
3.533654726558027193e+01
3.506926366074175405e+01
2.488694547460327655e+01
2.378776379523062801e+01
1.552508828360594073e+01
2.610293404605413414e+01
3.354035516073617629e+01
2.669036225140100171e+01
3.057671598583239003e+01
2.454925322565311774e+01
2.277798570054913085e+01
2.798245156603958250e+01
3.018159075348333431e+01
2.424866967155504938e+01
2.222854271020350225e+01
2.234030946027283093e+01
2.094127164848659817e+01
2.318546062069441760e+01
1.784537772642185516e+01
2.570842421519022380e+01
2.262336818596543964e+01
2.361684370591287774e+01
2.334949316066466807e+01
2.001800475592693118e+01
3.564706596284378293e+01
3.760773859076784476e+01
2.806415531736617552e+01
3.799659608174907532e+01
3.041602554325114482e+01
2.951685839210034246e+01
2.303299765693037315e+01
3.270406932990132276e+01
4.443061861564456905e+01
4.096062053328179076e+01
2.896010644380144683e+01
2.641807756215898095e+01
4.591522996674038382e+01
3.209120172852076536e+01
4.126356619270019621e+01
2.525101552768244773e+01
2.501090445287191599e+01
2.607202296508121719e+01
2.804629073924056470e+01
3.539218395083788948e+01
3.476609673227368091e+01
3.169848884263605981e+01
3.652864712603428643e+01
3.270507308711160732e+01
4.338488524194859508e+01
4.603800976937369427e+01
3.618184055118241815e+01
2.916041593059956583e+01
3.392445123491800274e+01
2.745483827519920439e+01
3.275460695540498790e+01
3.369405001845306913e+01
3.283724245534094166e+01
3.253124271538256806e+01
3.348998432989827734e+01
3.646527155059726510e+01
2.352543585961813122e+01
2.873370417355964079e+01
4.400676536214411527e+01
3.533505700717797282e+01
2.808058887805835724e+01
2.533599533260473891e+01
1.525332593503958556e+01
2.526626904300958643e+01
2.675479080220940986e+01
3.378441776903166271e+01
3.316397557367882598e+01
4.058418445850102074e+01
2.038289170360469882e+01
4.842506988373754950e+01
3.877251871250918924e+01
3.060936035663610255e+01
3.145403972635168799e+01
3.277541978517121635e+01
3.508507978791568149e+01
2.869784939055096729e+01
2.796160177229321064e+01
3.804065165022768724e+01
3.974218475144824936e+01
3.563694788050010942e+01
5.100393239998371797e+01
4.226628795064686983e+01
3.699642189035368034e+01
4.016699137783934503e+01
4.278098998297133448e+01
4.048626070206774585e+01
4.243992745455521742e+01
4.065551996720903816e+01
5.139899945354336097e+01
5.326583715910155803e+01
2.837353757169206503e+01
3.046369639665946139e+01
3.607714265021856193e+01
3.921147594094654920e+01
3.027276601164428271e+01
2.843917253174690529e+01
3.261526720822194392e+01
4.677167235246105292e+01
3.509150587633509843e+01
3.656250248812644088e+01
4.280147654367657140e+01
5.070554990691255881e+01
5.478436742946446714e+01
5.130163904922980578e+01
5.003044843928701368e+01
4.226342328312963303e+01
4.179821650141301603e+01
3.709379816404521790e+01
3.835998212080908587e+01
3.997913173363440364e+01
4.640847178156602837e+01
4.534249470026141182e+01
4.100532678512498563e+01
4.000612301149710248e+01
5.206220013078329600e+01
4.449898513596306771e+01
7.137502026056806415e+01
5.335455579853874042e+01
4.635768015872049830e+01
5.794094617058276242e+01
5.432157425226953507e+01
4.754254861566298018e+01
5.406336495499270001e+01
4.742085578258450340e+01
3.667871735274450629e+01
3.865812609287415569e+01
4.426026748854491188e+01
4.385616533279958418e+01
5.333270710897527778e+01
5.620809459339110958e+01
3.847946865739680078e+01
3.498728765436010946e+01
4.855194148581005464e+01
4.261287730429692289e+01
3.647721016785614978e+01
3.368607908019508557e+01
4.631220432274869125e+01
3.232288805406122378e+01
3.522095607940353545e+01
3.549623432905252685e+01
3.914924501663178091e+01
4.354322045997374602e+01
4.241013139553524525e+01
4.169594360520689236e+01
3.367070249527328940e+01
4.250579850007273564e+01
4.357500843431930093e+01
4.629191805656597580e+01
4.573285223277733280e+01
4.603389182821796055e+01
4.104912022554016460e+01
5.844370787294123915e+01
4.629952359339377210e+01
5.273288692271769662e+01
4.158040178149493471e+01
5.043992601933532427e+01
4.574290080910525802e+01
3.897326234267983835e+01
5.798403545347599675e+01
5.967068367974582799e+01
5.844468175508436047e+01
5.327679883760126955e+01
6.186220883392291370e+01
5.333645822684601256e+01
4.674369995898158692e+01
5.766890164634179428e+01
5.335096545951621749e+01
5.623590525530036643e+01
6.699651232729058847e+01
5.616027591778893679e+01
6.000285675539125663e+01
6.631186291567469482e+01
5.752411602987776718e+01
5.982662420839404405e+01
6.349766892379043526e+01
6.257506507487212843e+01
5.665178067245867055e+01
5.063535749358923255e+01
4.312776294171503366e+01
4.533229019697203910e+01
4.644681025793422435e+01
5.042350145506473069e+01
5.869205425591167824e+01
6.062186602262053725e+01
5.706739484305396104e+01
5.706220400050970909e+01
4.669650715868951352e+01
3.409376994346055056e+01
4.248838142961330533e+01
3.459535592369974211e+01
4.519714339483456200e+01
5.766655672506962560e+01
2.666707306124877519e+01
2.788449693037737731e+01
4.513451397340008953e+01
4.975356832599743484e+01
4.632745639437886354e+01
5.758852373402170599e+01
4.952465892697477301e+01
5.142537758742707865e+01
4.383434761241947797e+01
4.493744060140574703e+01
4.751895234253061773e+01
4.813128007135204456e+01
4.541869728436693521e+01
4.949768767154279914e+01
5.366688850570236013e+01
6.026796383304115778e+01
5.601627734757894927e+01
6.067764909544750651e+01
7.114491434160883898e+01
7.439818994631696114e+01
7.803792720981196851e+01
8.056630204111587545e+01
8.011865291304428638e+01
8.438580961786784940e+01
7.300623914807631820e+01
7.886939428467212565e+01
7.501699235200973703e+01
8.904672291697977471e+01
6.867752276699982872e+01
7.257864524678977602e+01
7.275563427237658232e+01
6.521967591557215371e+01
5.702668741669175745e+01
5.580419653809526181e+01
4.574720947950888217e+01
4.743461481160547066e+01
4.249224361343273415e+01
3.543818093461486285e+01
4.349845207763262778e+01
5.369566010019521229e+01
4.428645104548039058e+01
5.034207094943948846e+01
4.792974941311994996e+01
5.471402220632248259e+01
4.536886396471786043e+01
3.332370166397940636e+01
3.932419213485002274e+01
4.730728047438359596e+01
3.842774977777789758e+01
3.970997506441159430e+01
2.975567583895190893e+01
3.762432355566581776e+01
4.048656178138911343e+01
3.628711909187160245e+01
4.212185305629938625e+01
5.421223474640090956e+01
4.786293645185202195e+01
4.332464461907153463e+01
5.508508416729645063e+01
3.306156187815979308e+01
2.839101532722049015e+01
3.559550510801994960e+01
3.768902560879905650e+01
3.681104238643188609e+01
3.879486939486879749e+01
3.867679442555756708e+01
3.875776693490021074e+01
4.540486782453051973e+01
4.009042750027328594e+01
3.826612471708178731e+01
3.903873454323239400e+01
3.051919652196428601e+01
4.492529457314616081e+01
3.716938669855965571e+01
2.198353334207074283e+01
2.491619095871535094e+01
4.583395075979609601e+01
3.475136076992374257e+01
4.518646411634296101e+01
4.021304432043411481e+01
3.340391278982220058e+01
4.697807203542270571e+01
3.037968058650068315e+01
2.836463577980003947e+01
3.558054785177223067e+01
4.076733058256913012e+01
3.202505717265610485e+01
3.246210274880014168e+01
3.669860278852985402e+01
3.139778690101735847e+01
4.036136423095069858e+01
3.497813733789122637e+01
3.193796899609494133e+01
3.356692559465482617e+01
4.295120164008910280e+01
2.440376846917026654e+01
2.557777673009290353e+01
3.720119099649270566e+01
2.193949380375129010e+01
2.706691591034038069e+01
2.660086273653905664e+01
2.662057023794358912e+01
4.114649522999381759e+01
4.609221116897836623e+01
3.435835264071442197e+01
3.027226213274476052e+01
4.385235646831008438e+01
3.306133195500314770e+01
4.490427629620636907e+01
4.261499145007761058e+01
3.865292437122676006e+01
3.703036357011018254e+01
3.522684590210644728e+01
3.702116769626790926e+01
5.397045530489073428e+01
5.153381091582794227e+01
4.312494528393585824e+01
3.877748298493375501e+01
5.092520289894861207e+01
5.357604275059146204e+01
3.804266788859681725e+01
3.837768151269995798e+01
3.208903272445957100e+01
3.922053115811297630e+01
3.886907918521526994e+01
3.787367372543905475e+01
3.486817495651332877e+01
2.914750236617991419e+01
4.126101949537089553e+01
3.435175839273756537e+01
4.504904364907208247e+01
4.328665511877398586e+01
4.847941453201247697e+01
4.092602644491099539e+01
2.958678831804900611e+01
2.843005611232441154e+01
2.296740298923883117e+01
2.978060404072930112e+01
2.732117308387701726e+01
2.668009719271133662e+01
3.643631870163048347e+01
3.146020726464229256e+01
3.371039526587922097e+01
4.028215351425711077e+01
2.140893968414200188e+01
1.287003527635237887e+01
2.130177106321972147e+01
1.473326018492808842e+01
2.144889862411327641e+01
2.292951857081620659e+01
2.535302662855854194e+01
2.410349253094854660e+01
2.231143042953585365e+01
2.607695122481054995e+01
2.567203817954226608e+01
2.543129155015140697e+01
3.220933196939005683e+01
2.950297506885635812e+01
3.311530500947891653e+01
2.737532455631838246e+01
4.663587089262660612e+01
3.781141955503924379e+01
3.934257527210534988e+01
3.738741313290898916e+01
4.046943911002161798e+01
2.893687512836785558e+01
4.014378902630924983e+01
2.818604893259855615e+01
3.270415472300377502e+01
3.744404250394750733e+01
1.507843847884568866e+01
2.684722420065974902e+01
2.622569515792113393e+01
3.393615400921432723e+01
2.141909315460172891e+01
3.151723313085773981e+01
3.949694386333654705e+01
3.031802406537796557e+01
3.115196285056655157e+01
4.298576402835745824e+01
2.934801194369427080e+01
3.410158178484896041e+01
3.912225180491564203e+01
2.888102814484953029e+01
2.259343823710430854e+01
3.001905216830961720e+01
2.601930250366060804e+01
4.459381758585978162e+01
4.758807148263372255e+01
3.283749427801302545e+01
5.460377826509816401e+01
4.569041134870851550e+01
5.332875099786640050e+01
4.839123625747507873e+01
4.516364051776449884e+01
3.763624436887462821e+01
3.327680088212915877e+01
2.270813842996887288e+01
3.076191553231304709e+01
3.041881749972573701e+01
3.873696869402045451e+01
3.163631179062254262e+01
1.741511649182150734e+01
3.057788675566239078e+01
2.365792304670334545e+01
1.337171645323486047e+01
2.680504392070832864e+01
2.191448959271822972e+01
2.726127056793903947e+01
1.748969831042965950e+01
3.112540489527173904e+01
3.588916873044788503e+01
3.713746878039324884e+01
3.424335305983527178e+01
2.274153746851219182e+01
2.176035350100113064e+01
3.071931695442138022e+01
2.846623563986033290e+01
4.366406704403379280e+01
4.144615878396923847e+01
2.990590197056715027e+01
4.717914014390371591e+01
3.495859209319656458e+01
3.640424834740444737e+01
3.200288697038752872e+01
3.239624589003877020e+01
2.159888798790120035e+01
1.901332138544618644e+01
4.111076551657319555e+01
3.845236338311405433e+01
2.999447930716151944e+01
3.165366801229600568e+01
2.720643896162382447e+01
2.811150394483909665e+01
3.090890186996870881e+01
3.154017361241710304e+01
3.779154610979780671e+01
3.139315663321012906e+01
3.296027900456017079e+01
3.421327497915558524e+01
3.078118253821554973e+01
3.507562017752449890e+01
2.777351683125882786e+01
1.801720235516845392e+01
2.646521927025897369e+01
3.200970609437563752e+01
3.361660641202814759e+01
3.948931035051565885e+01
2.880321730588524787e+01
3.201596491831404023e+01
3.115016497197139600e+01
2.373431029091756628e+01
4.140211471608765947e+01
3.296009613330641486e+01
2.911348812793181651e+01
2.663045014885741324e+01
2.627713402015056232e+01
3.081734156006165293e+01
3.262014329284579617e+01
3.156694159158596591e+01
2.701178627675473010e+01
3.464598585149970233e+01
3.445255362782990005e+01
2.925391121505493075e+01
2.478829836067324521e+01
2.764118140343526875e+01
2.827834656923651480e+01
2.576702719821987131e+01
3.143617076441494262e+01
2.662989979666597407e+01
4.137952701041582060e+01
4.720397266000705372e+01
3.417999770315583419e+01
2.850480715113119956e+01
2.043512937678604402e+01
2.148477284154626687e+01
3.973453102118848790e+01
3.582432358238119008e+01
3.507015496353656658e+01
4.268579548084649389e+01
2.322362371529339597e+01
2.739465673471348595e+01
2.471080722358452419e+01
2.883423674420201266e+01
3.581399393269192188e+01
3.208973655051212859e+01
2.846450612304695227e+01
3.110397347507697319e+01
2.098852569770944854e+01
1.792937012930568841e+01
3.624895170348060702e+01
4.111804628569689157e+01
2.231815041291601887e+01
3.408442075222488654e+01
3.755353159307439626e+01
3.955613539398089529e+01
2.860353467444027231e+01
2.858774585844589566e+01
4.892234395253912282e+01
5.602592713763130661e+01
5.923558224704551378e+01
6.420884708351644576e+01
5.999366649610792024e+01
5.425355785375806050e+01
4.347081299737137527e+01
4.217140204802640113e+01
5.198840062015352714e+01
5.297880306632564640e+01
4.068722284180157800e+01
3.631663698439494681e+01
4.524874537185238665e+01
4.045293897407840689e+01
3.962605162108963697e+01
3.290934592972928385e+01
3.252302151005611108e+01
4.014248236045287399e+01
2.587044191410647898e+01
3.627501568778712482e+01
3.257674408050685599e+01
3.479070087830486102e+01
4.615153907677009215e+01
3.313746110634775732e+01
3.188888304069493529e+01
2.922524273391855587e+01
3.164031349041074392e+01
3.466155552987225263e+01
3.402584353145139318e+01
3.594004356397949351e+01
3.673459085608205044e+01
4.164781109013885896e+01
4.319488852353715203e+01
5.664185019347604566e+01
5.949898853838669055e+01
4.230506433622128526e+01
5.193862836190105270e+01
4.873625548328382706e+01
4.469835392048901213e+01
5.163542932123206697e+01
3.988228986506744889e+01
5.368202323834674417e+01
4.972203786927018143e+01
5.469935315426626943e+01
5.157507113846816793e+01
4.864825026586878920e+01
5.536849480645375365e+01
4.618987349193758973e+01
3.822247724382980749e+01
4.100708373217025837e+01
5.548742891715546222e+01
5.074275759941311748e+01
3.154181229104756312e+01
3.714875588693982422e+01
5.590974535055794803e+01
4.765828901620705693e+01
3.994316616139586529e+01
4.150224643075932818e+01
6.067653147409617276e+01
3.613840325343289095e+01
5.395163186489887153e+01
5.266074175745357877e+01
3.368176513577456177e+01
4.100979311110805270e+01
3.436333095627584555e+01
4.356451556008935455e+01
4.683944184977382008e+01
6.266995386138847124e+01
5.803567318602701874e+01
5.692030402162226466e+01
5.049699076967757350e+01
4.646083128251707706e+01
5.787061030273982709e+01
4.869044939490830615e+01
5.741032134814251719e+01
6.001481282617493918e+01
5.202140150566340537e+01
6.280903674380620316e+01
5.703330479297331124e+01
6.235239822882319771e+01
6.331131847291842973e+01
5.773629503150932862e+01
4.588274212761757553e+01
4.044641236057170630e+01
4.391311676533403130e+01
5.186489035409265824e+01
6.710552824228513202e+01
6.679882648988254346e+01
4.699438851240090997e+01
4.772987791424502291e+01
6.434012006487206747e+01
7.161209279252804549e+01
5.945746289715707888e+01
6.217746996380120805e+01
7.426864776032488180e+01
7.073898161858802780e+01
5.635066784268311579e+01
5.503798018273327131e+01
4.720121414696317430e+01
5.631142164115830440e+01
5.344282118891312905e+01
6.729860796367856324e+01
6.122585962467902476e+01
5.405728809722542394e+01
4.404354857897794773e+01
3.785924308077243694e+01
5.438464315929030590e+01
5.254431336141574604e+01
6.184762716606837074e+01
6.621723691103835563e+01
6.031778641525554718e+01
5.807927528141038920e+01
6.435245646644300166e+01
5.196368422595772785e+01
6.056749137373310532e+01
5.847076408636656453e+01
7.042740023616771339e+01
6.237580530271841184e+01
5.615628383342916408e+01
5.078935687108881325e+01
4.887407475639485455e+01
4.716087223592636946e+01
5.691183770610005865e+01
5.359338140178470411e+01
5.988258630306300034e+01
5.291782077360697656e+01
6.538496784385850447e+01
5.249271183001103225e+01
6.295004049165506643e+01
5.571501455511035772e+01
5.350186919592093915e+01
4.657422085753610475e+01
4.956001333480377014e+01
5.844889686287746855e+01
6.438435709851512456e+01
7.384785962019280703e+01
5.098720541334937195e+01
5.077581133762234344e+01
6.702290624722435552e+01
6.865871351941130740e+01
4.542837990596704145e+01
6.158959963610269028e+01
5.423642895957024024e+01
5.332555808358959126e+01
3.634949893058998782e+01
4.099672986764337423e+01
5.805585151945475531e+01
6.277030483245500392e+01
6.327812026988826943e+01
6.081871622830846746e+01
5.595895287949777241e+01
5.226914382991444086e+01
5.441296007894311515e+01
4.789766259335939935e+01
5.432891742565468007e+01
6.573798400486018068e+01
6.120280200182553898e+01
7.128715773152130453e+01
6.664671724214441895e+01
7.346056406960516938e+01
6.822712859106718497e+01
7.154958100249359632e+01
6.804257550778231689e+01
7.322110334123811981e+01
7.921547247470041953e+01
8.972871088154852259e+01
7.467612924682329378e+01
8.435370767922736945e+01
7.498961856419523997e+01
7.644390898068488127e+01
8.574024835568401670e+01
6.450848482411461760e+01
6.792381150684163060e+01
6.698406610506073378e+01
7.182923726092715810e+01
7.209299181054301187e+01
6.279111120725826822e+01
6.273172652968182206e+01
7.983568235453363116e+01
8.018206326279531027e+01
7.421565639743353415e+01
7.160052870464339492e+01
7.333238562853233589e+01
7.076791062991065928e+01
6.909016729671138535e+01
6.920971854977989324e+01
8.317130538709925247e+01
7.987924564623801871e+01
6.015130540875844645e+01
6.066966996292569547e+01
5.946852232475804811e+01
5.844150974359727257e+01
5.419715774509595718e+01
5.910460540178067390e+01
6.344695625019470953e+01
5.728708001371911962e+01
5.666238658600710920e+01
6.167970203386340700e+01
6.215195953886650670e+01
5.663883236906809060e+01
5.795111604561688523e+01
6.279419068209897148e+01
6.099892525291647161e+01
5.919694359927284921e+01
5.288636433289435956e+01
4.476768214039174865e+01
4.987822444556421431e+01
5.093762772073111478e+01
5.244313397629507278e+01
5.341432197067299370e+01
7.366062418406669110e+01
7.958633653837226518e+01
6.260249299474707385e+01
5.214357987904922709e+01
4.858462241881396437e+01
3.880822574168368533e+01
5.084745871218539293e+01
5.323753065366994974e+01
5.846613399049707027e+01
5.791748061414110538e+01
5.393174963233220609e+01
6.432900719659134836e+01
4.838250637378712327e+01
4.878584662298428043e+01
5.110805639201608841e+01
5.801357243752652693e+01
4.512309527927408936e+01
3.382065919627073924e+01
4.747116436400615669e+01
4.526325902033604365e+01
3.350146285876428465e+01
3.264624586294508646e+01
2.985835003242793206e+01
4.767349683786241599e+01
4.424052891919468067e+01
5.087620778013153711e+01
4.307292927611410960e+01
3.843821417900020521e+01
5.059747249956463833e+01
5.367747986756623391e+01
4.949452727600913704e+01
6.773047779330894969e+01
4.589463459920753508e+01
4.250508525726058195e+01
7.624625107647551658e+01
7.302283220127711161e+01
6.530757178395720075e+01
6.536684361066757276e+01
5.111017060603190032e+01
4.232830377297953817e+01
5.357323259225729117e+01
5.162676793700922673e+01
6.363798167187324850e+01
5.958312425329016548e+01
4.757878132075328637e+01
4.745268686500296695e+01
5.975340536109700906e+01
5.673807513437655814e+01
6.595846191847992657e+01
6.207286182545779951e+01
5.326950682141394111e+01
5.757081584942568497e+01
5.965743494370167355e+01
5.677497848191700314e+01
6.563048922737856117e+01
5.934394436183301735e+01
5.360745319963012889e+01
5.088030005925954669e+01
5.892169849094672429e+01
5.828515066305192960e+01
6.008587853339034979e+01
6.017482906434105416e+01
4.168498033947238213e+01
4.648974769500369320e+01
4.473391650591121049e+01
3.568891908123251966e+01
5.756273331650851333e+01
5.406239843967876624e+01
4.176414310419418285e+01
5.282966745804024811e+01
5.087459080216098073e+01
3.854111809937462141e+01
4.805424974924449799e+01
3.850181292181969894e+01
4.810746500458531472e+01
4.299574583120936921e+01
3.526320855648251040e+01
4.274410459630455961e+01
5.460868921631441708e+01
4.795994619074932075e+01
3.436438364137849533e+01
3.190786657423379324e+01
2.938812813355050579e+01
2.506061869930053732e+01
2.275498359743567178e+01
2.640844331481984852e+01
2.322039077871139057e+01
2.961361671893947900e+01
3.790018539032042355e+01
2.939340511263133493e+01
2.553991389443001125e+01
2.450276855594196235e+01
2.055248955957612012e+01
3.150673082885671761e+01
2.862044663419245438e+01
2.549949415111918682e+01
3.404025464783653376e+01
3.624104873730386345e+01
2.818348280273939110e+01
3.151132444723910098e+01
2.974414851992891684e+01
2.850821122938659613e+01
3.722460695433670708e+01
3.763127061000894003e+01
3.468120815908978471e+01
4.292747278417137835e+01
3.666408527137638629e+01
3.323717803055915709e+01
3.093997248547861290e+01
3.048779299724776592e+01
2.113720414361162980e+01
1.988747216981350263e+01
5.371402320716615009e+01
5.442704656807578090e+01
3.533187098375274360e+01
4.041491391696308000e+01
4.178696733392713725e+01
3.134549027819193867e+01
2.514967929613163378e+01
2.956582045128961411e+01
2.991955147957975569e+01
2.529390505384812116e+01
3.849359543856485999e+01
4.467241638477948129e+01
3.766224802292468610e+01
3.893357730359586810e+01
3.523279327598839217e+01
4.519758647079785874e+01
4.300590453174013561e+01
3.745180718631954875e+01
2.710993600236092860e+01
2.071779012009844578e+01
4.114780883952564494e+01
3.101549930386996579e+01
3.092123749236956698e+01
2.109469286661034815e+01
3.371755893782965074e+01
3.804479443203769762e+01
3.071281633387833665e+01
3.629582051372651819e+01
3.225384878839845726e+01
2.787697385246735493e+01
2.408795650218983653e+01
2.814110553057336972e+01
2.719634170168857779e+01
2.589843143148599225e+01
3.260133286881281123e+01
3.987880676767260013e+01
4.528379572114565121e+01
4.586989594148833049e+01
4.327830117237392926e+01
4.433359585066067154e+01
3.210712264193203680e+01
3.107245270058337283e+01
2.532159893810548468e+01
2.763501808089911904e+01
3.484432974220245427e+01
2.841614152775385094e+01
2.723456880057351626e+01
2.573620035124555017e+01
3.294776487086099337e+01
3.774451303673845359e+01
