9.916229130177523388e+00
1.053230468992287072e+01
3.323185129029116780e+01
2.464936666288452471e+01
3.753226837253922099e+01
4.726658877144019755e+01
2.406134028676457959e+01
3.971723693201778360e+01
2.839696428918236748e+01
2.750270066973650174e+01
2.163165420000901307e+01
1.852314868442386597e+01
1.762626873830583563e+01
2.828650489963238002e+01
2.435217691237957638e+01
3.041738204774412679e+01
2.604437704273538046e+01
2.196099715483756043e+01
2.310196711291491667e+01
2.376673226018100848e+01
2.953919894236914701e+01
3.052992220242277455e+01
3.586679187845118832e+01
3.290156983405965718e+01
3.777727464106632738e+01
2.194190382661525263e+01
3.030848404936066132e+01
2.568417014782088614e+01
2.375692683246118264e+01
3.283111832156323828e+01
2.889724322035840842e+01
2.917783255226583705e+01
2.752307076439550215e+01
2.975833176127972024e+01
3.350019080390740811e+01
3.715087123366060240e+01
3.982027352895268280e+01
3.324700151347685306e+01
3.345780889245038736e+01
3.101314444480214760e+01
3.153585467866732017e+01
2.357309725604822503e+01
2.809543576200186976e+01
2.159781878070167238e+01
3.454112621231949021e+01
2.343112328253790366e+01
4.793556240199620078e+01
3.903032224761908964e+01
2.299351250448243533e+01
3.036805285823631095e+01
2.107996248134768891e+01
2.716010331774099029e+01
2.799173663030485315e+01
2.103389896606362441e+01
3.426470265753044941e+01
2.459628591645286733e+01
3.044399388282025853e+01
3.504051412031209622e+01
3.430817982557186951e+01
3.629754235526903727e+01
2.249844207084074199e+01
2.185682174012588419e+01
2.216768524153416919e+01
2.357114514913955006e+01
4.615534077016521763e+01
4.216214470915903689e+01
4.242279179473429451e+01
3.374459925864407239e+01
3.032036251864856524e+01
4.135681769506315675e+01
2.489980154985673977e+01
3.110153658933701948e+01
5.862725855987739010e+01
5.258919228224982589e+01
5.844673197227121619e+01
4.684698748619989317e+01
2.690841004100695955e+01
3.183962563197313145e+01
2.645594736556799376e+01
3.020688761117148502e+01
4.365128599997714787e+01
3.775200164946531345e+01
3.401045207909564283e+01
4.112004673032713242e+01
3.485093506910883576e+01
2.559715592129300532e+01
3.167005183183530548e+01
2.713913411824118427e+01
2.917462128500014629e+01
3.323002413025326973e+01
3.507632437416219773e+01
3.171982639549202432e+01
4.259557603408834581e+01
4.046407372494103072e+01
2.621802984925480473e+01
3.290193944578449958e+01
2.621088143400539039e+01
2.950189929704702507e+01
2.607046727389362317e+01
2.438694237986527114e+01
2.037738505932404465e+01
1.888613159759761473e+01
2.888947331534070173e+01
3.894503035477250563e+01
2.328447948484293306e+01
3.550028275993916083e+01
4.103694036471512163e+01
4.354784361263178738e+01
3.668299066159573130e+01
4.532882112434644739e+01
3.240653704785032119e+01
3.384282781932059692e+01
1.895097302772176917e+01
1.977873805529571882e+01
2.377007909342906444e+01
3.230086725100674983e+01
2.939825697823205886e+01
2.970420887498527662e+01
3.055045815293371092e+01
4.132064450632461927e+01
3.074477792367293105e+01
3.087729128852714666e+01
2.901480752296711429e+01
2.857848960522677828e+01
2.322920191908253429e+01
2.540716941434983056e+01
3.300028981574194376e+01
4.090563029585690202e+01
4.556822186306754929e+01
3.463466453269302292e+01
4.489190152632429687e+01
5.529113618283380305e+01
4.222492064196144668e+01
4.245034993710923743e+01
2.978998412270471974e+01
3.310278706825632611e+01
3.086804745412051787e+01
2.877201165521508130e+01
2.593232425413168230e+01
2.312631329582150741e+01
3.422005578108984025e+01
3.713927315420446007e+01
2.711611029674274675e+01
2.763090985429468205e+01
4.053228288071311880e+01
1.865074467190584073e+01
2.145018215292301278e+01
2.426062905906378120e+01
2.601266385906146184e+01
3.371741307211637917e+01
2.735423681784688910e+01
2.746670080952615578e+01
2.676426678341598020e+01
3.789416072476631570e+01
2.706259202875067871e+01
3.189057797955809193e+01
3.421963951029161422e+01
2.673027155979637115e+01
1.866427945687300749e+01
2.043535875541199331e+01
2.064953519470749086e+02
3.014832553576660246e+01
5.679822389609924471e+01
5.765035255821280913e+01
4.655764675416199339e+01
3.667310551376082373e+01
4.650724009525075786e+01
4.521122168343879366e+01
3.794183944312524659e+01
3.953626401093260512e+01
4.863238727634064418e+01
4.417412864865521271e+01
4.643721712405592683e+01
4.775415273401574723e+01
6.865483226698398767e+01
4.515746131942555053e+01
4.052849797293286116e+01
3.331817809421554699e+01
5.362077577105846160e+01
4.253129550150899263e+01
5.516654965496235263e+01
4.413088957255136791e+01
3.730356390438507930e+01
5.463081007991728200e+01
4.738876914596993828e+01
5.708894781162994292e+01
2.691266758910632717e+01
4.009639875730943004e+01
5.437053170993637252e+01
5.224120104750853955e+01
3.590145754408144541e+01
6.069012745815850707e+01
4.885003522483305005e+01
5.152909177944342645e+01
5.205595313282405812e+01
3.345813316714869501e+01
5.360051472240876080e+01
3.155746100290095413e+01
7.068111854120215298e+01
4.986606199079441382e+01
4.656960878658654224e+01
6.255876495521627589e+01
4.745900771424051356e+01
3.885797724283201404e+01
3.525739030700412258e+01
4.742425845223645808e+01
5.825017176381111739e+01
3.246936478034921691e+01
6.984225864487456192e+01
6.324830441250922775e+01
3.798768108209900163e+01
5.362632065325531983e+01
4.175761486413063039e+01
5.363500917208230589e+01
3.920942600622531415e+01
5.838579627567574448e+01
4.973652245854719922e+01
5.521828989289633682e+01
3.592817569926002363e+01
5.437045840831971333e+01
5.149550355316664252e+01
5.159170969028021858e+01
4.290412385902912717e+01
5.831590500533890520e+01
5.944224226029120217e+01
4.551314516716505665e+01
4.769061701120886454e+01
4.045170252058431259e+01
5.258859008887719710e+01
3.904124305757446933e+01
5.528447979601423867e+01
6.426265419872801488e+01
4.856756453954420039e+01
4.519662341621441470e+01
6.317622982918990715e+01
5.696994211216850346e+01
7.355133241365571450e+01
5.644615395988446949e+01
5.724523877657685489e+01
4.331047660167422464e+01
7.083596223946008763e+01
5.441081170821274071e+01
2.873315847973007209e+01
5.480023698615723049e+01
3.451966301897296319e+01
4.013039455285326795e+01
3.623395598368810511e+01
3.809215601174283705e+01
4.815043782744981371e+01
3.743450454097494173e+01
4.845906787502465107e+01
4.331216943192199409e+01
4.488290709552970981e+01
4.455920832804316234e+01
4.266465919092235026e+01
5.571736171482110933e+01
3.521669259515851280e+01
4.768370280732275290e+01
4.303455852754395750e+01
3.878842987699124478e+01
4.099732771894460370e+01
4.647052616902649902e+01
4.009867770100258610e+01
5.398465277678535301e+01
3.512788241717970550e+01
4.928788095587533036e+01
6.008974255007210985e+01
6.624370751551333569e+01
4.784363633063073706e+01
5.572896132223374366e+01
3.583511962177552590e+01
6.746837187585236961e+01
5.065433406983376585e+01
6.151873294058025721e+01
5.426150032917946930e+01
6.653614094138026758e+01
5.405147233576498422e+01
5.044595101514709512e+01
5.307183309810034899e+01
6.579120576887396510e+01
4.501490214410819135e+01
5.232962857955082114e+01
6.067970184344469686e+01
6.168024589653983014e+01
5.741775141000754701e+01
6.117536891374079744e+01
6.921980306083951007e+01
7.018821437531168783e+01
4.996591526606363232e+01
6.798205707233505279e+01
4.241009214475661082e+01
6.431579760392747858e+01
4.056975323407461076e+01
4.943266887633983941e+01
4.468881751221703524e+01
4.776797131471396085e+01
3.841017060932662730e+01
5.267658553994128567e+01
4.187193632955569456e+01
4.504032706482797010e+01
4.490242152132957187e+01
4.608691400868499244e+01
4.165449375132362064e+01
6.254924620095125931e+01
4.305830028101335927e+01
4.481858520830203219e+01
5.532825987373200860e+01
4.316543806650638260e+01
6.958013810440307623e+01
6.747899722231855435e+01
9.166979910693378031e+01
6.806309320843723754e+01
4.181223396142981130e+01
6.496230578657679189e+01
5.278357819311232646e+01
3.982311564086381850e+01
5.290511164736914651e+01
4.696895012929068969e+01
6.488111231536520052e+01
3.989221665598022071e+01
4.489713249534413819e+01
3.802089535021998756e+01
4.308554224845949676e+01
5.029507713753853437e+01
5.257149876576209380e+01
4.183868902362751641e+01
6.560787073687654924e+01
5.035042411630112014e+01
3.799595649427711663e+01
4.329252403252871062e+01
4.117659601858358798e+01
5.684253224082223710e+01
7.541291478952688010e+01
6.257127968061454482e+01
5.085156072636533509e+01
6.154956059871076235e+01
4.482051613349425878e+01
3.478997645745715062e+01
5.957094550326239357e+01
3.241347799907853044e+01
3.538983006170342094e+01
4.920010468713443430e+01
5.217272778711617320e+01
3.925446731405730816e+01
5.029323698708308399e+01
3.745779344716320480e+01
4.807106133240212387e+01
6.213915655798744808e+01
4.071192355202055779e+01
6.419569158936312192e+01
6.179955669981423227e+01
6.253033047649312692e+01
5.443266553389134543e+01
4.793002425621945406e+01
4.266694200155090755e+01
4.367139148700534435e+01
4.306053594479647728e+01
5.302548401618463458e+01
4.942362113856012229e+01
5.582599703658370061e+01
6.881102977952460265e+01
6.252150446243437898e+01
5.596088119947833661e+01
4.581242241692726935e+01
6.367380877013280127e+01
4.766590461882714891e+01
4.739099600930236988e+01
3.728556751865114904e+01
3.739213549159570249e+01
5.920809623462965732e+01
3.728879716635530173e+01
5.722711751877448449e+01
4.472099943854702531e+01
5.649632960857572783e+01
4.320822533498849083e+01
3.237602713986530034e+01
5.563545006677608740e+01
5.975542499917931138e+01
4.482733964941552074e+01
6.024939033746990447e+01
5.260283602212643927e+01
7.577539551346373514e+01
4.211797296876559216e+01
4.944974017637638752e+01
4.383955847897845359e+01
4.612744800880753360e+01
3.909949725015210475e+01
5.869216761004234684e+01
6.936799190032066065e+01
5.765099915192975288e+01
5.261539490569992950e+01
5.299815538796241299e+01
4.536393013965298593e+01
3.543708975267485073e+01
2.893587805622147968e+01
4.037439812313777310e+01
4.587397506932873625e+01
5.138765789523847616e+01
5.593169295494507054e+01
3.461328746775146215e+01
5.773772458653473194e+01
5.895398839228431598e+01
3.676669933384438593e+01
4.694041072846975737e+01
4.066139820495650525e+01
5.266314686517922183e+01
4.934208559679900929e+01
5.305086884547462489e+01
3.548477200750402716e+01
5.258425607603012963e+01
5.412997827539460616e+01
5.323068624556908901e+01
5.345750832161294852e+01
5.197575623459444216e+01
4.780313496194871448e+01
4.071171342491803102e+01
4.614305642819525133e+01
3.287661288546354399e+01
4.125180130326855021e+01
3.876389601864607926e+01
4.435041976422149901e+01
3.847693305835515076e+01
4.109153558055072608e+01
3.719673171034154535e+01
4.591847574749489524e+01
4.222668554207878344e+01
5.052722819232111817e+01
5.218179158386635663e+01
5.384497391308190117e+01
4.091869062314505356e+01
5.343498894949595979e+01
2.807611327840909254e+01
5.346886847105908203e+01
4.453829238212436081e+01
3.837716068351377885e+01
4.681256620347754449e+01
5.729535072208511082e+01
6.462591160306605786e+01
4.507417476319287175e+01
5.756037719335808589e+01
4.323950091993161493e+01
6.776604014419577027e+01
3.587650130456393072e+01
4.630028636782560625e+01
3.534551455005791354e+01
5.639463520893531978e+01
4.072940390974410718e+01
4.963792081416764290e+01
4.722886112565924321e+01
5.570825430834205605e+01
4.617803523586857750e+01
4.715508079659966256e+01
4.943855522878347131e+01
4.779126512210259392e+01
5.544126271973754427e+01
4.751946454055600100e+01
5.073736577514250712e+01
6.443517993230875618e+01
6.612664731971312904e+01
5.384668676787939745e+01
4.535727018018994983e+01
4.269756311568776397e+01
5.920142804209105947e+01
5.170375262677983130e+01
5.529234182965033995e+01
5.058526850443649892e+01
5.684041979116150856e+01
6.391714658806868954e+01
3.942576401075414338e+01
4.328541423500382734e+01
6.543802159376551231e+01
4.257133834190778288e+01
4.268960256462659686e+01
4.319234493087218141e+01
5.168690152675853255e+01
7.472447597080139303e+01
4.326656088284526192e+01
6.828106292294658886e+01
7.747550013470134900e+01
5.683420819174089189e+01
7.278490764046721040e+01
6.218119242469579433e+01
3.863283279151506378e+01
5.378186111628322408e+01
5.366827551080869796e+01
5.208738852535093855e+01
4.019626846157982669e+01
3.380521968277651723e+01
5.279723456602727794e+01
5.284529366141630646e+01
5.692936270370546481e+01
6.578012082937867433e+01
4.879854206206405109e+01
5.506491821217601768e+01
5.742721994955542186e+01
4.506598895568585306e+01
5.212290939647516552e+01
5.053992827072691796e+01
2.551289627030027418e+01
3.865129931170480404e+01
4.751458317334602555e+01
4.717752359401735873e+01
6.040432006843307988e+01
4.288684802588535661e+01
5.083556603631646453e+01
4.895474947995188586e+01
5.581707166240109075e+01
5.578464966036278838e+01
5.164211445125017974e+01
5.945798711796833658e+01
5.735556001225926082e+01
4.912519951903370696e+01
4.092942482047389774e+01
5.707836399626528845e+01
6.782945367166352924e+01
5.136390587368413918e+01
5.420625116343528305e+01
5.398928397343600949e+01
7.285881137214460068e+01
6.565942427810362858e+01
6.265316908191173439e+01
6.711609654528156454e+01
6.911833513855567901e+01
5.632224299278911417e+01
4.737832406090998205e+01
4.621645654228405675e+01
5.661706210176250664e+01
5.270030671094702512e+01
4.925106263496276426e+01
4.939349073132488854e+01
5.870750748839837030e+01
6.954028747570693270e+01
4.761285272139696190e+01
4.775630225927377381e+01
4.340177016466336823e+01
5.503624671836887927e+01
4.605253406614385625e+01
5.840454579606070240e+01
5.457545037856504422e+01
3.630209835162645504e+01
4.931643330066276576e+01
6.051608815100625804e+01
4.094692222723682562e+01
6.212772261751928227e+01
5.221464013550659189e+01
7.523526634567792826e+01
3.119891029339712674e+01
7.289722180605478741e+01
3.808640888159695947e+01
4.811681222560644500e+01
5.103797657512868824e+01
5.473018555437600696e+01
4.966712807664052320e+01
4.667248454841039518e+01
3.699789830643750577e+01
6.264503375023436149e+01
5.465590152755926567e+01
3.739839258631230479e+01
4.738160677263034160e+01
5.960507347622335317e+01
4.465780410751374774e+01
5.558415714736909763e+01
4.620186643593923037e+01
4.532760026091001748e+01
5.313839790445496192e+01
4.500999797276072201e+01
3.194348958251816484e+01
4.965956963075225161e+01
4.505869650874771537e+01
3.727018922298470471e+01
4.496420928535476236e+01
3.755199738977616875e+01
6.245138783670696370e+01
4.882079353553279333e+01
6.422792564273858318e+01
4.425244664351243529e+01
5.938402338161465366e+01
4.288861757675881137e+01
4.896962262650311715e+01
2.824774031067838465e+01
4.815563322267912127e+01
3.976702707230879241e+01
5.234532908542413310e+01
6.070548671698360010e+01
3.632421746030166787e+01
5.336200018760121111e+01
5.918048779094230838e+01
3.906789025069270593e+01
6.175397107981088851e+01
6.033424115833132362e+01
5.907790000447327827e+01
6.967585461785408540e+01
5.089826836573664792e+01
5.910214931490936863e+01
4.345398611567714653e+01
4.166479073937427557e+01
5.560778116678288541e+01
5.100480590379281409e+01
5.639549193165355234e+01
5.393136490076135203e+01
5.649486526907538320e+01
5.490113181399623699e+01
6.266603299119485371e+01
5.595439075885723668e+01
3.501767556732948350e+01
7.331541847446750637e+01
5.417707339735968475e+01
5.797706348278160959e+01
4.237687633736840098e+01
4.781693914577101623e+01
6.116688386333800764e+01
3.889771450142558962e+01
4.316384115959448309e+01
2.851445154642296842e+01
4.170706664699773114e+01
3.852648603355900292e+01
2.887456874988983913e+01
3.402843084324035061e+01
4.307336083032922858e+01
6.385766410121679826e+01
6.268100436825370281e+01
5.887008459738568433e+01
7.093707639663183784e+01
4.352927628374174418e+01
6.204585418026229604e+01
5.320507864577556489e+01
7.794573197239124340e+01
6.948137812172085148e+01
7.471091779232088470e+01
5.973227933451925509e+01
4.877476915642070310e+01
5.353088861980954505e+01
3.428029841832035629e+01
4.627287271551772108e+01
3.600470036641840466e+01
6.118176167560599765e+01
4.660997409621445087e+01
4.131382735332572764e+01
3.485542984596713012e+01
3.852552217737514439e+01
4.196761707133632768e+01
6.085235852257658706e+01
2.980468616510357549e+01
3.574492929357833759e+01
4.641342052351976122e+01
4.351956284267073727e+01
4.328748522712616875e+01
4.418407708954966751e+01
4.273577621188523068e+01
3.571206534719162562e+01
5.047337361829900004e+01
3.435027516227759037e+01
4.784066276215988012e+01
5.256692744842470688e+01
4.925728029464762159e+01
5.838290980250508255e+01
6.263885611213920868e+01
5.902914794885935379e+01
4.821878792849787487e+01
7.039255075059585920e+01
5.867572008587983845e+01
5.125182569538270627e+01
5.227048184099916739e+01
4.603355340275397367e+01
4.809755515259963943e+01
6.116343606837777713e+01
6.816088524697563855e+01
5.531928628419373695e+01
7.452561385279867068e+01
5.969433121573229784e+01
4.937740525524919377e+01
5.378891730896876311e+01
6.554470670218465500e+01
6.653627048345612138e+01
6.837009046993645711e+01
4.533785234006529663e+01
5.041779901896401839e+01
6.311390962132885107e+01
4.926062254135410967e+01
4.621160281912696632e+01
3.294911988260145108e+01
3.922774554906724376e+01
5.150336883864487447e+01
5.544625423643347517e+01
3.700419282434044987e+01
4.586678027980082817e+01
4.694449028304087790e+01
6.319423233926742967e+01
5.491177008962785777e+01
4.796281976089378674e+01
3.192766491910259674e+01
4.706189472853649391e+01
3.998953850228153328e+01
8.487460707409785243e+01
4.667396397074717385e+01
3.716768912176856787e+01
5.635954392797330570e+01
3.822770471370491663e+01
4.965932533249712577e+01
3.176396562621096109e+01
6.005285128773794412e+01
6.132744882828893651e+01
5.974808028875908406e+01
4.397862143809678059e+01
5.931083533709056610e+01
4.956221399951704143e+01
6.169170824302825906e+01
5.121685010466966048e+01
6.734450607320735571e+01
4.356772611953326191e+01
4.888887337766973928e+01
6.260859490323851873e+01
5.302991675562766716e+01
6.902779321299695425e+01
5.994250953515039271e+01
6.081374944879299704e+01
3.393405608139044460e+01
4.821407413269970021e+01
4.564552511172997384e+01
6.696366346231488365e+01
4.143664828321651328e+01
4.685887158903993566e+01
4.975941070624379847e+01
3.341578168788653613e+01
4.304855893204518225e+01
3.430454364879989271e+01
5.064198325171014403e+01
5.129608250657826574e+01
6.656111391166831481e+01
7.438921368575408621e+01
5.061592166130176906e+01
5.052448776209737247e+01
4.489293920603868315e+01
6.373288557206178240e+01
4.943665332461821293e+01
7.569295110282229189e+01
4.707500166377108997e+01
7.178042424054218884e+01
4.405306066404876475e+01
4.497737839226302015e+01
7.013567229085423094e+01
5.683759316476422896e+01
4.717492752736313832e+01
3.899626648855219457e+01
4.257338929260097871e+01
3.757199468936990883e+01
4.453090443505836760e+01
4.295077525953585251e+01
4.382487237835151461e+01
3.956104418316549243e+01
6.645260843735066203e+01
3.803055016110891273e+01
7.366942839759890660e+01
5.980303677857117606e+01
4.711570573497346714e+01
5.061922078321079255e+01
4.990487561392765770e+01
5.484140403315144852e+01
4.500652790800875636e+01
5.955482874755958278e+01
5.283466461844157180e+01
4.767176368925873930e+01
5.778153642382451238e+01
3.551226146426363073e+01
4.622713408540341362e+01
6.898140297043451596e+01
5.341271617633231727e+01
6.699518050095979049e+01
4.501433276110245174e+01
4.425671984000471326e+01
4.141486109854014330e+01
4.526417064931467849e+01
5.390766331486695151e+01
5.325950012382977405e+01
5.999512671409729592e+01
4.564714257545495713e+01
5.461653883993607650e+01
5.170564640076653973e+01
4.794985705154589795e+01
5.000540795366082847e+01
3.946282746930065599e+01
4.400696460231897333e+01
4.557228305481739028e+01
3.723553091738807552e+01
6.402303801932781369e+01
4.939595256044849236e+01
6.041633269351682856e+01
3.751662073880859793e+01
5.428184231049399955e+01
3.364340474501208433e+01
5.176987288089314632e+01
6.550585041608114523e+01
6.703668127412109357e+01
6.047543338431857052e+01
5.191441058177015577e+01
4.663728296923095229e+01
3.595788141870347943e+01
4.500976515865757932e+01
3.374135900042518443e+01
3.257855184827606365e+01
5.168218205168488311e+01
4.250220762977313882e+01
6.171954578600860941e+01
3.890710275006211560e+01
3.585782788559064471e+01
4.146069807486584580e+01
5.741495094264389110e+01
4.295326544135572533e+01
4.922536139406498990e+01
5.733459677719965697e+01
4.646489860591423593e+01
4.766030957074240604e+01
5.812534809287622295e+01
5.781003709765752063e+01
6.183885365235038023e+01
7.103312530300885896e+01
6.280689846823404565e+01
6.697969502842342138e+01
2.892021603232139881e+01
4.535155505969964196e+01
7.222350995168820020e+01
6.628146213353375060e+01
6.632980942026213711e+01
5.455288280367090437e+01
7.345335816634059256e+01
5.387074523248344349e+01
5.945060388471953416e+01
5.576477434130773503e+01
5.213744832500665183e+01
5.054093409617816945e+01
3.472529322207069669e+01
4.813675201636080203e+01
3.229424383299070200e+01
4.350910463435851483e+01
4.372867953593515011e+01
5.244144813646607162e+01
7.541119172777678159e+01
4.865855340094567083e+01
5.602607985105899502e+01
5.598466352165734605e+01
3.831887404699919841e+01
4.685375969597472334e+01
4.056542826694810344e+01
4.762982870841729977e+01
3.524392334967598117e+01
4.108019119937468133e+01
5.259841361867109555e+01
2.708211675940219365e+01
6.213356088367092411e+01
3.861522735607370294e+01
4.439894855949987829e+01
4.053541824076852151e+01
5.828454868264706334e+01
4.908008886835571616e+01
3.418116319132097658e+01
4.650407317320122047e+01
4.606457854907439042e+01
5.004520395792296483e+01
4.620037610653590576e+01
4.546488150033392373e+01
4.188070281231050984e+01
4.866246388277100721e+01
6.142196522740584896e+01
5.205864072228431638e+01
6.011420462701700274e+01
6.764829233354760163e+01
4.478699044278878461e+01
4.812780922475521805e+01
7.374952647547441131e+01
4.666886973805272021e+01
7.106810390550541001e+01
5.562535867567797965e+01
4.296350723600723143e+01
5.664532755883379167e+01
5.027578073646445489e+01
3.452650124466043025e+01
5.609944618249621584e+01
4.127593290985222296e+01
4.827567173583336313e+01
5.514727298346632978e+01
4.711901391115957694e+01
5.349395629600647339e+01
5.113231292003191442e+01
3.929685870674708781e+01
4.866290190203524446e+01
5.413389090206302967e+01
4.188222711906786344e+01
5.437089706119617460e+01
5.664642861099775928e+01
3.651976404577375490e+01
4.922614174748225935e+01
5.450997787990397825e+01
4.224547053684817399e+01
4.571153497803476284e+01
4.057600323253097940e+01
5.021907265347376637e+01
5.069978209629017840e+01
5.255253825094585807e+01
4.798769679282332845e+01
3.924522729820015599e+01
4.485699765851316556e+01
5.503751519591206431e+01
4.697228959112942448e+01
3.889800798250506375e+01
6.266845940972477536e+01
4.197358859801290976e+01
5.649400530229436868e+01
4.580555866325402548e+01
5.357082406909718486e+01
5.286948673924274544e+01
5.841702708109416164e+01
6.640309803492971241e+01
6.108685038686134305e+01
7.809057027083241564e+01
6.972809454749699398e+01
5.758884032604225212e+01
5.549522314929889433e+01
5.656521047257156454e+01
6.067673878029134471e+01
3.338882860573257716e+01
3.959931455516394294e+01
4.378649534526176978e+01
2.923678078707867911e+01
2.533266548802295759e+01
4.648905812316868236e+01
6.175082711824339299e+01
4.737438052618522022e+01
4.714158308973610900e+01
4.963763316078487975e+01
3.846036047438904859e+01
7.441039688969227939e+01
7.824833986953140652e+01
7.673123684034757730e+01
6.826451350175666732e+01
5.804247399690832765e+01
6.672486469569842882e+01
4.777654135853441630e+01
5.594588046529597136e+01
4.782994269251594233e+01
4.071213463632010132e+01
5.241173293460366267e+01
2.985811680555599779e+01
6.157061726179389183e+01
3.376322159568894676e+01
5.922111583304442206e+01
5.923287099273743195e+01
5.011966376577824889e+01
5.974202481455478164e+01
3.905652874875745795e+01
6.313953988108556814e+01
3.256283892237320998e+01
3.440769933415894144e+01
4.672142668732669790e+01
4.696510528034806953e+01
5.232247571686151844e+01
5.075977947122086675e+01
4.815424050834991476e+01
4.687042529888501008e+01
4.153896964359456945e+01
4.844420931281921838e+01
