5.468757955974700380e+00
7.211254313932503379e+00
1.445433133075959908e+01
1.575304035544177772e+01
2.457519734567884484e+01
4.034112809898134344e+01
4.532566740393207994e+01
3.514482461986344930e+01
3.516592656182157839e+01
2.617807548698658238e+01
4.728962177076935092e+01
2.934927629442529806e+01
2.543030707251024580e+01
3.193215672392467042e+01
3.804707097378102532e+01
3.236114299457656784e+01
3.299808519669126383e+01
2.807429066414351837e+01
2.422011165578791037e+01
2.056417362466083887e+01
2.007227425357737260e+01
2.749190375757226334e+01
3.480586342267656619e+01
3.136968871449331075e+01
2.467117390204942140e+01
2.638015851802791545e+01
2.184609072333578084e+01
2.272588172979851961e+01
2.462192673952562316e+01
2.846305959814924691e+01
2.402705518474649082e+01
2.794769709029941396e+01
2.495972715549541121e+01
1.978380028610244423e+01
3.140626847067374428e+01
3.487461036364729239e+01
2.272618641249406579e+01
2.155183029866170941e+01
2.968659087794280893e+01
2.620142848933480906e+01
2.436243229513850395e+01
2.538100339467740341e+01
2.836076630428041412e+01
3.352201296934447328e+01
3.906043163822108966e+01
4.287121315063499338e+01
2.601250614366395908e+01
2.909340288167847532e+01
2.785716876600139003e+01
2.326535601718901702e+01
2.782478376096101513e+01
2.765926065334501160e+01
2.854744324738068784e+01
3.302535070732103861e+01
3.199971622438576091e+01
3.375484512855418728e+01
2.142004111896527263e+01
1.705672726844884224e+01
3.485620234633353220e+01
2.671286056246375651e+01
2.100969501798516248e+01
2.875629669699516100e+01
3.554288193533970741e+01
3.718290065300524816e+01
2.033385334591137195e+01
1.863793125487509528e+01
2.159692429214086573e+01
1.781419072010284665e+01
2.745596533270118655e+01
3.793426531870441920e+01
3.128611560698234939e+01
2.627913465443596053e+01
2.540316852078187537e+01
2.796350877989115347e+01
4.430179637052759745e+01
4.577865185503243595e+01
3.269534838164015866e+01
3.443331892473824496e+01
3.765553009196275980e+01
3.840783294522994851e+01
3.613472864631388859e+01
3.976997107657393116e+01
3.064304333737793939e+01
2.509243222430096054e+01
3.211746361060496469e+01
3.075583854835688413e+01
2.758479091106101322e+01
3.661743768809202493e+01
2.417257694903716470e+01
3.227026651322175610e+01
3.415376790731981771e+01
2.822236453540977763e+01
3.804702149469564176e+01
3.680155640146091400e+01
4.009548588221602472e+01
2.624379312843114676e+01
2.832939188762053462e+01
3.301545289650395887e+01
3.037862790929935741e+01
2.751431619193975209e+01
2.391008229024906839e+01
2.457672395930592302e+01
2.530762743962002403e+01
2.784483345958630807e+01
3.822558204838890106e+01
4.125592000295446837e+01
1.675794525123537682e+01
1.803850507955511873e+01
3.121970857690940448e+01
3.257320452378422004e+01
3.821582552051643944e+01
3.101749134091634374e+01
4.287789050906347654e+01
3.964132437156305855e+01
2.524544922106184330e+01
3.246951388958081708e+01
2.846336477924594632e+01
2.480101496430955521e+01
1.950342381179120466e+01
2.307764056800005292e+01
3.269537290299693666e+01
3.290813245429616529e+01
2.947343260471775395e+01
3.086772714035346254e+01
2.498907237587905072e+01
2.190736571070722860e+01
2.730763882333557646e+01
2.911844744685974717e+01
3.735643036412887596e+01
2.199681953046330207e+01
4.160232856984160321e+01
4.422775863179314371e+01
3.027834027395368466e+01
2.731044736354149549e+01
2.756074227629012796e+01
3.330824639645228302e+01
3.003514932132419446e+01
2.120088630521235729e+01
4.837340813280134455e+01
4.729779737757447577e+01
4.928896724302258292e+01
3.869861205870478216e+01
2.859243134772067307e+01
4.097017721737753959e+01
3.272617991674602678e+01
2.092724614525018367e+01
2.781342222154902544e+01
2.737010407847809645e+01
3.499691544770194440e+01
2.499202815327353733e+01
2.669969025007343433e+01
2.313099037961872639e+01
1.752134453224984512e+01
2.622956342256105700e+01
2.226031896531000598e+01
1.685828292681828700e+01
2.670849391477857537e+01
2.528802589162849657e+01
3.521539358188117319e+01
3.128651364817557479e+01
2.369262968382500034e+01
2.639711898428019410e+01
2.802431148042087017e+01
2.418268365564762945e+01
3.319936975935861767e+01
3.997873971047072672e+01
3.092503315405883058e+01
4.325563675793421226e+01
2.353150827906602771e+01
3.454168738142099215e+01
3.001330633921270064e+01
3.750365199210211387e+01
2.928513788231663995e+01
2.431917069919336072e+01
3.989104247189425223e+01
4.288697270952073382e+01
4.477103864348921292e+01
4.448567349614781108e+01
2.598296681571865108e+01
1.583264927964613200e+01
3.119936265016979604e+01
2.834581072406624358e+01
2.620602668607362418e+01
2.559204728075550506e+01
3.545718846543810798e+01
3.026591337477691113e+01
2.824447732417733192e+01
2.805536522606227479e+01
3.053176331723096482e+01
2.967705434332473047e+01
2.690221186320621172e+01
3.085492836201722966e+01
3.684421863859436286e+01
3.908762139823215875e+01
3.728069954026837962e+01
2.802956721328429524e+01
3.416892134283985172e+01
3.552020069651765510e+01
2.340467481068100852e+01
2.814693828713369683e+01
1.926334858368027270e+01
1.185187559841611105e+01
2.368947886797882418e+01
2.488147687710273104e+01
3.521608401517711684e+01
3.581623408798618868e+01
3.333374940806513109e+01
2.868538689122452112e+01
2.877850290616189710e+01
2.896456545962019291e+01
2.527636675831947599e+01
2.230697165635978862e+01
2.562306014572022406e+01
2.277623379440021978e+01
2.953926136797945645e+01
2.639716569476412644e+01
2.854000216695713377e+01
1.778040201653382724e+01
1.993854761524395869e+01
2.358894194130612121e+01
3.013315480218020426e+01
2.848231185725162007e+01
2.835310029712242397e+01
4.102094281079673976e+01
3.936209470121859511e+01
3.204161212722958396e+01
3.973225137139498742e+01
4.892787673209345201e+01
2.441279046556132215e+01
3.185300411691113354e+01
2.407414737997394028e+01
2.680997798356710504e+01
3.388857946062853443e+01
3.341888026246274279e+01
4.179513965400606423e+01
3.652061538051589196e+01
2.153653156893452447e+01
2.698894426855681061e+01
3.811038932891354136e+01
3.761213110381490310e+01
3.096107461539346062e+01
3.450000667584250635e+01
3.665525557441355886e+01
3.920949237569178791e+01
4.351575359395778264e+01
4.018020329639072941e+01
4.510345912389761480e+01
4.506171763492013582e+01
5.319960299838118090e+01
7.263842378476658723e+01
7.186097327893719466e+01
6.653509830578781248e+01
5.574038225943227332e+01
7.321089236633170572e+01
6.945914836564685402e+01
5.285278843177307806e+01
5.806775644416607207e+01
7.180916301953706693e+01
6.434689649067861694e+01
7.591453417594333075e+01
8.722094960983703515e+01
8.732624318138930164e+01
7.825016188953705409e+01
8.741741002199029253e+01
9.720270849961944748e+01
9.506045896772369019e+01
1.003145872759170487e+02
7.442022741267625463e+01
5.418739875528136452e+01
4.573608215542179067e+01
5.674692749046349860e+01
4.602368350894968785e+01
3.866411839759681612e+01
3.005008019522686169e+01
5.123936760693759851e+01
4.957985230432392143e+01
4.371262232037074824e+01
4.398961995216421883e+01
3.530168838290332189e+01
3.795066232103409476e+01
3.145647096650892394e+01
4.043495935771834127e+01
3.664978887816581476e+01
4.572305910617195224e+01
3.119156600228827259e+01
4.371448757795221951e+01
5.130822711181467355e+01
4.405759045101197557e+01
3.209769392742666838e+01
4.629605120148819708e+01
3.370967297805218266e+01
3.340871549849327238e+01
4.369181484980373398e+01
4.123393580304455242e+01
5.832964819276295998e+01
5.343241682125633929e+01
3.646077481098572548e+01
5.969853680539637963e+01
5.910364779651852274e+01
7.486106789014159801e+01
8.442392670074113425e+01
8.934420461499439625e+01
6.995395915898376415e+01
3.624022035966531519e+01
3.020197203689193088e+01
4.582846032311127971e+01
4.001392477145595450e+01
3.306954747784391913e+01
3.897578009452820424e+01
4.560624617851119922e+01
4.380349929041143753e+01
4.813115872567009745e+01
3.778118486609181303e+01
3.643866710915795437e+01
3.615835294089046670e+01
3.335527780298409084e+01
3.538644356693202297e+01
3.435920926368906692e+01
4.866752907992388799e+01
5.856572752196635889e+01
4.955456822492129731e+01
3.929807334275229636e+01
5.514813471050696592e+01
6.414299114993347928e+01
7.406941926036462576e+01
6.571609512318778457e+01
6.785346492127125373e+01
7.019634405905568997e+01
6.438700357840825461e+01
8.324037972205753988e+01
9.918239114561497161e+01
1.068185487180063831e+02
1.106799721074637688e+02
1.058870391553637234e+02
7.373224145682164021e+01
4.626695292860169673e+01
4.071711579787072566e+01
5.100304467381512552e+01
4.615299957408745257e+01
4.481041776852803338e+01
4.301616576688880400e+01
3.689028624413118962e+01
4.115722571161148124e+01
3.354061608413932305e+01
2.128491264354777357e+01
3.574669980092339472e+01
4.275907479020749236e+01
5.024539890358798289e+01
5.449699328263783826e+01
4.965478228078214329e+01
3.896477457542355438e+01
4.149657568959023024e+01
3.233396067317743672e+01
3.217013112543321540e+01
4.150482813431185747e+01
3.371667521508517495e+01
3.102351226077334800e+01
3.363056686924478100e+01
3.748728404964424499e+01
2.869682358093983865e+01
4.509785480466544527e+01
4.219433839954361787e+01
4.480256933792588114e+01
4.432176238747372565e+01
4.312991978540255644e+01
4.719744500748505089e+01
7.154934679587550761e+01
5.947970366758053729e+01
6.157108031563080175e+01
6.896027773672069827e+01
7.488184089464307647e+01
9.248794173961211129e+01
3.325953129409695208e+01
4.224301305695269804e+01
4.692601138652523929e+01
3.585285528259488075e+01
4.933548643096268194e+01
5.339867424066035539e+01
4.922640305415578865e+01
4.759033074504398542e+01
3.939176247922919316e+01
4.285209066658799060e+01
5.422579410516339493e+01
4.290287907678391832e+01
5.578779161342820458e+01
4.686075103634745886e+01
2.572538950915712164e+01
3.297603674151412889e+01
4.267748546016413513e+01
4.909251127499943834e+01
4.750965007284287367e+01
4.549268289776976815e+01
3.166106184035470150e+01
4.840194032101067023e+01
4.065570608637468553e+01
3.597598027334954196e+01
5.707407579231758632e+01
6.694707554939887473e+01
4.993880454076843733e+01
5.860030059116816403e+01
5.797767990909573399e+01
6.806111171236629787e+01
1.086873749238626345e+02
1.302414118811124126e+02
1.172897716657729603e+02
1.149890802111035555e+02
6.453913817663016061e+01
4.485284142329416568e+01
4.757195969845270866e+01
4.076200918292779818e+01
4.455037949890284210e+01
5.559675520038400265e+01
5.276149953183143992e+01
2.617532018658003068e+01
4.022380255043949404e+01
4.889417955477296118e+01
4.146865236044334324e+01
5.365129611882859706e+01
4.600224378394074165e+01
4.417980537064279645e+01
3.272943796896942814e+01
3.283119180349235933e+01
3.637808936841606311e+01
3.425225950272838560e+01
4.101240423746196484e+01
3.139115395455948843e+01
3.285827415425613651e+01
3.540233456360864039e+01
3.689350914055350472e+01
2.898116989298791424e+01
2.914097497443269447e+01
3.031730364644900533e+01
2.125624799424914357e+01
3.361436760122960976e+01
2.543675467963191394e+01
2.570574864723098329e+01
2.029505947714380554e+01
2.453355920741377716e+01
3.913980412085784621e+01
2.747711656512850098e+01
3.213134124304700379e+01
3.514250684115008028e+01
2.783402130842491928e+01
3.889050054102760612e+01
3.458802282720255761e+01
3.238183678853594927e+01
5.051036105343716542e+01
6.331117777770559485e+01
6.132849193965168411e+01
5.337973538283474539e+01
4.864081311000285268e+01
3.975493737151627016e+01
4.734409687495446661e+01
3.158373753348445589e+01
4.730226987602384270e+01
5.435017958333713750e+01
4.777663192523122149e+01
4.852060147628016296e+01
5.364294412830453496e+01
5.633413850628869568e+01
7.893668582776317066e+01
7.511884652698573461e+01
8.381078566476229241e+01
1.005310056624368826e+02
9.953690353987120432e+01
7.381443326704624042e+01
6.682348153916741751e+01
8.433219073750244377e+01
8.585081804017407592e+01
9.099947273686834137e+01
8.981404058697791015e+01
1.126808681683481126e+02
1.148523499147523381e+02
1.226352059544727666e+02
1.116740451992660326e+02
5.800973004698789737e+01
5.194114836301016425e+01
6.297169589961860936e+01
4.859549051424109223e+01
4.738636992504508072e+01
4.501785461448665870e+01
4.690376572754842499e+01
4.444798717033689428e+01
4.642803501800015908e+01
4.741213441818187846e+01
3.673818052344663698e+01
5.709283411348558701e+01
6.407094329825655166e+01
5.091037110083502171e+01
5.315328084836165345e+01
3.386076097725999290e+01
2.982299486048042425e+01
4.344608750774060724e+01
3.983014046616843729e+01
4.106863820283448518e+01
4.146986758267664896e+01
4.857636390432463713e+01
4.506168851502309280e+01
3.962472347549609708e+01
3.858949777448118112e+01
7.426753358003533378e+01
8.694337820520537718e+01
8.286368347169255344e+01
5.746669254751169831e+01
4.496054587956110282e+01
4.923946365254261792e+01
5.586920683262473375e+01
2.459744869817430768e+01
2.755273869533745312e+01
3.201967167283105908e+01
2.654160538933084013e+01
3.093192617043483850e+01
3.570531024254698593e+01
3.801077789226045667e+01
3.062303516433381034e+01
3.650908649186050781e+01
3.479745371211173222e+01
3.617178605877565190e+01
2.285740443261250121e+01
2.402803456623702161e+01
3.185444064528451946e+01
3.185409182941574713e+01
1.953287771810066431e+01
2.660841338639879083e+01
4.074287082555915873e+01
3.832311659156383143e+01
3.937405022886245121e+01
4.215052889575693484e+01
4.375415559903462537e+01
3.990108111705484362e+01
3.439317713686399003e+01
4.986404259987919829e+01
4.036129434322175058e+01
3.427418586033443404e+01
5.993521499604449332e+01
5.307560760668133071e+01
3.215895478340834757e+01
3.133807973659966351e+01
3.667030989502853799e+01
3.041436748125520140e+01
6.900915085609791788e+01
5.011911307477072341e+01
4.836443335232514329e+01
4.305300737247878118e+01
3.544178729686110785e+01
4.212618563114462233e+01
5.608410065902599229e+01
6.648794347710688157e+01
6.317876528188408258e+01
6.683040201807318681e+01
4.742653158490005438e+01
4.739326476953243628e+01
7.113532954044592316e+01
7.929792883086605570e+01
7.613917266302063069e+01
9.276740841823182393e+01
1.077724096591377076e+02
9.896725254141148298e+01
1.045234022354036512e+02
1.155008634909597163e+02
9.366540566061451045e+01
1.182857305796390079e+02
1.163680275542556046e+02
6.365676598270720632e+01
7.188654566255367229e+01
7.196653172268685239e+01
4.705287983791541251e+01
3.645976389893183978e+01
3.683463143695081499e+01
3.670773495186048052e+01
3.936668045728990961e+01
4.247118307667946624e+01
3.667170109303735615e+01
3.428760545506392532e+01
3.458866662943186299e+01
3.233733013224387776e+01
3.843782183953740628e+01
3.253716461960146233e+01
3.007609651702775366e+01
3.675540237183822256e+01
3.477587544230400596e+01
5.105167303790558009e+01
2.385147201467336586e+01
2.867972496759155376e+01
4.246968061214322887e+01
4.674023921361890643e+01
3.550848437046849426e+01
4.039601752214596786e+01
4.989193750429166840e+01
4.705576278811457769e+01
3.224119469903484259e+01
1.871013150947361581e+01
2.815403535692373183e+01
2.525235522752335626e+01
2.886170409435670692e+01
3.391854297837667787e+01
3.326554162823149596e+01
2.771851143220253633e+01
3.821025147581311643e+01
4.695468594635154602e+01
4.327637584918087299e+01
4.143125174226538121e+01
3.580190820454103573e+01
5.236511042740917787e+01
3.767889861164160692e+01
3.270884139397136892e+01
3.381880864617916416e+01
3.627091319194249763e+01
4.438218289325511279e+01
4.545055898361769664e+01
6.751110193184766217e+01
3.762901516160708582e+01
4.759037991162279724e+01
4.746832276545865170e+01
6.894163595677152045e+01
5.448081264611129626e+01
8.911720295213535792e+01
8.358335677016685850e+01
7.870539850953910843e+01
7.942923583166880519e+01
6.978529248849667965e+01
8.413697596838981951e+01
8.747216978198250104e+01
4.626893023753025602e+01
5.356384552138068500e+01
4.406694790358380942e+01
3.376597812383810293e+01
3.326716721705582813e+01
3.279238836835291693e+01
4.201816331789914472e+01
2.682559762644415002e+01
2.701698959483312024e+01
1.978699441053159092e+01
3.796911979559189376e+01
3.833062607659752530e+01
3.834727036934682332e+01
4.365402591333763382e+01
3.470739306761309706e+01
3.042786735901680473e+01
3.290889177012643785e+01
4.628739140153449227e+01
6.435418476091116702e+01
7.035683708887007981e+01
7.341040848699582000e+01
8.426476508813746591e+01
1.096857045605197953e+02
4.837783549590796639e+01
4.644658880345323837e+01
2.773889476866173354e+01
2.938662199587978918e+01
3.430202509667822142e+01
3.445611494132398178e+01
2.987284002744087985e+01
3.738691640607154909e+01
3.741327246992265287e+01
4.349267408360899623e+01
4.420232554258005564e+01
3.204537875265861402e+01
2.301033079863612230e+01
2.711892862473617427e+01
3.010770431200229780e+01
3.814690531230800730e+01
3.713510798714974470e+01
3.539985995944026342e+01
2.961800152694808119e+01
3.396243706088998238e+01
3.067038326641734258e+01
2.528202330018516619e+01
5.194268659771214658e+01
2.225958931647771877e+01
3.040782964022724499e+01
2.289302319788430040e+01
3.496002656848750689e+01
3.967549406021175429e+01
3.034385841084360180e+01
3.754675014983176595e+01
3.736103382469594436e+01
4.170136690748195463e+01
3.073275973373829473e+01
3.827396596179332988e+01
4.060669823805278611e+01
4.056299863935062433e+01
4.697148758356360787e+01
4.770815472529997692e+01
4.075325843973828199e+01
4.538776464263833077e+01
5.298342386584862140e+01
4.131577102471685947e+01
4.214209460307458244e+01
4.397346537657445253e+01
5.436481134658217229e+01
7.268025372664345696e+01
8.101692409767650815e+01
9.546770190105875997e+01
8.630734154577385198e+01
8.374420818719497106e+01
8.580993841372942654e+01
2.649916472023077674e+01
3.345132160575490587e+01
4.599212158261740768e+01
4.389133659527236375e+01
3.899991638694704221e+01
4.638343510323624486e+01
4.803028362076773305e+01
4.996603122710951084e+01
3.926694504822489762e+01
3.469780072021016792e+01
4.510484706779515562e+01
2.874209761804236862e+01
3.034263458506075750e+01
3.556105990667153804e+01
2.995248120507212519e+01
4.740377112418100580e+01
4.000739458105243784e+01
6.213777916283668645e+01
5.221954464497213166e+01
4.506552680304364600e+01
3.387723047605233262e+01
4.806593715548877555e+01
4.720193194621177213e+01
3.056741002684457342e+01
4.293239621038971876e+01
3.159860131189693888e+01
3.938943555939869867e+01
4.822351089161062987e+01
4.850199259115031225e+01
3.971082072872374624e+01
2.982142173951827147e+01
3.591319226270253750e+01
4.287196794317608806e+01
3.992256937982129728e+01
4.308159056281296984e+01
4.252316971788042821e+01
4.476158605602985574e+01
5.278199584346317152e+01
4.527722065238605609e+01
6.865683804947227031e+01
6.339617173751572210e+01
5.267336720183284626e+01
5.991540725852028970e+01
4.507299008550486263e+01
5.947231957957968262e+01
4.928316889073281004e+01
5.256931010882109234e+01
6.910313933044486134e+01
5.242552656622174112e+01
7.038531916245280229e+01
8.394356547535136315e+01
9.379926054145292369e+01
9.227625347713592419e+01
9.735149323826172463e+01
1.021520562356632382e+02
1.014349590657939046e+02
6.352721095904511373e+01
4.687444243824463541e+01
3.959898599096400318e+01
3.550633269802665382e+01
4.905574736781507994e+01
1.830606880912046108e+01
3.026855581762937319e+01
4.069741269518186755e+01
3.004042204870378896e+01
2.123679947198506923e+01
2.828845862245909970e+01
3.383565368612801194e+01
4.507792794201434106e+01
3.951161104704095095e+01
4.403901239808619295e+01
3.264117753724443105e+01
4.467652422591656602e+01
2.545788396408902443e+01
2.257095393007952921e+01
3.386773630784858824e+01
3.336740532197858755e+01
5.042393390094374439e+01
4.286870570501813660e+01
2.731812943472450073e+01
3.108186252626261847e+01
3.145585731865462265e+01
3.971778644721183582e+01
3.584294089748893697e+01
4.743027309032023453e+01
4.090100347434457007e+01
3.984954264074135466e+01
3.680063394999416460e+01
3.318023896918794691e+01
3.221142079693758831e+01
3.938653270032418163e+01
2.905781869802516582e+01
3.003982919989175926e+01
4.080578860087410931e+01
4.170146065677596425e+01
3.355851864111141225e+01
4.526063860101962177e+01
3.661918752720554693e+01
2.193969347692611294e+01
3.281284148841400139e+01
3.729993559953645388e+01
3.920253159650511066e+01
3.998627901947585883e+01
3.886509471091542167e+01
4.584088671633673329e+01
3.808802787252885480e+01
4.664324820862701415e+01
4.163272792174639392e+01
3.339468312931520444e+01
4.734058495346684481e+01
4.760054028093069434e+01
4.884663426975989609e+01
5.862639371562544710e+01
5.065246428502258880e+01
5.795535999117236514e+01
5.059044670321528514e+01
6.405518544591433283e+01
6.370553021962958695e+01
6.559384710719137956e+01
8.906527682710022020e+01
8.757713655585541801e+01
8.200700659006820104e+01
8.064068684977635826e+01
1.054554326285497581e+02
1.096839830783678309e+02
1.048616037773807648e+02
6.252119710170114786e+01
4.231752757224679584e+01
4.033539193223005981e+01
2.315522673160410605e+01
2.338294193429150525e+01
3.218543390164742846e+01
3.596823293467330984e+01
4.076857221126537922e+01
3.661490758448132254e+01
4.248517329230662654e+01
4.600513935466040039e+01
3.037875101141185041e+01
3.563905884224578813e+01
5.019680158879926068e+01
3.356465531436627003e+01
3.999938370691580047e+01
4.676349029893814446e+01
4.921747788536987400e+01
5.010009660569937751e+01
4.338218686696259141e+01
4.728296416509616762e+01
4.321752667517732505e+01
4.998985251808170460e+01
5.057321457607921644e+01
5.777741967166677739e+01
3.638101301320433834e+01
3.876214534952949009e+01
3.507302298157409126e+01
3.382772202292110819e+01
2.753478520299426080e+01
3.996254439583498197e+01
5.416455768633610290e+01
5.359424367347017437e+01
4.309014084932297095e+01
4.045233289199956062e+01
3.281243317453053265e+01
3.498358752575555286e+01
4.594510309349603006e+01
3.936797877239415300e+01
4.394478858231013163e+01
4.742923932847938318e+01
2.721900253131379444e+01
3.103755609867436860e+01
4.344429981862269585e+01
5.820760397803541508e+01
6.183684075046096495e+01
5.646525417463183771e+01
6.652457560605549247e+01
6.277140279406652468e+01
7.250959384294441179e+01
6.697026037559697897e+01
7.050694186999616875e+01
8.319563998601705634e+01
8.336451316310373727e+01
6.530254183130507784e+01
3.530232173159030395e+01
4.972664209754353948e+01
4.460777679729174139e+01
3.262548829052995103e+01
3.498343181382816880e+01
3.951136037508551624e+01
3.949154613463370822e+01
4.443330202243185312e+01
2.769157221153990989e+01
4.163279504564127365e+01
3.005103067152042939e+01
3.103859307544259138e+01
3.047569913111111717e+01
3.141926708552528424e+01
3.589491399740313682e+01
3.288306844708272791e+01
3.535673912254232931e+01
2.867113608582032924e+01
4.861680211019942277e+01
4.507044331911974666e+01
4.834683355862646437e+01
4.252291613535876991e+01
2.954939338607174548e+01
3.343589065506659352e+01
3.189233173043864511e+01
3.110889595422776921e+01
1.948294137138723769e+01
2.343937316493233070e+01
3.572545177359951651e+01
3.099788795354573878e+01
2.952146826620444386e+01
3.513014434012075071e+01
2.527743537239487281e+01
3.406103111323991328e+01
4.360120987218346045e+01
4.159538716920891943e+01
4.159964562873425109e+01
4.492067349996613501e+01
4.441306794367977773e+01
5.346103019263774314e+01
4.615328295737215569e+01
5.809261413241985395e+01
4.704431205401436955e+01
4.978259792303872189e+01
7.368643938498637169e+01
9.504106560773811907e+01
8.228874667522822506e+01
7.645175234720875324e+01
9.720191863133926802e+01
1.245395219708265842e+02
7.575911611722978023e+01
3.838626606182055667e+01
4.899142699078865348e+01
4.325496502643377994e+01
6.223617008178715082e+01
4.090199101869976062e+01
3.657751614443688482e+01
3.452891058787477618e+01
4.392570519724229428e+01
4.471086297456984937e+01
3.168948491804813727e+01
3.387570094858143932e+01
3.511011067675185870e+01
2.719448358029186252e+01
3.346702489333701891e+01
3.696142901459251107e+01
3.478856226674575680e+01
3.048495416985401718e+01
3.507497896861269027e+01
3.256335779642854789e+01
2.718674702842389124e+01
2.197213367696236830e+01
4.606749987561651238e+01
4.345661182518476551e+01
5.689691559207437876e+01
5.568330653794918561e+01
4.734414978173158062e+01
3.567163206202229020e+01
4.445171233292967372e+01
5.462463744887786277e+01
5.551216888012096007e+01
5.566098150183820081e+01
