9.008542134312342853e+00
7.588540820076931759e+00
1.877084443029393768e+01
1.446249654960832487e+01
2.289409447203997061e+01
3.803565702868530707e+01
2.682640258013406154e+01
2.707081796308748167e+01
2.642903109226773140e+01
3.277817567173497082e+01
2.592077223591658353e+01
2.299365259043495158e+01
2.874900694221627617e+01
2.491155788104266122e+01
2.986690848140449361e+01
2.908034269842174524e+01
2.003841081341671782e+01
2.277718138373828793e+01
2.913502077502501564e+01
2.734650954047825877e+01
2.839649948853711692e+01
3.467844159966881534e+01
2.667899024199058289e+01
3.465694402128031015e+01
2.391937599172074158e+01
2.393929490562956630e+01
3.202378076438073862e+01
3.767913686972222109e+01
2.737517261854998551e+01
2.925503567817744965e+01
3.439597227836436844e+01
2.568590846770817748e+01
2.762539843683660479e+01
4.121315059210521525e+01
4.501971991439338439e+01
3.416080026351173160e+01
3.177923328172992257e+01
3.423668114696803855e+01
3.937386337469269648e+01
4.453748086997371303e+01
3.569166395086645593e+01
3.454674776665306979e+01
2.875574725918988861e+01
2.684524001561138462e+01
3.605801726424638076e+01
3.322538845378480232e+01
3.825563707232730337e+01
3.528564073349908625e+01
2.072687025052183785e+01
2.092972961699237899e+01
3.294545159953228364e+01
3.991824092852056083e+01
2.916506969929650595e+01
3.193642804235507526e+01
2.950148670651397609e+01
2.950482375617157516e+01
3.796489602446367684e+01
3.488244151492041567e+01
4.371260475557321712e+01
3.686941794761913371e+01
3.317604681934493982e+01
3.755195237984835899e+01
3.399738340578706897e+01
2.598229964961652527e+01
3.007879158659423169e+01
3.186143303067832733e+01
3.162197229214630312e+01
2.783638710953313122e+01
3.451311023811351220e+01
3.403267449906270059e+01
2.652411752289569691e+01
2.317478342194434049e+01
2.117255368850311470e+01
2.827581806138774212e+01
1.848175699927572779e+01
2.189950516780301015e+01
2.989301523575728226e+01
2.040392566646222861e+01
2.565328263324986580e+01
4.346156173827694147e+01
2.923971109564903870e+01
3.764140379013447557e+01
2.336442612180735878e+01
3.264455689445321696e+01
4.132651453801967989e+01
3.926106559482929015e+01
3.833737620350344599e+01
2.975187859913798860e+01
2.845122865090215569e+01
3.128998003101627390e+01
3.998980061873758274e+01
3.762758331063938044e+01
4.158897512745906511e+01
4.253537969662582441e+01
4.342614363800816335e+01
4.072249055370077997e+01
2.893109758818039268e+01
3.077205209830123422e+01
3.440728085220062837e+01
3.493459355853025983e+01
2.728759973868705302e+01
3.333707413617302961e+01
2.606603388527173593e+01
3.178535186745189378e+01
1.751095258581500858e+01
2.060191075558327256e+01
2.402498942773918600e+01
2.252505956679891241e+01
3.188874382948831965e+01
2.832772902248087021e+01
1.666048954743149224e+01
2.506496719518776572e+01
2.010224313730268264e+01
2.006868655228334575e+01
2.145858095256068765e+01
2.336382219413677319e+01
2.733321587072281389e+01
2.845975400903818198e+01
3.295094821985823330e+01
3.876477752949310940e+01
3.126173986872090893e+01
2.925240465929907074e+01
2.533003235478649273e+01
2.680190152617241850e+01
2.163456433616968511e+01
2.456147263280082527e+01
2.516310941523327571e+01
3.479930612165026105e+01
3.709427068308809794e+01
3.708283871890083105e+01
4.414383137097887300e+01
4.335838410173668223e+01
4.087735021044035477e+01
4.649238574043765482e+01
5.020989859947725620e+01
4.521804646834156216e+01
2.983489991332244884e+01
2.769499364895235871e+01
4.610953667402992551e+01
3.759281458285755662e+01
3.073640743933454544e+01
3.988202388084802408e+01
2.892953206586936687e+01
3.489011309591064958e+01
2.514220563886197723e+01
2.966440432354368184e+01
3.775063221128684887e+01
2.852114774544635978e+01
2.992055032440067208e+01
2.647461689323082723e+01
3.998646746896945814e+01
4.212078235951085503e+01
3.332894277320049525e+01
3.222026174139354993e+01
3.179361484969987117e+01
2.859509636331161531e+01
2.548872794492906380e+01
2.375313678919173555e+01
3.872162662377506592e+01
4.354035758650983468e+01
3.038494937025020803e+01
2.714259513346949504e+01
2.710657671411860647e+01
3.069755376398440561e+01
2.976536249026869996e+01
3.970776574705568152e+01
3.897526277081399826e+01
3.878561930673228630e+01
3.424870981810798298e+01
4.625101137300003273e+01
2.706555922332941932e+01
2.707183797124110569e+01
3.815539396587127641e+01
3.811886182492980879e+01
4.279511040496206675e+01
5.032262556439305712e+01
3.654961377785981824e+01
3.578353756100816696e+01
3.126421857546148786e+01
3.085397380587625449e+01
5.145182625285276146e+01
4.048193336644418139e+01
7.909531016997283359e+01
7.909848961616533813e+01
1.031971230891249292e+02
1.280830865303790347e+02
1.613555050729736990e+02
1.670266239995416697e+02
1.957056297434536987e+02
2.046192737244392958e+02
2.240452880133427129e+02
2.143430359024503673e+02
2.220433292534580403e+02
2.054219075461770672e+02
2.387416108230914631e+02
2.270537570161788778e+02
2.070134739008832412e+02
2.020013331070529148e+02
1.844628085006584683e+02
1.739239766393153559e+02
1.701361303754156893e+02
1.617431094004237764e+02
1.376934101799856478e+02
1.414175705365440194e+02
1.339174481707846667e+02
1.369302543766198994e+02
1.319965885192320911e+02
1.169585201992378103e+02
1.252472353612584186e+02
1.279151956380961082e+02
1.281338889646005441e+02
1.445224369708472523e+02
1.311774949950177813e+02
1.121558333072952962e+02
1.764837864080397480e+02
1.865239475639528450e+02
1.749269947792904247e+02
1.815833412306494665e+02
1.880932511522953519e+02
1.763810452965490754e+02
1.911723629859675953e+02
2.160652835447192217e+02
1.924501008506854021e+02
1.879180662404837960e+02
2.453586321376208446e+02
2.441773174546586915e+02
2.553916794002425092e+02
2.478912528342523558e+02
2.756643756920223609e+02
2.656493636370823310e+02
2.919768750300273155e+02
3.009893277463558547e+02
2.943625600182866151e+02
2.995189174537113104e+02
3.041474196159031749e+02
2.861960624019267811e+02
2.688980641009831629e+02
2.691548651867042281e+02
2.819438485685149658e+02
2.723061168727908239e+02
3.258677053843856015e+02
3.205356174302459067e+02
3.425985328521629185e+02
3.265376001341485903e+02
3.790043589787562723e+02
3.821787168692408159e+02
3.721398426435061992e+02
3.687370403270317638e+02
3.661496010045594858e+02
3.593461704963165175e+02
3.511709854158912663e+02
3.586324443660884072e+02
3.404235459902402567e+02
3.304332166877842951e+02
3.155494316817009235e+02
3.146477908224944144e+02
3.196003512555542443e+02
3.183910189104528285e+02
2.938262187298220169e+02
2.968338421605942017e+02
2.536128494270230078e+02
2.592476622467123661e+02
2.181083581710464045e+02
2.222952482771189011e+02
2.282490370464261105e+02
2.377239035471039585e+02
2.590329342982054186e+02
2.481165875480119212e+02
2.736214688709716256e+02
2.771021479446152398e+02
2.264282215687175608e+02
2.377022155440469078e+02
2.421798050216956142e+02
2.516740383926650679e+02
2.250200585744321700e+02
2.365277277900377442e+02
1.980803882269301823e+02
1.990498331098046947e+02
2.208149126444811259e+02
2.146569819758212816e+02
1.982471504081613318e+02
1.908203708053921162e+02
2.378088228644799358e+02
2.483841201298035060e+02
2.579764319765273513e+02
2.461454325155193601e+02
2.618696253684672115e+02
2.630108527591916072e+02
2.964611595303018134e+02
2.800525875985301241e+02
2.911780194044288805e+02
3.140395731129193564e+02
3.058124174919038865e+02
2.968853261748397472e+02
2.992636567975547450e+02
2.985298689704980006e+02
2.670802934813169145e+02
2.928265311668129698e+02
2.805974895940243528e+02
2.724943029508327754e+02
2.444305254957852469e+02
2.412120293513975753e+02
2.448159461482458710e+02
2.306187474327765301e+02
2.385653889864841517e+02
2.473355516987314786e+02
2.361877688912693714e+02
2.215546297093754617e+02
2.592677923453634321e+02
2.395332435016646002e+02
2.618115220322198411e+02
2.542574068093211963e+02
2.351678250082917998e+02
2.422939622921503826e+02
2.402993323311139306e+02
2.357054256470860878e+02
2.444977867553990336e+02
2.283006834660210700e+02
2.350830376014085061e+02
2.367573979504668387e+02
2.262420422556782000e+02
2.164677599558046097e+02
2.026275868139199190e+02
1.913514583859308686e+02
1.776649305299263517e+02
1.628996118912961890e+02
1.731735832008811826e+02
1.668546724234005296e+02
1.828311875638867718e+02
1.889474463197656178e+02
1.914304868102415753e+02
1.956696961931702106e+02
1.939532983762092613e+02
1.976172308853671211e+02
1.998147618547340585e+02
2.022830023851171006e+02
1.876873819397408170e+02
1.997249717484571363e+02
2.237459294872046200e+02
2.491175392256039345e+02
2.100259992063280663e+02
2.215638790725142826e+02
2.311487461820346425e+02
2.583984673196442827e+02
2.523409569729229247e+02
2.597710194066671079e+02
2.598786850018535119e+02
2.558199096576049385e+02
2.459464084092870166e+02
2.641465137335994768e+02
2.586553872857773513e+02
2.625044316100359652e+02
2.742582550740395959e+02
2.714716122166365722e+02
2.528136167408289054e+02
2.820938594980132734e+02
2.557630940273441240e+02
2.618848535524303429e+02
2.548111295197757613e+02
2.662780085322181094e+02
2.475423413708767555e+02
2.467192806197259358e+02
2.233093881274321291e+02
2.342202653259635383e+02
2.311527257262515604e+02
2.449422140051804320e+02
2.430400721336844754e+02
2.470614473221792196e+02
2.118713726215777058e+02
2.038791298862944643e+02
1.843308873406914472e+02
1.818023188481143109e+02
1.860399133734269981e+02
1.658035566297057528e+02
1.417371995504332745e+02
1.330407062871790913e+02
1.244043365019095404e+02
1.251812616613811997e+02
1.049458269276282607e+02
1.075752037654071529e+02
1.120016776713680571e+02
1.086632151702451097e+02
1.138713979491669335e+02
1.014594449093574298e+02
1.176744826316481038e+02
1.218598635036870803e+02
8.014233292284345112e+01
7.986402534985991508e+01
5.309323357689618206e+01
6.154160638214428758e+01
1.116667529395164848e+02
1.144336573994988697e+02
1.334621943591466504e+02
1.516630456017962558e+02
1.852926898438800549e+02
1.888928473024184314e+02
2.142504329297619279e+02
2.156161057209582452e+02
2.716310752002065101e+02
2.551371645232551089e+02
3.030468311165677733e+02
3.197837360930853947e+02
3.361893755648933961e+02
3.328554346109033872e+02
3.648387745705092584e+02
3.656260534088723375e+02
3.641470818549070714e+02
3.554979327074009916e+02
3.621439183415415641e+02
3.594789150235304191e+02
3.347093843002011226e+02
3.478404766164559874e+02
2.994605962503519550e+02
2.811950778425314752e+02
2.549547587164572349e+02
2.663501177621082547e+02
2.298313334653803395e+02
2.100145628461548881e+02
2.078071550384828470e+02
2.140788997341221034e+02
2.213145779388371750e+02
2.038250702182296266e+02
2.346556145853486726e+02
2.367441433400177004e+02
2.063457484368625501e+02
2.102314821041337609e+02
1.766903920093897113e+02
1.682020944006989964e+02
2.185224712473736020e+02
2.211753155697701345e+02
2.047247059515130729e+02
2.045812964260317415e+02
2.208621967801340986e+02
2.348990141766822148e+02
2.344121659389395234e+02
2.325384462102135217e+02
3.157344328047107069e+02
3.160860646577494890e+02
3.476830711025534129e+02
3.328694114866274845e+02
2.994766584989314993e+02
2.887905765659646704e+02
3.415368495911397986e+02
3.084296260013965707e+02
2.969802299937093153e+02
3.058536008836909446e+02
2.953573922546484027e+02
2.917638539697700821e+02
2.478212416357083612e+02
2.587635693233164602e+02
2.356311663971198129e+02
2.344521295837324999e+02
2.158851108985140286e+02
2.242415470004750944e+02
1.983228358784540717e+02
2.142626681989529516e+02
1.809589491569761606e+02
1.980519270617578798e+02
1.912508615663478793e+02
2.028599670297192858e+02
2.066135434561706745e+02
2.084844952727439136e+02
2.194166674684811369e+02
2.181550751231131358e+02
2.035756806343371466e+02
2.106599454525102715e+02
1.775945158665469705e+02
1.951873561923007401e+02
1.690791989915608440e+02
1.687029141256423372e+02
2.163948055179610321e+02
2.071846543490246404e+02
2.106201139455164082e+02
2.294901789410509139e+02
2.458676609863415479e+02
2.368034651508702098e+02
2.364598381105546139e+02
2.366565869411978724e+02
2.420477238704575598e+02
2.378337453980621774e+02
2.354084823360526855e+02
2.319751613087909732e+02
2.259246263217102637e+02
2.268702890525774762e+02
2.239408207135669215e+02
2.365901353019143869e+02
2.283432219295613095e+02
2.264373236510168965e+02
2.195051083137542207e+02
2.290769164610015878e+02
2.208995011111880160e+02
2.191421154870858459e+02
2.597655917508254220e+02
2.510493415227505807e+02
2.696321681690543528e+02
2.795247262385988734e+02
2.577208844210861685e+02
2.749064578707177020e+02
2.616766207635873229e+02
2.527908506077881441e+02
2.405919641789323862e+02
2.566556281050071107e+02
2.358963229866666325e+02
2.569600830162757461e+02
2.345222027944545573e+02
2.332463887852318294e+02
2.215041363374071750e+02
2.224316859409456981e+02
2.355933853791011927e+02
2.364752822187613788e+02
2.375207851312204923e+02
2.587354800061015112e+02
2.445925211028570914e+02
2.514664623430434744e+02
2.479181384070914476e+02
2.325532176878976429e+02
2.564881845617824183e+02
2.453376856548498495e+02
2.685124482332916500e+02
2.437307894733512512e+02
2.542253415076944805e+02
2.639592631277781720e+02
2.702879489869799841e+02
2.445452437088582940e+02
2.318785086392353492e+02
2.348611824310505654e+02
2.204841546298320338e+02
2.194883180983842692e+02
2.198046716049636586e+02
2.151721639613404591e+02
1.901670231708930316e+02
1.866999546753335153e+02
1.743092767525763236e+02
1.773657345966739172e+02
1.617919682596938742e+02
1.748254768952508300e+02
1.542863155726973901e+02
1.630957381698953839e+02
1.642466123845067614e+02
1.598981279435419651e+02
1.390208257790596917e+02
1.588720146048350443e+02
1.737916496466125693e+02
1.752735958664777343e+02
1.903914122066967423e+02
1.881304364519224350e+02
2.135993801072950760e+02
2.093137525616218113e+02
2.214437350325751197e+02
2.171730467771669453e+02
2.173923212230605770e+02
2.030818413691579565e+02
2.351992679278733647e+02
2.173366827690901459e+02
2.141473338335563597e+02
2.116848543119934050e+02
2.130631144750464898e+02
2.051108594548100541e+02
1.818746374818357197e+02
1.900353844776346648e+02
2.018019254021475319e+02
1.951448675107572797e+02
1.724577448849199186e+02
1.619803823202832689e+02
1.695190799023764896e+02
1.573554686149237227e+02
1.723876860476017328e+02
1.749129223505206880e+02
2.028336964841427061e+02
1.931148643812218779e+02
1.947015740385164690e+02
1.909061361743746943e+02
2.118092354101922297e+02
1.938811171176678272e+02
2.117401579336370219e+02
2.024131229279980744e+02
2.255332179783628419e+02
2.091687253828091002e+02
1.798818675642272069e+02
1.755276716151560095e+02
1.798267697435751131e+02
1.749432614528549266e+02
1.469780357875410459e+02
1.581780799360892047e+02
1.188302000026415612e+02
1.165702166854269848e+02
1.420262241697896286e+02
1.562800806477226558e+02
1.460839001995826436e+02
1.692202927829350187e+02
1.598075665522283089e+02
1.661953606535955146e+02
1.744535048083212985e+02
1.901971409957761523e+02
2.294548997922850049e+02
2.340544334933346704e+02
2.270493126770077197e+02
2.262130723764025220e+02
2.415681818704558168e+02
2.466476389750921214e+02
2.024343093316846307e+02
2.133652860175587591e+02
2.021199263503106067e+02
2.076736924330793386e+02
2.064037832640962051e+02
1.953539449028828017e+02
1.783052008374941408e+02
1.748439600046180828e+02
2.195010089473394146e+02
1.928915041900465326e+02
2.158732430581850963e+02
2.162873873087103789e+02
2.238618520836015762e+02
2.295824426166281000e+02
2.007069840256311295e+02
1.966143012572829321e+02
1.912233446584113210e+02
1.805322720307507325e+02
1.872666453780953759e+02
1.970225686646302563e+02
1.741539133605463121e+02
1.674725580094196005e+02
1.708005433313642811e+02
1.765207291436256867e+02
1.687860847511804820e+02
1.731243750825250629e+02
1.352267653605411226e+02
1.337881994558002816e+02
1.688596801763958410e+02
1.626564485794947643e+02
1.695807086675272046e+02
1.659153787596503662e+02
1.811991014686556127e+02
1.836430239822471719e+02
2.128644544657058475e+02
2.123276540976483204e+02
2.164514733185835382e+02
2.203101056732979259e+02
2.045788995686034752e+02
1.977108895703732685e+02
2.158557615583408165e+02
2.098135019677593789e+02
1.961623386050335682e+02
2.023632309736076138e+02
1.305516620451680012e+02
1.396971891673281903e+02
1.592534122691843379e+02
1.716861778429064884e+02
1.418101274001378727e+02
1.587069269267616392e+02
1.885174417222662839e+02
2.010758190389986169e+02
2.176467284405818816e+02
2.468494455599378341e+02
2.132228744244434893e+02
2.288025252618841421e+02
2.725508592848460125e+02
2.892593242723248750e+02
2.985846712761752428e+02
3.078806355599297717e+02
3.341624160293061436e+02
3.336515646469041485e+02
3.410161479068109998e+02
3.549778252264449065e+02
2.788988015156824645e+02
2.588043242316242640e+02
2.848034506649401010e+02
2.854460595257594377e+02
2.540300933603324722e+02
2.599012254079372610e+02
2.235706349016775505e+02
2.044323019483527446e+02
1.979064517063510777e+02
1.891809391318013240e+02
2.121401902421519878e+02
1.995039703988787210e+02
2.125142593032446996e+02
2.082901698300950954e+02
2.008182386932917325e+02
2.019005373389265117e+02
2.322421251939421722e+02
2.117356612155850257e+02
2.316438642055930188e+02
2.174200800468394448e+02
2.139654331724684084e+02
2.164039563165794107e+02
2.237273122910877987e+02
2.253876639070939802e+02
1.390015886962074774e+02
1.605668286467653161e+02
1.589525646772968059e+02
1.528206249690429388e+02
1.388500994300378863e+02
1.321626683733091170e+02
1.498568395525473989e+02
1.499863444998719046e+02
1.513190631766989043e+02
1.551669725258431356e+02
1.420146216330844027e+02
1.483218786975229477e+02
1.282030989569986161e+02
1.329396091741134569e+02
1.080264955341701381e+02
1.130814892291803915e+02
1.104151962318575073e+02
1.008460833115146471e+02
1.189764630239978231e+02
1.350836628255623282e+02
9.853859140794455129e+01
1.112588627277196309e+02
1.049311478817091512e+02
1.061425206317414052e+02
1.288699695033600392e+02
1.152629583266464834e+02
1.473731105740021690e+02
1.519957954248068859e+02
1.538792839748286667e+02
1.569483473316057882e+02
1.436551410215674025e+02
1.353305183187918317e+02
1.755268076917488997e+02
1.870739767234896362e+02
1.775910347524790893e+02
1.593054775876558722e+02
1.285778671572139160e+02
1.364581884506941947e+02
1.176968317649161548e+02
1.062466542427672493e+02
1.365914686750244300e+02
1.404641643010312748e+02
1.333872206658820971e+02
1.360982788121239082e+02
1.336482488036137966e+02
1.436275699502503187e+02
1.647230888050317787e+02
1.665331094670084724e+02
1.926919997638918858e+02
2.072457333623435716e+02
2.005317526184042549e+02
1.990373508636828319e+02
2.099818639601372183e+02
2.195807083486432418e+02
2.020584175907177666e+02
2.127715961469644128e+02
1.822877664267623175e+02
1.907994681557682100e+02
1.869264886672743557e+02
1.973626322083395053e+02
1.949458773772469726e+02
1.991285750490627890e+02
2.124713230683645691e+02
2.097835774551003567e+02
1.896663535344438003e+02
1.882906711755800018e+02
1.399090356458874851e+02
1.292578734760311931e+02
1.188332358057189282e+02
1.341371929407894754e+02
1.477527668812059858e+02
1.449876943445009090e+02
1.446051072963827835e+02
1.444830816426214142e+02
1.768447075299714584e+02
1.839473799385621646e+02
1.468639084652112388e+02
1.376870172275470168e+02
1.455548612306081111e+02
1.551302411965296244e+02
1.612769101212610963e+02
1.688369919340999559e+02
1.565352570370451701e+02
1.762365654793939598e+02
1.827481282752388552e+02
1.798766913883656571e+02
1.758498092688283236e+02
1.754404832472014846e+02
1.753490868375491516e+02
1.776312276735951343e+02
1.745679797941252787e+02
1.849622756330900586e+02
2.176694920658218564e+02
2.048622884073382693e+02
1.814906752234062139e+02
1.956507530741474170e+02
1.574510308508059779e+02
1.580749904660673621e+02
1.514421628114379246e+02
1.523747225914983687e+02
1.668431338347065775e+02
1.662624086230012210e+02
1.607486989239257866e+02
1.603447556807642513e+02
1.467398879137199117e+02
1.434647514556367014e+02
1.284412192183116872e+02
1.383746736462610727e+02
1.216802275571393608e+02
1.182882024291576499e+02
1.149421493480579244e+02
1.063757395459942785e+02
1.062406522220432805e+02
1.023988944687461924e+02
1.224497142729140222e+02
1.175611302330449774e+02
1.189987087128003083e+02
1.151066893712907273e+02
1.351474738625958594e+02
1.336549899369915977e+02
1.408784095406719530e+02
1.422392782336775667e+02
1.299332803765315418e+02
1.086223274560224894e+02
1.164391552335805216e+02
1.202113918706518803e+02
1.058371908099694849e+02
1.023768089748815413e+02
1.128716630692903351e+02
1.204178013097980937e+02
1.185746761864939600e+02
1.202768602634192945e+02
1.282411020325197910e+02
1.219252698317954611e+02
1.401236336238100364e+02
1.270835717248312022e+02
1.311407294207930363e+02
1.247652295097435342e+02
1.377864221593794980e+02
1.615573849394401407e+02
1.601352856332282215e+02
1.759808429836368191e+02
1.396827108821549928e+02
1.557829420247560961e+02
1.867533888024633768e+02
1.767390878574931037e+02
2.111411968852874566e+02
2.273183636495346605e+02
2.470757107781996069e+02
2.275523840427890434e+02
2.716688397451912351e+02
2.777164365403220927e+02
2.806891721707104352e+02
2.801291067107999879e+02
3.013634084043835628e+02
2.922760081353430905e+02
2.865155500519433076e+02
2.917773711183077125e+02
3.009299871955585672e+02
2.941939452022875798e+02
2.504262260194076646e+02
2.512980547174307162e+02
2.480779649992277029e+02
2.399936540145496906e+02
1.855047045647054915e+02
1.786498590006832501e+02
1.981413445916660123e+02
2.034812415927420943e+02
1.852805086067492368e+02
1.920444486649464295e+02
1.897556427663792249e+02
2.029553346611193376e+02
2.028551383546423210e+02
2.361819355067291042e+02
2.446483768526103120e+02
2.366925579978213818e+02
2.799606727516149931e+02
2.595886461048744991e+02
2.769625925897616412e+02
2.871328128041295713e+02
2.931385193957968909e+02
3.008178031499879808e+02
2.978550221179775690e+02
3.035598621699212458e+02
2.969277671647426473e+02
3.042979682711691112e+02
2.840868140892941369e+02
2.821312880158620260e+02
3.007141472536564493e+02
2.963413421749723966e+02
2.535824096616132692e+02
2.544854918020944297e+02
2.362216952698377668e+02
2.373983832524948525e+02
2.720824592702454652e+02
2.533074328511733313e+02
2.552612410119664901e+02
2.609482181144953188e+02
2.649098996081847304e+02
2.599735139110863429e+02
2.435056627103473943e+02
2.433453340151391728e+02
2.454308024283000975e+02
2.357202310687259796e+02
2.837884622805551658e+02
2.847122793409817518e+02
2.850024500211105760e+02
2.554411605461931174e+02
2.855566018735140119e+02
2.914308775688441528e+02
2.995667318110573092e+02
2.849196013156821436e+02
3.026908938879069524e+02
2.927205119821804828e+02
2.907268108705506506e+02
3.006169022112239304e+02
2.620366048561284060e+02
2.526314049325385440e+02
2.681823289179214385e+02
2.457099663493614798e+02
2.742857186179637097e+02
2.400118220665782474e+02
2.627291895597653593e+02
2.768718035888418854e+02
2.597454431424636141e+02
2.588323998893094426e+02
2.688102152915649867e+02
2.565023319118682821e+02
2.436231470455097678e+02
2.637989553578256050e+02
2.575917532069070717e+02
2.481898118817749719e+02
2.548225021442394223e+02
2.364586774230484707e+02
2.516475837175050003e+02
2.453919401061469898e+02
2.597846345334423859e+02
2.635639712450662273e+02
2.487675106961814322e+02
2.551974971334359736e+02
3.010630031122077526e+02
2.945656023845070877e+02
2.904118443037741031e+02
2.975401731007204944e+02
3.234391524478404563e+02
3.168015251691685421e+02
2.850410202007438443e+02
2.957853622339431467e+02
2.998993611354298423e+02
3.023997322073412874e+02
2.761059552522730201e+02
2.823418836820486035e+02
2.609303705641007696e+02
2.737371977454890839e+02
2.707832494331649400e+02
2.717195115865816319e+02
2.724013625485026751e+02
2.707428754525403747e+02
2.861998674777193514e+02
2.944210461607818274e+02
3.266038060525918922e+02
3.183482523313797401e+02
3.318861638475614200e+02
3.372700137904569715e+02
3.745471566494357489e+02
3.722731935979687705e+02
3.409359705253003199e+02
3.567154889929065575e+02
3.430676650714064522e+02
3.122563023118417505e+02
2.966811821231291901e+02
2.915515639812906556e+02
