3.832815290024764732e-01
3.406567345952957182e-01
7.500887206335404844e-01
7.312761916592950273e-01
8.658607802823047317e-01
9.143012081047798834e-01
8.810917597133414159e-01
6.741635831168871773e-01
8.946911124230667589e-01
1.276823963039262599e+00
1.200712615908458014e+00
1.149545179888470159e+00
1.021884258663406264e+00
1.448536600984627221e+00
1.514189737645721179e+00
1.152627985802584965e+00
1.350455981194445876e+00
8.311879543205072940e-01
1.099456670236795386e+00
8.307049916083408814e-01
1.171974501600236751e+00
1.215755794540364754e+00
1.432066053840603592e+00
1.282660318241949593e+00
8.660757628387297791e-01
1.282628753495357987e+00
9.682545230588965879e-01
1.312800480649272128e+00
1.635420133058212544e+00
1.058587871724380625e+00
1.336290900839796070e+00
1.029408615614376465e+00
1.019573698404801387e+00
8.620115722326097130e-01
1.746679858187514922e+00
1.470591163722599681e+00
1.141555154623412616e+00
1.313785484123759950e+00
2.059729161029854705e+00
1.358240332009647666e+00
1.040894659671822264e+00
8.665834891774020221e-01
7.226012507346772917e-01
7.069453112440062803e-01
9.407117650682804699e-01
1.330234760003578209e+00
1.375896283134053988e+00
1.104212730475455650e+00
1.533076868621641164e+00
1.638327152125676589e+00
1.243560080161173476e+00
9.996060664564951903e-01
2.042714555378180918e+00
2.072181972591407018e+00
1.034947351675553850e+00
9.993179571838788355e-01
1.291330177213249275e+00
1.621273593561746162e+00
9.366416909121990653e-01
1.197799706918925899e+00
9.803138544873102322e-01
7.985678712372716870e-01
1.109624372812221260e+00
1.126410676675083877e+00
1.203917957727273613e+00
1.256363424051358146e+00
1.150587601733533694e+00
1.279160268887704621e+00
1.487599679295533717e+00
1.206665616232253546e+00
6.216133642877290644e-01
1.365144842310593187e+00
1.894039615075016503e+00
1.528968517878448674e+00
1.250317746591413925e+00
9.529382774474667306e-01
1.303086116314424503e+00
1.317723781785182124e+00
1.675291135356587802e+00
1.819068712071189697e+00
1.367785325802582719e+00
1.073078452010498118e+00
1.163855300500942214e+00
9.591070453593996126e-01
1.295558060711351267e+00
1.048379874422156632e+00
1.173547311434849139e+00
7.489416087327555038e-01
1.368714617057732674e+00
1.331087509347429254e+00
6.479833097705149925e-01
1.010776830687347472e+00
8.098223008689244828e-01
7.950386540826347437e-01
1.011538614601317221e+00
1.046289679753517499e+00
8.683531170684091194e-01
8.030637292633759916e-01
8.126252851985380499e-01
9.877576302711964518e-01
8.349941944379206671e-01
1.016356175971273812e+00
9.049571171438060002e-01
1.142329621230254499e+00
6.307485636963843234e-01
8.265211689267033535e-01
1.431253411086892413e+00
1.492366691123581335e+00
1.016753019566366323e+00
1.190553962243731334e+00
1.063279488467084644e+00
1.155301123354056880e+00
1.205755767553519764e+00
1.491638179195797553e+00
1.205895148349521939e+00
9.956162198417456421e-01
8.182550615654139436e-01
8.771462739100002182e-01
9.864714478217824212e-01
1.335482121047308013e+00
9.219459285102307167e-01
1.183236933979332051e+00
8.612847494833818507e-01
9.523644144497520614e-01
1.170218914282290967e+00
1.204215922486729262e+00
9.611929125725306999e-01
9.741837170694318537e-01
1.571093668854246950e+00
1.732650567230467065e+00
8.160751420897580655e-01
1.033593347191442025e+00
1.077994636259391736e+00
1.094435667479590979e+00
1.410779676114128245e+00
1.140303398991041162e+00
1.488386746077895229e+00
1.555288216259048450e+00
1.101364295250342851e+00
1.090415685120468936e+00
9.872206984835777410e-01
7.209554949614727093e-01
1.161622795208264947e+00
1.236573841609394098e+00
1.797655500374976345e+00
1.493385023595209748e+00
1.118474721925361681e+00
1.109400738417619436e+00
1.217900600898493835e+00
1.257176703923544636e+00
7.741352006621140536e-01
6.164490768275828758e-01
1.031833064443222092e+00
1.737140396046425783e+00
1.155855665328384685e+00
9.754486169572068599e-01
1.448405645403673558e+00
1.583582250634626876e+00
1.030716567159949859e+00
9.130462619220044429e-01
1.420331890370595262e+00
2.157132798440981158e+00
9.595233695275178221e-01
8.127359808872089975e-01
1.323767863622481666e+00
1.751388165518795947e+00
1.307819850779520454e+00
1.784535728588891867e+00
1.714797373468460950e+00
1.876344862386152723e+00
2.157860899872755311e+00
1.880393900478942282e+00
1.649406656761731815e+00
1.595494192549208323e+00
1.938464505451522601e+00
1.512746838597008203e+00
1.206721952961952615e+00
1.574055301876066348e+00
1.219234711308325947e+00
1.563350110946123639e+00
1.190452304505664305e+00
1.485256420900662677e+00
1.137562349983880949e+00
1.062842953355411346e+00
1.847468243464406301e+00
1.649174282958250304e+00
1.493463966456511027e+00
1.554181373344863726e+00
2.980747559485851017e+00
1.845231418093329356e+00
1.337557594764183122e+00
1.398050025236178051e+00
2.432693880942514042e+00
1.768305699194719249e+00
1.565574387491441843e+00
1.550497797243422626e+00
2.162357244582462812e+00
1.439854327453730765e+00
2.220694509418973617e+00
1.198162642241041853e+00
1.610015567438186412e+00
1.367881960952070042e+00
1.020651614972575061e+00
1.708482266752252343e+00
1.174669670892003026e+00
1.295258375987710320e+00
1.251255673624570353e+00
1.669620259214849689e+00
1.521057829132794970e+00
1.698379779026449654e+00
1.230861989483781116e+00
9.441884593443121698e-01
1.121757473694101614e+00
1.387407257779529113e+00
1.554876252238340140e+00
1.234848527932348006e+00
1.081914296100950690e+00
1.581689829511636169e+00
1.455476423316196311e+00
1.602563521885509656e+00
2.072131393574992320e+00
1.815386884441617887e+00
1.743664497429712856e+00
1.688812249741706850e+00
1.975221440360689362e+00
1.466724923584307394e+00
1.350677501817752368e+00
2.218674479609433092e+00
1.697196442601885513e+00
1.068642387577719344e+00
7.213361866238404696e-01
1.731605918649324449e+00
1.433134358108083095e+00
1.519483125115796307e+00
1.404828015748322390e+00
1.251868045250251527e+00
1.507249051236858595e+00
1.781495334673867559e+00
1.443597354977334435e+00
1.745426170455828707e+00
1.951972417771508983e+00
1.758538839555472633e+00
1.900095179607710794e+00
1.936915401267715664e+00
2.003991393201818294e+00
1.545869835728399755e+00
1.397051886990726910e+00
1.131410923673141777e+00
2.129047529684960693e+00
1.522624657712828178e+00
1.408750410816015597e+00
1.607411976612231008e+00
1.336432025844983107e+00
2.057124630639042273e+00
1.302506278053141342e+00
1.055529474503775322e+00
1.638654428066645075e+00
1.737506167085001829e+00
1.672418527444700764e+00
1.337698294667537979e+00
2.010265855569085769e+00
1.724199794348383552e+00
1.204514825480064388e+00
1.254893931526034567e+00
1.230067479389592933e+00
1.295231310437848338e+00
1.863700763658884041e+00
1.763662028113722080e+00
1.686470200429596389e+00
1.990306454083980103e+00
1.035677012837494138e+00
1.249024116177127608e+00
1.367420366727130965e+00
1.811296418904695393e+00
2.280769401533266461e+00
1.511629485678437135e+00
1.981264370596771407e+00
1.122576290891380113e+00
1.898577518010365228e+00
1.716188161843739568e+00
2.006545829359309696e+00
1.459370583284400169e+00
1.901812113310496599e+00
1.843674645300718229e+00
1.228629415335011910e+00
1.101410223276203748e+00
1.467168668718999314e+00
1.484865323234006773e+00
1.437078121003764419e+00
1.284932997721045300e+00
2.213981638065520396e+00
2.450250560902166974e+00
1.929983947027968938e+00
1.676832193427234330e+00
1.802096996631745496e+00
1.499847120386033961e+00
1.122387733860802150e+00
1.436106007782104843e+00
1.101652932436120169e+00
1.431946678321007971e+00
1.660908598402930814e+00
1.790014965658382806e+00
1.936068361858088505e+00
1.688798748122147142e+00
1.860875871988207031e+00
1.457238507989586207e+00
1.700103471580755699e+00
1.741904800310105195e+00
1.598878363756419674e+00
1.562089046767772604e+00
1.314850850143515437e+00
1.376772517105339322e+00
1.388749413382058817e+00
1.499192769002098302e+00
1.076426499285483063e+00
1.282432864912677273e+00
1.700193200752603273e+00
2.368695684144880964e+00
1.631365571286017779e+00
1.686517695247670812e+00
1.764152716082210803e+00
2.048054286536349800e+00
1.494766466346292066e+00
1.586970903810765332e+00
1.437504424564587824e+00
2.232057926309207740e+00
1.557825735012078550e+00
1.019556983461897381e+00
1.394167275130567596e+00
1.438339383439600327e+00
1.748828169767259855e+00
1.364794161390055383e+00
1.115765150766225400e+00
1.451896423501923827e+00
2.170596361537714181e+00
1.663008728185527918e+00
1.255220913693588569e+00
1.300948423311563573e+00
2.282116835506282193e+00
1.171759383429132440e+00
1.716055366232413615e+00
2.104442524310353502e+00
2.296077797316118385e+00
1.940429645505276746e+00
2.046380716183545889e+00
3.121859412693863689e+00
1.867026443356745613e+00
1.979337093708805284e+00
2.404447645206953865e+00
2.462034316582152993e+00
2.057818078832151620e+00
2.111354664878571707e+00
1.736999071301021047e+00
1.781593181562270978e+00
1.978098650609396270e+00
2.061727064731738057e+00
1.787895644397808459e+00
1.161527666281898741e+00
1.503393557468523545e+00
1.786129262896720693e+00
1.785863175168123096e+00
1.665911060976845715e+00
1.602786167814521434e+00
1.396922745873854677e+00
1.676473813230996424e+00
1.119876261738857570e+00
1.304498848375908349e+00
1.452152670119919442e+00
1.265818624583077812e+00
1.658569510681556558e+00
1.371378649343808487e+00
1.824991907350815179e+00
8.178823704646935866e-01
1.405538345597786343e+00
1.000056563204493321e+00
9.624363001150975094e-01
2.195501566797175563e+00
2.014307871849412734e+00
1.897833614446851058e+00
1.324009973799651352e+00
2.208486965360943799e+00
1.717400637062320268e+00
2.388586966467912909e+00
2.359107070637180836e+00
1.866785496964580293e+00
1.094918323205491761e+00
1.555388961908405809e+00
1.680409869894233355e+00
1.217446654250009530e+00
1.194362416406058003e+00
1.743469529090846626e+00
1.412707758508839673e+00
1.709570857262276977e+00
1.907681702302834736e+00
2.046167088498118680e+00
1.972301308834302436e+00
1.520086379295262580e+00
1.859374737882533823e+00
1.187734587429979616e+00
1.176400767793399638e+00
1.570943229676935005e+00
1.932529791018181786e+00
2.176554945654218365e+00
2.307756677394788181e+00
1.305906996554895727e+00
1.537055778044784660e+00
1.875762897660301132e+00
1.358602372282054382e+00
2.487731200485405303e+00
1.105611688985995711e+00
2.042833939664704168e+00
1.508423814694732634e+00
1.361789175589148249e+00
1.543561346957430747e+00
1.130811333466763546e+00
1.294499754953247095e+00
1.910375282358783178e+00
2.229613143811256304e+00
1.622616188068080056e+00
1.391377202715281758e+00
1.216966234779886191e+00
1.744997102906701958e+00
1.103807369348509315e+00
9.527540427170925197e-01
1.193880619390498943e+00
1.838700350812337403e+00
1.767867427664419067e+00
1.333562162784368565e+00
1.450722690193006592e+00
1.526268903012493627e+00
1.849889745128508789e+00
1.393400980333800110e+00
1.735477575687572216e+00
1.493376971866793745e+00
1.396391608840255483e+00
1.622899019130554787e+00
8.680680717975139959e-01
1.537182219688145279e+00
1.912363922978734809e+00
1.906540833769997167e+00
1.796961576817729167e+00
1.511426599482745159e+00
2.591773943702938787e+00
2.256523055522478671e+00
1.865146095735058962e+00
1.802396198994371312e+00
1.675908013299702404e+00
1.396083765193825821e+00
1.574615023911616563e+00
2.170029842331959724e+00
1.851951605251322741e+00
1.434580649789382711e+00
1.578606425338962893e+00
1.377828430254030234e+00
1.146953993870430288e+00
1.670317131763663365e+00
1.894235451377737967e+00
2.336426287194932172e+00
1.139640544140010814e+00
1.276424798225126445e+00
9.960410507161872040e-01
1.350932591214085488e+00
1.233368686335231779e+00
1.228579219527747179e+00
1.669640740992400119e+00
2.329506694272668987e+00
1.612899265006121352e+00
1.570686212145021354e+00
1.966148141099036906e+00
1.758848332541969484e+00
2.198562356974061771e+00
1.870531533208850128e+00
1.695981022046181508e+00
1.448938721283518749e+00
2.317038534965152774e+00
1.337236826456182026e+00
1.225373410909493588e+00
1.597333912555836122e+00
1.367171769470298059e+00
1.814971295331446077e+00
1.153103015569557410e+00
1.281768034755788488e+00
1.720152952084338605e+00
2.035387670166516116e+00
1.394115315379244713e+00
2.024035323154263821e+00
2.147587441508529427e+00
1.652054548030202685e+00
1.678643555972949120e+00
1.997336554849060253e+00
1.807863536059549192e+00
1.807015877517994973e+00
1.680462922757921529e+00
1.617492958565371897e+00
2.513736481163440395e+00
1.092149083055721004e+00
1.686055766607892803e+00
1.570619892080344693e+00
1.970377429744974318e+00
1.583773165947975681e+00
1.622370478600501986e+00
1.612484491331254155e+00
1.407686965544622693e+00
1.484519492792299333e+00
2.571316174521038000e+00
1.871474338157820272e+00
1.191476399911760797e+00
1.422209733139553123e+00
1.584775637037499907e+00
2.129884295795162252e+00
1.208305776375447227e+00
1.061389480072397973e+00
1.423674035658085479e+00
1.467652338942821988e+00
1.250861496157294805e+00
1.101582855343715250e+00
1.466664018247184398e+00
1.416390543946584257e+00
1.179170498895852459e+00
1.529009336545811726e+00
1.446793037137319216e+00
1.626318844746893255e+00
1.632791057683248503e+00
2.381226629439563425e+00
2.038830119743680669e+00
1.473764472211499088e+00
1.800943057118482127e+00
1.429426690082049145e+00
1.789468524101831326e+00
1.985704052255145236e+00
1.731834289032238239e+00
2.150792391167295037e+00
1.655872141269818965e+00
1.740055348271169589e+00
1.291208339127837945e+00
1.609034236722463929e+00
1.486792630538465332e+00
2.152384968649682762e+00
1.700840996336729471e+00
1.645069113014939521e+00
1.716886646174419440e+00
1.281553226173873128e+00
2.299126232415988902e+00
1.610856084892807072e+00
1.548239098275382641e+00
2.086397814427623842e+00
1.586320975070289574e+00
1.987975559372764600e+00
1.575606638120397029e+00
1.712322174388105855e+00
1.774540769747477764e+00
1.697026768328640856e+00
1.415039310672161044e+00
1.687204496910788887e+00
1.740111357641875411e+00
1.139199045802548493e+00
1.181816445412868566e+00
9.992371888072069108e-01
1.044015287092411315e+00
1.267319817666855641e+00
1.712059213167734129e+00
1.770326138220890577e+00
1.468656229007113234e+00
1.874747638689125306e+00
1.555729685887344615e+00
1.131268177695393895e+00
9.404102290041862489e-01
1.999452329409459495e+00
1.487001900000491705e+00
1.300425467321258743e+00
2.233391804129701619e+00
1.775857412295553273e+00
1.974876042644681196e+00
1.611770560204710989e+00
1.481143535677030609e+00
1.376939831816885729e+00
1.245139513053989733e+00
1.317685310613664340e+00
1.326275626739017888e+00
1.636507663653721689e+00
1.319384631479534553e+00
1.698050490933140644e+00
2.173409961033790694e+00
2.030517360268424998e+00
1.726425333643928139e+00
1.702588735856209734e+00
1.148237178823634297e+00
1.044240031758679077e+00
1.099425383493132014e+00
1.118530671149192690e+00
1.396125549843269420e+00
1.256061422426419050e+00
9.418899047359976517e-01
1.140671865285467490e+00
2.372955717865719016e+00
1.862644906717981108e+00
2.231195026459923181e+00
1.510498130165487396e+00
1.249315624458527729e+00
1.028984622230839419e+00
1.315645180092177569e+00
1.550892866774122636e+00
2.193618100417154881e+00
1.943382485207425070e+00
9.029294416951207936e-01
1.170015393554464600e+00
1.854095919554134220e+00
9.459778606597724071e-01
1.022054998505948831e+00
1.375034065494970870e+00
1.469465304640493297e+00
1.161623735426019710e+00
2.032908250757485380e+00
2.196255189181640421e+00
1.382459418010321794e+00
2.205231656345276292e+00
1.874679137775791204e+00
1.485295583034265787e+00
1.379458506610894863e+00
1.402515732159708595e+00
1.301767854438597549e+00
1.633302234316294843e+00
1.879744513715431387e+00
1.321550920628988823e+00
1.175514906813132088e+00
1.406294916686231966e+00
1.562517992470928485e+00
1.695364281671812634e+00
1.962538596499790788e+00
1.721379865311861046e+00
1.255694834672425042e+00
1.675428310451193781e+00
2.124928587859725049e+00
2.409585944195694829e+00
2.065640058871631268e+00
2.267904883389569193e+00
2.205285931530660548e+00
2.015382311172157159e+00
1.346156206512503895e+00
1.964491396056372796e+00
1.724935058640808760e+00
1.432795620543144022e+00
1.485265369110521760e+00
1.757292137311339264e+00
1.617950014612860921e+00
1.968311961312407377e+00
2.452726497776777315e+00
1.992334877827782291e+00
1.997664500743389748e+00
1.679291772092213586e+00
2.156334602143720858e+00
1.364999016398490195e+00
1.454978054462786385e+00
1.476787452557473568e+00
1.405252581683345880e+00
1.544423480595260134e+00
1.519697365956748092e+00
1.828627310927782412e+00
1.283729259391643840e+00
1.527500354838839058e+00
3.057708339778574924e+00
2.306345711899898454e+00
2.547207375620837766e+00
2.294541610263568288e+00
2.032702656459646207e+00
1.419556030959602255e+00
1.619414786031527331e+00
1.389023128572273169e+00
1.115950866762150939e+00
1.353541019141895063e+00
1.540500688990675382e+00
1.691903916467274449e+00
1.972040489182282919e+00
1.293852161430611769e+00
9.951012530337681739e-01
1.558441576466516931e+00
2.305662344073844405e+00
1.678870853003980423e+00
1.775225836165968740e+00
1.640248389376403493e+00
1.782044302631242694e+00
1.350012764319960201e+00
1.519434252985550016e+00
1.498146305299861591e+00
1.349215824531006191e+00
1.250066344458098833e+00
2.029000711642201971e+00
1.231417013010307926e+00
1.246182612090684927e+00
1.224275260610570681e+00
1.561993850015796159e+00
1.326140935274636945e+00
1.727103143366738092e+00
1.673182226629589486e+00
1.796336363405286907e+00
1.618479348001776286e+00
1.858382285067930351e+00
2.117912344857833862e+00
2.266579513323127237e+00
2.494482908225610807e+00
1.934118075849672103e+00
1.286467970018376983e+00
1.086907288167788144e+00
1.735693437246121684e+00
1.881433599189885841e+00
2.324842310725887096e+00
1.318996150059504435e+00
1.948044417135140094e+00
1.723489666086433392e+00
2.523464884066827896e+00
1.647779024307140405e+00
1.531542328711571033e+00
1.868774439536220910e+00
1.425168377562577415e+00
1.147547781924781685e+00
1.808944920880969809e+00
1.358923860502465608e+00
1.042699842822175649e+00
1.220495156670684977e+00
1.763796354386008902e+00
1.481175566094639073e+00
1.590074316696736823e+00
2.175558444758342702e+00
1.976184648987281189e+00
2.039170724703408322e+00
1.937296781860490480e+00
1.529708979104446032e+00
1.225691199131176079e+00
2.219303356001272043e+00
2.168879273875245595e+00
1.710531871592788189e+00
1.283652847837827071e+00
1.861195639590086603e+00
1.213628292560321453e+00
2.219590427088178775e+00
1.946456801115078905e+00
1.381979767081585209e+00
1.296233279372960290e+00
1.988759449171040083e+00
1.379381074092153048e+00
2.701979931655305922e+00
1.941742758547132297e+00
1.687327944377924993e+00
1.940645418686163026e+00
1.569704185833349808e+00
1.277048592056168275e+00
2.006114126759007910e+00
2.398160384383678512e+00
1.416479515148366009e+00
1.350514612166951789e+00
1.713785920601051060e+00
2.111694783000418241e+00
2.162828375715390994e+00
2.136266468870100965e+00
2.213589310981076252e+00
1.445240632733808317e+00
1.456896211470317226e+00
1.557572024601917349e+00
1.836267236086869037e+00
1.369476536590816806e+00
1.197292805168105323e+00
1.498260147874167725e+00
1.758032202561452984e+00
1.094198692709233089e+00
1.900081509759764753e+00
2.516275735963800830e+00
1.314164784981734391e+00
1.126352742162953557e+00
2.010609766522410968e+00
1.676795939946126746e+00
2.089418364826453711e+00
1.687270681671195982e+00
1.564861967140134480e+00
2.192836353162944896e+00
1.733576111810934073e+00
1.550554536278879070e+00
2.371644260799402826e+00
2.560189659060018386e+00
2.889442114234836989e+00
2.498126263712793005e+00
1.541971888946903624e+00
1.904529213803560550e+00
1.557778871748842109e+00
1.606230990788547919e+00
1.468425200365082839e+00
1.331642741214515313e+00
1.430079007326375606e+00
1.740774886465627613e+00
1.684757386275570923e+00
1.447082306104072291e+00
8.936653806984093951e-01
1.118839945796109792e+00
1.657885804916395145e+00
1.394445422892680142e+00
1.078385580020960743e+00
1.341439554883095076e+00
1.818805690694353050e+00
1.500025516635162148e+00
1.550944558375586979e+00
1.381748228810119716e+00
1.515637037872378023e+00
1.889236883879978013e+00
2.219285164259917842e+00
2.428712938864543869e+00
2.685533181201447572e+00
1.486635455845538134e+00
2.168145128810456512e+00
1.669423579010578473e+00
1.826053861844009862e+00
1.080082499947606856e+00
1.912642745216878826e+00
1.484343825699158348e+00
1.785420982518900690e+00
1.444559237405516061e+00
1.976137322713079181e+00
1.307414871267617240e+00
1.412926012863525926e+00
1.595955374849141517e+00
1.757093208528826001e+00
1.986258306288458009e+00
1.602119224979486667e+00
1.457026019520324622e+00
1.501213356569464974e+00
2.146219378736072159e+00
1.324479743316846037e+00
1.785178136158722673e+00
1.510522487310923534e+00
2.297417680995815115e+00
1.229814400481691328e+00
1.595052455482231402e+00
1.574174962046665183e+00
1.650591777470974630e+00
1.359986732090946893e+00
1.753933503032351515e+00
1.272425279225936068e+00
1.877729088645510247e+00
1.280468580382864374e+00
1.255276806635611031e+00
1.149384360158169693e+00
1.359233099254865351e+00
1.942178412252044684e+00
1.902137912356302252e+00
1.473804141117825983e+00
1.423058602179887444e+00
1.450399947592305061e+00
1.236441970538122437e+00
1.963792005254795026e+00
1.457574955592871424e+00
1.418431343847681880e+00
1.134978867459887075e+00
1.379459770014839437e+00
1.804575951266108813e+00
1.695624108929704166e+00
2.494194916160825226e+00
1.710574435685809913e+00
1.510004812496060111e+00
1.340964353324448188e+00
1.884895949059746334e+00
1.793552548653984058e+00
1.739897422759862478e+00
1.848323599349833035e+00
1.762491393805369455e+00
1.576168162109075510e+00
2.137191999404740361e+00
1.627127736060476781e+00
2.115227816510665271e+00
1.893096637562026174e+00
2.480088778079903467e+00
1.418624657501467823e+00
1.781263223523025907e+00
1.099776045733711793e+00
1.575866467068830712e+00
1.405023810978059728e+00
1.656847798490924006e+00
1.807801617759196899e+00
2.095553621085722629e+00
2.576745051761555771e+00
1.631993022667655335e+00
1.621603259150166343e+00
2.496523026813619595e+00
1.902665467258402909e+00
1.078948903532837456e+00
2.237399876881901672e+00
2.241115516655256101e+00
1.521602958673190287e+00
2.508280985441746491e+00
2.054385425579491997e+00
1.537361351310613022e+00
1.449201876940469536e+00
1.166658711206377763e+00
1.082063426958286279e+00
2.225629505311859102e+00
1.649003800039016365e+00
1.658883054962017933e+00
2.102620613574503139e+00
1.546181183958926120e+00
1.778769772579149588e+00
1.615901710577225092e+00
1.492841455692611508e+00
1.974383916614200540e+00
2.782501921058633698e+00
1.775901884997246105e+00
1.387854727176839775e+00
1.586856474549323881e+00
2.434121193281885365e+00
1.783678178135042591e+00
1.618161226076943127e+00
1.534713571627930317e+00
1.629022586138712647e+00
1.546410425412376499e+00
2.145285963362604242e+00
2.570237112306780425e+00
2.235857379698035885e+00
1.801212264414460584e+00
1.101342598275438789e+00
1.516851864138547779e+00
1.175364616219968239e+00
8.603411054513842027e-01
1.700251216835216184e+00
1.875518641463303826e+00
1.930769672173609397e+00
2.308618952875782782e+00
1.486229807356772792e+00
1.363512519793127931e+00
1.784418417947075231e+00
1.492480838071115645e+00
1.530588159691038452e+00
1.543778144403032959e+00
1.311657575357459304e+00
1.901564474875780508e+00
1.304151228277150798e+00
1.637027872995217015e+00
2.208039657115075993e+00
1.646580578665691963e+00
1.929301704377388127e+00
2.087175858103745618e+00
1.697029035041101031e+00
1.407888919035957809e+00
1.293938888656333663e+00
1.340369424775597729e+00
1.833799698780570253e+00
2.025301525184507234e+00
1.682222986378287821e+00
1.741208621894186015e+00
1.449829269949896693e+00
1.654629072520983124e+00
1.505490567494585985e+00
1.748406662077635509e+00
1.389944549655468320e+00
1.685538802344650477e+00
2.571278404104277548e+00
1.277553436473664483e+00
1.647761491803795053e+00
1.618897608632305030e+00
1.714828456136758383e+00
1.790993307411163027e+00
1.499010648447849814e+00
1.121461431134705311e+00
1.853046495368878777e+00
1.971444161686565888e+00
