2.976440884001294584e-01
2.610348794130299410e-01
8.607425192006932235e-01
1.146928545963534551e+00
6.549899732504459449e-01
9.047150309881957231e-01
8.944870062298229119e-01
1.036331141054338989e+00
1.210356459138327567e+00
1.227149859420230360e+00
1.496191309968430971e+00
1.698676831480856908e+00
1.085108706781368504e+00
1.202666760968706505e+00
1.336808335371309164e+00
1.543694610857141658e+00
1.921692425566003948e+00
1.849962441812433189e+00
1.118194991363365309e+00
1.345536133430748293e+00
1.524901852904201549e+00
1.214057035039551646e+00
1.375292767060813048e+00
9.922119822998479721e-01
1.393755468777614359e+00
1.734843544544690364e+00
1.085231320853834003e+00
9.629304828875223654e-01
1.279775209635895195e+00
1.130589391394883236e+00
1.655422775195789509e+00
1.527822586697400897e+00
1.539120120210511367e+00
1.619478964038386870e+00
1.389206283909884654e+00
8.995586502398775774e-01
1.408763494602815580e+00
1.605903955189804222e+00
8.428229435642546896e-01
8.759215286275515711e-01
1.297443845798188278e+00
1.715556860896065405e+00
1.363153858514035033e+00
1.140357790155547502e+00
1.095862479234499531e+00
8.436385846481050388e-01
1.043649189912036368e+00
8.974526858301431487e-01
1.689280660624816077e+00
1.271915541348675571e+00
1.327924611541884126e+00
1.204415942543832330e+00
1.060263123720302625e+00
1.088645371858674826e+00
1.002307337659563258e+00
1.268165975925480859e+00
1.224381615233121945e+00
1.208822761413508307e+00
1.289575446197941622e+00
1.186064593253567168e+00
1.124554651402015049e+00
1.494137414613549097e+00
7.678305948796979585e-01
9.965350681731494076e-01
1.240985822653103865e+00
1.119338819111655559e+00
1.353926170368387805e+00
1.228548514309274697e+00
9.310571871862639570e-01
7.754217029171854847e-01
9.416840957972847370e-01
1.586752911040600900e+00
1.428322357371035078e+00
1.348833917340264588e+00
1.897137604636346175e+00
1.332818296784581191e+00
1.138224940025030163e+00
1.654154025718044041e+00
9.767970424845473509e-01
9.970952358017326489e-01
1.592261724320836791e+00
1.608849338048732092e+00
1.403831649612781618e+00
1.073839771070556059e+00
1.596366049096836992e+00
1.259366903841718788e+00
1.449822255286695061e+00
1.612068423972125686e+00
8.851512350668404583e-01
8.037879557390802399e-01
1.360566126054927105e+00
1.381027629934445278e+00
1.155901334280786674e+00
1.418083309204986042e+00
1.142500918858862846e+00
1.585085241565242109e+00
9.563831402960032424e-01
7.953696009619288798e-01
1.299791654300519905e+00
1.467684413155705858e+00
9.595660295112078408e-01
1.148507527426242181e+00
1.267465286677603498e+00
9.357730289950823011e-01
8.633550275147439113e-01
1.098663283760317411e+00
9.190481217472207254e-01
8.937220908695884258e-01
1.430156581495250379e+00
1.569994592681629664e+00
1.544533461333984281e+00
8.742647417081006456e-01
1.422365276800845457e+00
9.225461029443289274e-01
7.304394351894406556e-01
9.621292272698181991e-01
1.110598917703200073e+00
1.039473155332296006e+00
7.701086617519883326e-01
8.061826255097475080e-01
9.650563009783159618e-01
9.254824592353387835e-01
1.341680466286501616e+00
1.456376132132153778e+00
1.670140041493361149e+00
1.373622610126625787e+00
1.257970917603514760e+00
1.114667988753534011e+00
1.047262417750863372e+00
1.071018776615239032e+00
1.248102392809958827e+00
1.388685744328974625e+00
1.105349079837448789e+00
9.964197291534405698e-01
1.029841247317830444e+00
8.909014019814754937e-01
7.946804239105685896e-01
1.031397251751172028e+00
1.627745955411058709e+00
1.067014727941880015e+00
1.260998849822594137e+00
1.304752246348025002e+00
1.399040881295360528e+00
1.737499337980869196e+00
1.237125221998881530e+00
1.437349298388490793e+00
1.386440350868460847e+00
1.133000464111836525e+00
1.025335002487322900e+00
1.067102237332894443e+00
2.004657544785278578e+00
1.518980828469302269e+00
1.108182557995721407e+00
1.312400840569252658e+00
1.466423736370662478e+00
1.136324229818106435e+00
1.314707327429875727e+00
1.361966896244261260e+00
1.307862880053749954e+00
1.129372197194761895e+00
1.725168575787790370e+00
1.109640951588817925e+00
1.405122629136775991e+00
1.483368383214000996e+00
1.109150235863309408e+00
1.272334939348085836e+00
9.655162062825395353e-01
1.251727037814409194e+00
1.030969636942151713e+00
1.175840892686185413e+00
1.033482414371108771e+00
1.176913112559533348e+00
1.425545093744389202e+00
1.204496617746231291e+00
1.719121576313793476e+00
1.537855541630348988e+00
1.349993651042832088e+00
1.638615377450977295e+00
1.337030131749754380e+00
1.363072548383230664e+00
1.385071621993485991e+00
1.669812634355674064e+00
1.164560467237109931e+00
1.242141864217423564e+00
1.317471842613021416e+00
1.072629144885455910e+00
1.398121804944437718e+00
1.609496316420704343e+00
1.482417577810533960e+00
1.233186193600696923e+00
1.577436137004742722e+00
1.619482093306656711e+00
1.150880427843414155e+00
1.143365583047897704e+00
1.266308218819699905e+00
1.065026023498028884e+00
1.035175875108462318e+00
1.021554879130730065e+00
1.109393164506160767e+00
1.184734133467859607e+00
9.217073637529419328e-01
9.892421431460571846e-01
8.345358664582445130e-01
7.651261808845918333e-01
9.673276835139125174e-01
8.246899541101604392e-01
8.688403201684764543e-01
8.888848202571204560e-01
1.131277313761552605e+00
1.525895353120653830e+00
1.017296830400129970e+00
1.108060840411800863e+00
9.399316575375880056e-01
1.204738949270125259e+00
1.826086069344842189e+00
1.479587159952601816e+00
1.448349784215839930e+00
1.164471316134672474e+00
1.317545748641877346e+00
1.227140979504334650e+00
2.290639398757310374e+00
1.662067289236090373e+00
1.095747137482468325e+00
1.105836324288592465e+00
1.441902566143927089e+00
1.290131574889801902e+00
1.571836092706574650e+00
1.031588511726680979e+00
1.270506165041122015e+00
1.482456290610989491e+00
1.375439450288640231e+00
1.335754807978289715e+00
1.231086957484799793e+00
1.229827552608310448e+00
1.502440440190995652e+00
1.825869354488491414e+00
1.701552024417313236e+00
1.879010905829491929e+00
2.366544971939299913e+00
2.515458435893004996e+00
2.672493005072798411e+00
1.755135050558120469e+00
1.777781503881096015e+00
2.710640916962135716e+00
4.556898732836127230e+00
4.593029178242996835e+00
5.515443178604468422e+00
7.576281497829875811e+00
9.024672486028899598e+00
8.053537823454586686e+00
9.506688057462861607e+00
1.110076487659147126e+01
1.220910291853701501e+01
1.710421254385675027e+01
2.002369255283126392e+01
2.075766948695046921e+01
2.284747453280844098e+01
2.754111641908826869e+01
2.981523484951288339e+01
3.878295875938584203e+01
4.245512202281594938e+01
4.603925337145594909e+01
5.414245863300178030e+01
5.723353883019355237e+01
6.971399859468577631e+01
8.771445406202388995e+01
9.619705179323901234e+01
1.023479721761463281e+02
1.225098441838165115e+02
1.348655255857264592e+02
1.496979980976557556e+02
1.687600374839518054e+02
1.969323310250143777e+02
1.439248104834180992e+02
1.149890723039629421e+02
1.003551793707300703e+02
5.002586242564626673e+01
3.398853857065354589e+01
3.508020447374268258e+01
3.535453669181602265e+01
2.822160202625479997e+01
2.664705697328222200e+01
2.845018382146694336e+01
2.607963393739654734e+01
2.417040142526132840e+01
1.699552824441357046e+01
1.532635005451215626e+01
1.583672261780041168e+01
1.669638901521572905e+01
1.810029477097884865e+01
1.496870613980227560e+01
1.681324268557460400e+01
1.272018188814699258e+01
1.499735739689182168e+01
1.291936255079954066e+01
1.434338741244917870e+01
1.571505802500164428e+01
1.787671751936101572e+01
1.686744478167331707e+01
2.161442999411426058e+01
1.987595850317656598e+01
2.122647217951636378e+01
2.540243759908990384e+01
3.020008615965535270e+01
3.525122109987152896e+01
3.560595374035737848e+01
4.093318130021053491e+01
4.203349093097042299e+01
4.817956739384629827e+01
5.308313777179490245e+01
5.298026107532407281e+01
5.456926078708006145e+01
6.477655805077752404e+01
5.939347878572282724e+01
7.018556985416549310e+01
6.884875280469795200e+01
7.570017967483593679e+01
7.669437644645387309e+01
7.657339293224710275e+01
7.900207011106913058e+01
7.959319123310139332e+01
8.254354149685651976e+01
7.585052989196653073e+01
6.986377217175554222e+01
6.563191573993431405e+01
6.492507682849414152e+01
5.755938299466426855e+01
7.018520765578880116e+01
6.975574321670973177e+01
6.765598495869863882e+01
6.465943823288102976e+01
7.056786723603897826e+01
7.493785954400948413e+01
8.077740987794743432e+01
8.912149874057510601e+01
9.386214101310342528e+01
9.723972417193664342e+01
1.171158994977768089e+02
1.258327702645381549e+02
1.388934867577035561e+02
1.565332935066365110e+02
1.680010589643098911e+02
2.108270411735695404e+02
2.343045622768077578e+02
2.654305057814007114e+02
2.909393989886582972e+02
3.112412081591149331e+02
3.293989595268553785e+02
3.842284095777610560e+02
4.062235514346705827e+02
4.690731865053805905e+02
4.762371253826834732e+02
4.941200489837374334e+02
4.458839083669845991e+02
3.780438847033195771e+02
2.773012737307942643e+02
2.798918653414677919e+02
2.731160937648576805e+02
2.741476758532478470e+02
2.506803793573132282e+02
2.622525306340624525e+02
2.378560776646477279e+02
2.160039327264579754e+02
2.033532548143742815e+02
1.832063386685383648e+02
1.674164431046862660e+02
1.547384182568779920e+02
1.555249512814565378e+02
1.447890753887668325e+02
1.532555356797346064e+02
1.064876838124804550e+02
1.159403674555871930e+02
1.242055854643518273e+02
1.390711739167207384e+02
1.602276956261022747e+02
1.326626351872158125e+02
1.540075341594043437e+02
1.720245134316230917e+02
1.875414491392008074e+02
2.111327577847723092e+02
2.186005193509870423e+02
2.543241983289833001e+02
2.837871100006460665e+02
3.170934962381614923e+02
3.589038340311250295e+02
3.951332441445787822e+02
4.444014520264637440e+02
4.898493870626899138e+02
5.268367690022496390e+02
5.256443360276015255e+02
5.568917038560248329e+02
5.502971658677139430e+02
5.738029236102511277e+02
5.685877223917493666e+02
5.720265284474302234e+02
5.680766387940956292e+02
5.609584272769321842e+02
5.573462200091266823e+02
5.824324966323881654e+02
5.804092475396203099e+02
5.643586058985409863e+02
5.637241393518471568e+02
5.848962117703202921e+02
5.861159229055585911e+02
5.787432986133052282e+02
5.843825375724942432e+02
6.335527913115279262e+02
6.388072709462832108e+02
6.433962433911756307e+02
6.508147867611693300e+02
6.812121768483769984e+02
6.908588834890114185e+02
7.039955805752008473e+02
7.163223338145467096e+02
7.545613692617754396e+02
7.721255885314656098e+02
8.087657892768083912e+02
8.218236142187921587e+02
8.376372445199478989e+02
8.510226665956727174e+02
8.855035811639244230e+02
8.999172553541598063e+02
9.540415713640711601e+02
9.699541197682257234e+02
9.796473440801529478e+02
1.001390367491560369e+03
1.104889419516807493e+03
1.123332221504509334e+03
1.120561459125610327e+03
1.141105993541521684e+03
1.200285952712882136e+03
1.222665369130778117e+03
1.248962730713160681e+03
1.273318761915300911e+03
1.356032019398994407e+03
1.382513271219592980e+03
1.413864756290558489e+03
1.441770247864640851e+03
1.522413729887977297e+03
1.552052509539806124e+03
1.586539808440933484e+03
1.597736567555966758e+03
1.657140390726088526e+03
1.669340512091526307e+03
1.675630135195886396e+03
1.690949856622353082e+03
1.780313617845561112e+03
1.795026785187098767e+03
1.782429383219650163e+03
1.798999838183256770e+03
1.883283057043194503e+03
1.899837488071549842e+03
1.931149079753634169e+03
1.949886815935003824e+03
2.062005876799180442e+03
2.079883514268155523e+03
2.073581561579103891e+03
2.096370486460728443e+03
2.182028694787386939e+03
2.207099019176764159e+03
2.267103214768233556e+03
2.294687555182917094e+03
2.399242187689068487e+03
2.429280786778090260e+03
2.469991816249199474e+03
2.505104804476306981e+03
2.594702979299924209e+03
2.621619734927499394e+03
2.602331294528200033e+03
2.602449406306608580e+03
2.703584800597743651e+03
2.703734617403167249e+03
2.686621690111303451e+03
2.686781169631408375e+03
2.762862185404726915e+03
2.764229008946450904e+03
2.817758358989568478e+03
2.817951597224649959e+03
2.772485988633578927e+03
2.772681361938890859e+03
2.883042509618613167e+03
2.883239331458477409e+03
2.939848765703196477e+03
2.940049844697211483e+03
2.971034859451441207e+03
2.971326750782201088e+03
2.957162103491994003e+03
2.957365293767765252e+03
2.980167204652498185e+03
2.980370185627349656e+03
2.978466831822208405e+03
2.978677197614544184e+03
2.945008953535507317e+03
2.945231071596824677e+03
2.954615492275765519e+03
2.953216095375098575e+03
3.006048067775423078e+03
3.006283792939475461e+03
3.006017731479622398e+03
3.006245254998068958e+03
2.986006200237236499e+03
2.986258141379445078e+03
3.004976912278496911e+03
3.005229103089167893e+03
2.965422642563799400e+03
2.963146335677440675e+03
2.996998505753691006e+03
2.997260873617213747e+03
3.033263136697562004e+03
3.033519377282465939e+03
3.053353648954313030e+03
3.053625583205689964e+03
3.073234994163587999e+03
3.073518096537426118e+03
3.057240546930928758e+03
3.058162316412175187e+03
3.053403915763515215e+03
3.053672196990323755e+03
3.096384660991636792e+03
3.096658994029096903e+03
3.070784102784628885e+03
3.071081729383750826e+03
3.076247227843985456e+03
3.076563423431062802e+03
3.125713519856768016e+03
3.129273329136471602e+03
3.096993913955876906e+03
3.097300594854160408e+03
3.161741962232782498e+03
3.162044829918282176e+03
3.132823573415195824e+03
3.133144743114243283e+03
3.182729666362662101e+03
3.183055352985028549e+03
3.198480626125081017e+03
3.194427745638384295e+03
3.218462724293485735e+03
3.218783549171539562e+03
3.212974129336664191e+03
3.213299787917755566e+03
3.177246946740287513e+03
3.177585502904697933e+03
3.203277502099218964e+03
3.203623166009184388e+03
3.188301438115636302e+03
3.180178543853618066e+03
3.208841042907708925e+03
3.209184085839975523e+03
3.175503029576606878e+03
3.175873776251901290e+03
3.188364024566878470e+03
3.188716732365318876e+03
3.211219707563838256e+03
3.211582358497607402e+03
3.186088894282158890e+03
3.184495478356384410e+03
3.213770026498042625e+03
3.214148901998274141e+03
3.221987916572619270e+03
3.222355641899637703e+03
3.206903335351198166e+03
3.207277093099472495e+03
3.165376416501806034e+03
3.165769419493388341e+03
3.233289583146495261e+03
3.234575616500725118e+03
3.210509474983628934e+03
3.210914109971232392e+03
3.173248747706639278e+03
3.173648101142181531e+03
3.124929372107930703e+03
3.125333103390593351e+03
3.161168321309479325e+03
3.161572181714968337e+03
3.192774694152414213e+03
3.192147163085583998e+03
3.218804070807863354e+03
3.219210683268619960e+03
3.206391207043362101e+03
3.206824850527682884e+03
3.216569024107507175e+03
3.217012023887599753e+03
3.222379231153167439e+03
3.222818434022284691e+03
3.225709130463739712e+03
3.220994407597709596e+03
3.214576521964246240e+03
3.215029357168777096e+03
3.211928170939833763e+03
3.212391561631109653e+03
3.215892784797565582e+03
3.216356762971949138e+03
3.226712513522297741e+03
3.227180600216233415e+03
3.233653016214218496e+03
3.238040675936951629e+03
3.221016959946112365e+03
3.221499326048768125e+03
3.190197316257734656e+03
3.190686106947865028e+03
3.228198774557367869e+03
3.228687176016890135e+03
3.210896726900829435e+03
3.211386792516316746e+03
3.240270909459826271e+03
3.240131493135103483e+03
3.197693814077924344e+03
3.198193403223975565e+03
3.224680512474211355e+03
3.225179058802715645e+03
3.233533858378732020e+03
3.234046310620304666e+03
3.222173221001121419e+03
3.222680634681595620e+03
3.232265931722966798e+03
3.234043151212146313e+03
3.236046599680040345e+03
3.236562214695190050e+03
3.230889838620377759e+03
3.231415511044350751e+03
3.237381070442396776e+03
3.237919775038059925e+03
3.235870636796225881e+03
3.236411351200348236e+03
3.238446562484351944e+03
3.241506915449450389e+03
3.231766682548708559e+03
3.232313890388237724e+03
3.251932004103511645e+03
3.252481948277058564e+03
3.242203728581514952e+03
3.242758683294225193e+03
3.195382875557855186e+03
3.195943693726000220e+03
3.236782405148911948e+03
3.226145138868588219e+03
3.235455505579710916e+03
3.236008609275507752e+03
3.203603391710994856e+03
3.204161075638181501e+03
3.218115610787016976e+03
3.218685416435481784e+03
3.257658832016601536e+03
3.258236048706408837e+03
3.248712773344332163e+03
3.251915558962743489e+03
3.245025818050611178e+03
3.245603334139499566e+03
3.252904705578539961e+03
3.253487317944554434e+03
3.224036988440763707e+03
3.224624451459197189e+03
3.214157346846951441e+03
3.214749527740001668e+03
3.258243137380435655e+03
3.261398221606278184e+03
3.218851940732280582e+03
3.219460163832615763e+03
3.247009382140570324e+03
3.247621508471527250e+03
3.225372109640988583e+03
3.225983712131937409e+03
3.241097388318421963e+03
3.241715935883403745e+03
3.266080034299563067e+03
3.269460384539349889e+03
3.267582630749112013e+03
3.268217995698125833e+03
3.262815828211718781e+03
3.263448486881829467e+03
3.250825403222828299e+03
3.251476786576182349e+03
3.283204506552855037e+03
3.283855122667126125e+03
3.272811042364540299e+03
3.272139792206634411e+03
3.286873248640318252e+03
3.287533077381651310e+03
3.276107686179907887e+03
3.276763186485047299e+03
3.273273907055053769e+03
3.273944597373960278e+03
3.249726600548312035e+03
3.250388882607001960e+03
3.261440075508882728e+03
3.266688312922005935e+03
3.275863864617540912e+03
3.276547180620727886e+03
3.270985919529830426e+03
3.271676981294388497e+03
3.269804022727911160e+03
3.270482722926717543e+03
3.299817951104967960e+03
3.300508491776081428e+03
3.281391926755384702e+03
3.280806137345983188e+03
3.276215218548032226e+03
3.276905988259442438e+03
3.251325780397683957e+03
3.252016036749945670e+03
3.288402836680681048e+03
3.289110526590322479e+03
3.298054909383528866e+03
3.298760808837465902e+03
3.298114990632260742e+03
3.300166653744267933e+03
3.305836844008132175e+03
3.306540549877047397e+03
3.296690722887653919e+03
3.297412347781910739e+03
3.296524638639483783e+03
3.297256427416870793e+03
3.313907304897065387e+03
3.314639662510643120e+03
3.289779485626895166e+03
3.282355110748618245e+03
3.271714892938709454e+03
3.272455494074474245e+03
3.258548223099783627e+03
3.259290722761052621e+03
3.300420485530591122e+03
3.301158147624681533e+03
3.263864693059854289e+03
3.264612406825844118e+03
3.212747121869218518e+03
3.216833095889726792e+03
3.291556977616367931e+03
3.292309208470759586e+03
3.310851804052865191e+03
3.311630219262772698e+03
3.326893414150459648e+03
3.327668386881315655e+03
3.309010962258239033e+03
3.309793410113515620e+03
3.320314546611436526e+03
3.324481428810267971e+03
3.319937551173621159e+03
3.320711728533796304e+03
3.328207963530702273e+03
3.328981715992623322e+03
3.324288237611104250e+03
3.325078223536282167e+03
3.308534290218639399e+03
3.309333656457854886e+03
3.312684546254251927e+03
3.312308316869298778e+03
3.311054172176169232e+03
3.311859242487983920e+03
3.286893186932406479e+03
3.287686131347648825e+03
3.331774410542627720e+03
3.332578235357270842e+03
3.334692765550708373e+03
3.335507966283940732e+03
3.325045637921633897e+03
3.330181748431908545e+03
3.299324914721088589e+03
3.300140209762067570e+03
3.337526697645399508e+03
3.338354647065057634e+03
3.329946614458916883e+03
3.330775131171227713e+03
3.331801353603114421e+03
3.332625208180130358e+03
3.341865745693929966e+03
3.337767374192823354e+03
3.348094362677510617e+03
3.348920884104538345e+03
3.289238375691163583e+03
3.290077203212833865e+03
3.355575189470901478e+03
3.356427222358275685e+03
3.349012678389882240e+03
3.349859659915482098e+03
3.364576683717381457e+03
3.360150557223445048e+03
3.347196496435676636e+03
3.348063960383202357e+03
3.354135845297338165e+03
3.355001737874386436e+03
3.343044324956321816e+03
3.343898841831059599e+03
3.365530034568799692e+03
3.366412974551381012e+03
3.345995421462310333e+03
3.347812456607987315e+03
3.278521614219095227e+03
3.279419632647203343e+03
3.349818347265021657e+03
3.350713714689648441e+03
3.373074035012004515e+03
3.373968293755960985e+03
3.338793934049861036e+03
3.339692126640551123e+03
3.353209969707489563e+03
3.351308627202519347e+03
3.377539199684526011e+03
3.378456266832486108e+03
3.359160995985380396e+03
3.360075872074257859e+03
3.357171811184114176e+03
3.358086651413396339e+03
3.361657958080035314e+03
3.362567937016186534e+03
3.342629463661787668e+03
3.345021823055153163e+03
3.368416348780576755e+03
3.369347401788151728e+03
3.368518828219522220e+03
3.369441940585124485e+03
3.393504560355482226e+03
3.394446579404714157e+03
3.366670976492721820e+03
3.367617421241205193e+03
3.392797120902444931e+03
3.387297953131482245e+03
3.382557762260690197e+03
3.383508904774708753e+03
3.364623855881620784e+03
3.365567670492828711e+03
3.384317502367628549e+03
3.385277132307372085e+03
3.352827544972551095e+03
3.353777189923663173e+03
3.387526847276485114e+03
3.389997635146480661e+03
3.368443868003390435e+03
3.369410197788760797e+03
3.364144753146935727e+03
3.365131041822890438e+03
3.400340064552263811e+03
3.401325595767872073e+03
3.398101966032219480e+03
3.399086855639539408e+03
3.383527934999807712e+03
3.379550345847343124e+03
3.397376774956518148e+03
3.398363651941861008e+03
3.404849089784037915e+03
3.405859139866136957e+03
3.407796819565399801e+03
3.408790927066251697e+03
3.317238009226805843e+03
3.318244253607641440e+03
3.414557474678359995e+03
3.417906100248985240e+03
3.336359322588717987e+03
3.337382080427962137e+03
3.420412098493782651e+03
3.421440849855699071e+03
3.362220678569953179e+03
3.363239892001397038e+03
3.390819402264929522e+03
3.391856593204509409e+03
3.392219817754857559e+03
3.393315091295828552e+03
3.419873705499906009e+03
3.420894458656430288e+03
3.407388746311114573e+03
3.408421798220286291e+03
3.432470869107344242e+03
3.433509442020064398e+03
3.396421911493527205e+03
3.397473983374720774e+03
3.419963967550605503e+03
3.420774806818566958e+03
3.446178753419185796e+03
3.447252871766731005e+03
3.408636211262703910e+03
3.409696175766280248e+03
3.456307222363700930e+03
3.457377768195092358e+03
3.452641404745847467e+03
3.453705295299836507e+03
3.391878422046438118e+03
3.388557578019745961e+03
3.441938763122135697e+03
3.443008729139852676e+03
3.430956651482596044e+03
3.432041516277848132e+03
3.409988080803175762e+03
3.411085906075661569e+03
3.425380800991318665e+03
3.426480184204279340e+03
3.445833486196912872e+03
3.450241647106542587e+03
3.444891739544387292e+03
3.445970846781281580e+03
3.473579547283974534e+03
3.474683590518841356e+03
3.457293517844154394e+03
3.458405736560762762e+03
3.457045526037168656e+03
3.458172382940886564e+03
3.445807569727562623e+03
3.444913247938219683e+03
3.443680508887886845e+03
3.444806364284283518e+03
3.471206853608121946e+03
3.472346258454392228e+03
3.468463732073280880e+03
3.469585802602106014e+03
3.482419739519770701e+03
3.483566133080235431e+03
3.401314687631219385e+03
3.399569318106742230e+03
3.415359897387502770e+03
3.416513664705453266e+03
3.484280960500176661e+03
3.485451940890136484e+03
3.411972326594263905e+03
3.413131748847184554e+03
3.406230182686933404e+03
3.407383752860080676e+03
3.481015057321392760e+03
3.481759105471129715e+03
3.498059965739195832e+03
3.499234425087582622e+03
3.509713745517201914e+03
3.510883063891365509e+03
3.484421476026588152e+03
3.485586682939196180e+03
3.490930887958015774e+03
3.492104689479443550e+03
3.500522360239838235e+03
3.501309617299954425e+03
3.484746741987840323e+03
3.484754162187464772e+03
3.490400632887633492e+03
3.490407687920719582e+03
3.496021286514322583e+03
3.496028979565474856e+03
3.488357836499139921e+03
3.488365061011427770e+03
3.482924402487290990e+03
3.489901301792926461e+03
3.505407986014134622e+03
3.505415412074118194e+03
3.494778140332559360e+03
3.494785401228379214e+03
3.475665194105865794e+03
3.475672499607775990e+03
3.491081652936899445e+03
3.491089031326799613e+03
3.507771596953477001e+03
3.503143428324292927e+03
3.509120216448784049e+03
3.509127522259088892e+03
3.460195311497849616e+03
3.460202650454090417e+03
3.464447913399405934e+03
3.464455201268688143e+03
3.467958276201482931e+03
3.467965675081267364e+03
3.501882039531051760e+03
3.507446767108142922e+03
3.480831985501013605e+03
3.480839073192238175e+03
3.474111549863733671e+03
3.474118834422688906e+03
