5.566487386403149440e-01
2.721086486218516898e-01
6.236401925169948735e-01
7.191146194597992647e-01
9.347572410015696498e-01
1.050895879404807332e+00
1.138814158945656629e+00
9.416240287095227757e-01
1.234638955726445664e+00
1.400439870966601941e+00
1.152395411577153972e+00
1.168387814381776746e+00
1.285138955282773443e+00
1.398537683057685221e+00
9.919822991270993429e-01
7.747817553120646128e-01
1.335934269342967440e+00
1.175651546992052543e+00
1.016503724373147177e+00
9.882195515145693054e-01
1.388618105238661027e+00
1.500540847298978742e+00
1.029488721557047626e+00
1.158214207708147203e+00
1.377234476727680734e+00
1.155130039358895244e+00
1.072688277360604125e+00
1.235825496231773180e+00
1.218720579908135537e+00
1.578256905371332675e+00
1.393182205823311204e+00
1.187019697969408094e+00
1.651802853347191125e+00
1.087938327888575252e+00
1.121951080394378852e+00
1.249207133379850232e+00
1.097993383512911203e+00
1.060747420889994075e+00
1.458946190874438553e+00
1.244936964509886002e+00
1.265739146262010673e+00
1.313039106787570187e+00
7.845752258202148832e-01
1.042176710377267668e+00
1.253013476216015221e+00
1.306637575271548002e+00
7.807990230656958186e-01
1.234616578052781133e+00
1.253035279264534507e+00
1.000477222187724946e+00
1.326998399509888182e+00
1.427862678982522837e+00
1.004392257239556496e+00
1.147411615137319263e+00
1.166918606275203496e+00
1.084255525286379029e+00
7.501381369123543141e-01
7.816195376902249636e-01
8.803321025538202171e-01
1.050016662958352942e+00
1.097261234672348262e+00
9.990883421525720287e-01
1.005288974756788578e+00
1.622463087358948952e+00
1.692788510093995225e+00
1.700795483377720352e+00
1.340955480760065877e+00
1.400264394828054204e+00
1.023609833315024975e+00
8.097968887529525261e-01
1.160023121675818114e+00
8.906598691462810358e-01
7.538063194318058713e-01
9.036281314110460317e-01
1.204598456469922141e+00
1.051533784296075913e+00
1.074345863613312524e+00
8.763393313901279846e-01
1.317160679708440529e+00
1.444640482863756237e+00
1.202555942596040817e+00
1.262923188931447838e+00
1.303558487125297871e+00
1.121157445943913089e+00
1.168106016889953302e+00
1.005499778260080079e+00
9.185679916172985182e-01
5.984060989630777261e-01
1.116582801847929574e+00
9.644808063011270916e-01
9.088922571985500465e-01
9.341154815919332499e-01
1.509677380956583104e+00
8.085464622393986334e-01
9.465681362028943724e-01
1.134334381761754607e+00
1.216789197505672826e+00
1.178588168544028481e+00
1.247397736290797088e+00
1.309672103637314677e+00
1.841917704247904020e+00
1.228212702773441745e+00
1.325411664588498573e+00
1.175446501135037014e+00
1.491399751909313842e+00
9.658150735153518962e-01
1.202291147526712178e+00
1.292824847052405524e+00
1.085466919180142265e+00
8.363316454371765296e-01
1.100440260798184244e+00
8.153094469710762127e-01
1.156026814102270039e+00
6.711656913974979322e-01
1.133814672348965047e+00
1.026327657154504358e+00
6.321344095116596673e-01
6.201261887252446092e-01
8.978879832533777083e-01
9.542771563435133997e-01
1.406456191744064776e+00
1.119182420009035672e+00
9.592354452881907134e-01
1.331132673497053664e+00
7.784076118461197291e-01
1.084676923054118447e+00
1.153279600368149360e+00
1.470194948581911021e+00
1.031398254144501703e+00
7.328265211257737333e-01
9.897370375568106393e-01
1.460725196885430233e+00
1.088184062758439152e+00
7.630009042350233139e-01
1.010971195331236583e+00
1.075011326853962945e+00
7.042305712682994656e-01
1.157253631142580064e+00
8.379171413874213492e-01
7.510665164333437671e-01
1.352161022327074580e+00
1.777688590592798157e+00
1.371265349259857658e+00
1.223704033940545388e+00
1.107079470262661847e+00
1.449013549642460763e+00
9.454734935058370926e-01
7.604231143321431574e-01
1.447513961274699446e+00
1.396890667916023343e+00
1.569964373240764877e+00
1.164197536520782617e+00
6.634455085230701599e-01
7.282923686437769994e-01
1.303420331407793675e+00
1.201229198081663618e+00
1.089990555835268715e+00
1.009210632852751921e+00
1.092461171977606726e+00
1.115029128375321532e+00
1.640692872947929359e+01
1.667818755280318044e+01
1.193862830289621257e+01
1.207348222644914415e+01
2.492888958477253425e+01
2.477897905539877144e+01
2.273159896631706545e+01
2.313334576901802819e+01
2.994839236116926173e+01
3.109999347662031610e+01
3.199943515451695220e+01
3.440015350331055544e+01
3.300874500009230417e+01
3.421906332376455850e+01
4.747556705467810900e+01
4.583584118177084576e+01
5.750185371743756946e+01
6.021316643488199105e+01
7.978451829374111526e+01
7.784238851798838255e+01
7.315944869589357324e+01
7.385060093456881702e+01
8.255228714768897191e+01
8.251261686099746839e+01
7.703806211800629455e+01
7.805692224175848537e+01
8.971176696355344404e+01
9.027638198867184371e+01
9.328319716059817779e+01
9.274286978900981637e+01
9.786003515406601139e+01
9.921949243200450042e+01
1.042382076767168968e+02
1.066576528382863955e+02
1.038415654710617133e+02
1.095779155509047200e+02
1.016310843859525761e+02
1.049286996870445989e+02
1.168972690272287451e+02
1.203500237900156833e+02
1.270474365915264912e+02
1.282796586260926119e+02
1.354864366837561818e+02
1.390803539120469736e+02
1.470510908585759466e+02
1.506808419507280234e+02
1.485362331803117968e+02
1.530524532488045111e+02
1.585966874981521926e+02
1.588266880788774529e+02
1.670437161207606209e+02
1.714205606626541112e+02
1.799053206877434832e+02
1.877291472889013733e+02
1.945728674483611087e+02
2.016269242725855406e+02
2.120772966925318315e+02
2.149402201513252066e+02
2.214791266219150714e+02
2.293671952612449729e+02
2.401178505475993745e+02
2.438857375733653043e+02
2.542074801460031779e+02
2.540282084822539730e+02
2.591714772264519979e+02
2.629162663138906737e+02
2.567821494138797789e+02
2.610788842062634103e+02
2.808637509429952956e+02
2.873081208455625983e+02
3.170090102743246803e+02
3.205821329514892000e+02
3.228306140234445252e+02
3.313109805634809391e+02
3.308927839450343527e+02
3.362783285718214188e+02
3.375247590632282026e+02
3.436862374550419759e+02
3.566698713732332635e+02
3.671276175850082950e+02
4.016910429427123859e+02
4.114154481201111935e+02
4.139354826698942702e+02
4.209335410767814665e+02
4.452738436564400786e+02
4.571396963999972058e+02
4.660360937709997415e+02
4.817329848591992913e+02
5.258023862763941452e+02
5.319494549545113387e+02
5.372844775858932280e+02
5.469257280284734861e+02
5.693125359124763918e+02
5.879489184814094642e+02
5.986471555332764183e+02
6.226296718744945338e+02
6.761173212270227850e+02
6.914176379979666081e+02
7.024041301210747861e+02
7.126104358939271606e+02
7.254122288525851445e+02
7.338205669165868130e+02
7.677499773988421339e+02
7.740072098151856608e+02
7.803429410320643456e+02
7.821408491561369374e+02
8.405177702043293948e+02
8.442577433212408096e+02
8.560416992753673640e+02
8.647739189845683541e+02
8.693455315480964600e+02
8.830149293443696479e+02
9.176998629898104127e+02
9.293528544204912123e+02
9.485807744472151626e+02
9.710099863722316513e+02
9.864048134133295207e+02
1.007677380221839940e+03
1.057699472238186218e+03
1.058078646092441431e+03
1.059081265595516470e+03
1.059934569279228754e+03
1.049888096079106163e+03
1.051481095560601261e+03
1.070435237825479135e+03
1.073203874124197228e+03
1.057133377858573795e+03
1.060487445746214689e+03
1.066962156731449340e+03
1.071445185958622005e+03
1.088381467928212714e+03
1.094114107819209494e+03
1.097028060381425121e+03
1.104676361613578820e+03
1.139718006781719851e+03
1.149835440803175061e+03
1.139172662959723993e+03
1.150575420486414941e+03
1.179130607646001181e+03
1.193031231419551204e+03
1.203889226999370976e+03
1.220180512004076718e+03
1.205012188454159286e+03
1.224440545235932177e+03
1.267473416984496907e+03
1.291445587811347650e+03
1.333932349416112174e+03
1.361695846724574039e+03
1.391962188310395959e+03
1.424610162405304436e+03
1.449635760142031359e+03
1.486632210725028017e+03
1.490100699066097377e+03
1.532238207570926534e+03
1.611577222172270695e+03
1.657783304229825717e+03
1.694929823916385203e+03
1.748715632215628375e+03
1.810689075679949383e+03
1.871181339685798321e+03
1.950539473279714684e+03
2.018679101197010141e+03
2.066081459184331379e+03
2.141154664073483218e+03
2.235187371407007049e+03
2.319145062641301593e+03
2.387933142884483004e+03
2.387921161222521278e+03
2.376335290866041305e+03
2.376322222758949920e+03
2.380527222083509059e+03
2.380531102418628052e+03
2.415985932645717185e+03
2.416004935247000049e+03
2.396099770003521371e+03
2.394891526635871287e+03
2.408315839810122270e+03
2.408391953372939952e+03
2.416038631879115655e+03
2.416143850180430945e+03
2.386444763477482411e+03
2.386580367189559638e+03
2.407557271769790987e+03
2.407728009506444323e+03
2.411018202808326805e+03
2.410765033451327781e+03
2.430184650439217421e+03
2.430380529658252271e+03
2.447297161943752144e+03
2.447534890217038082e+03
2.422276142678136694e+03
2.422509017510116792e+03
2.417724619669678759e+03
2.417986926456258061e+03
2.403674090855806298e+03
2.410824275371537624e+03
2.429777784219691057e+03
2.430105076344871577e+03
2.411267429529786568e+03
2.411616476052734924e+03
2.414891713014773359e+03
2.415250031250283428e+03
2.428226043827171907e+03
2.428621494935642204e+03
2.423470253328207491e+03
2.418269197710757453e+03
2.399320859321890566e+03
2.399720601539366726e+03
2.444382244631190133e+03
2.444828879862072426e+03
2.426737806711482335e+03
2.427209224020114107e+03
2.433315214479153838e+03
2.433839566972872035e+03
2.448040881501573040e+03
2.451333652123822048e+03
2.457676553204115407e+03
2.458268466849949164e+03
2.450749419380154450e+03
2.451343118418174072e+03
2.450566918802931923e+03
2.451164734849748129e+03
2.463419689122481486e+03
2.464066957584986540e+03
2.462355603012818847e+03
2.461374732592909822e+03
2.445251164193759450e+03
2.445949800977364248e+03
2.465048332552984903e+03
2.465784937941269163e+03
2.437741532872634707e+03
2.438481807100912192e+03
2.450414471743090417e+03
2.451134214070925736e+03
2.463450765924605093e+03
2.466475367818881296e+03
2.466555507726348878e+03
2.467342000940271646e+03
2.455499158200816510e+03
2.456333399139614812e+03
2.481549497375183364e+03
2.482811547435963803e+03
2.476676750698868091e+03
2.477521342984797684e+03
2.481959872570826974e+03
2.482029815101817803e+03
2.486622950768282408e+03
2.487502394225095486e+03
2.490353728476552078e+03
2.491312966308148134e+03
2.504371460507518350e+03
2.505301373681653331e+03
2.505619723737424920e+03
2.506598694394361246e+03
2.502970605476245510e+03
2.503652463202647596e+03
2.495411642670858328e+03
2.496402510509104104e+03
2.509871915785529382e+03
2.511337652455455100e+03
2.485125788254316831e+03
2.486214094002320053e+03
2.502753860775844259e+03
2.503825971513926106e+03
2.513515741893450922e+03
2.508878116457808574e+03
2.487683997486451972e+03
2.488786092266108881e+03
2.518436502214467055e+03
2.519563750284683920e+03
2.493504340505875916e+03
2.494672424530179796e+03
2.486318253144460414e+03
2.487538552629703645e+03
2.503113122332064449e+03
2.507644561730374789e+03
2.501451667311791880e+03
2.503111049941920555e+03
2.535289311991699833e+03
2.536518526236827711e+03
2.530957845823973003e+03
2.532226026963106051e+03
2.537076577529102451e+03
2.538342266446547910e+03
2.557596372003240958e+03
2.550677872421093070e+03
2.547607281826469261e+03
2.548843092349292419e+03
2.560708748464719065e+03
2.562040022688237059e+03
2.541006790613559588e+03
2.542298862235692923e+03
2.548630548712991185e+03
2.549947600563232299e+03
2.596971725058136599e+03
2.596641334673198799e+03
2.571409047464645937e+03
2.572824833585629676e+03
2.549865774671516192e+03
2.551222009363367761e+03
2.555043259472212412e+03
2.556469149101476887e+03
2.596148951904824116e+03
2.597581615498559131e+03
2.619515913061784886e+03
2.614764319846816761e+03
2.576190908863333789e+03
2.576904129264919447e+03
2.581527124064912641e+03
2.582291250336860685e+03
2.617590127603481051e+03
2.618376524409280591e+03
2.591385867812894048e+03
2.592625524345503436e+03
2.596163232059784150e+03
2.581555499549765045e+03
2.604681171516764607e+03
2.605483377290091994e+03
2.595128475752057966e+03
2.595929640637643388e+03
2.574607085309254217e+03
2.575425097085596917e+03
2.594251669267924626e+03
2.595079975169796398e+03
2.604798426453342472e+03
2.607909472757980893e+03
2.614945198789500864e+03
2.615788063928759129e+03
2.601769481173496388e+03
2.602623413710072327e+03
2.630003954068659823e+03
2.631323592491602085e+03
2.636641162386845281e+03
2.637532088247015054e+03
2.618181120441065559e+03
2.611212538578391559e+03
2.622931847628892228e+03
2.623860734749143376e+03
2.615320549031807332e+03
2.616248402983973392e+03
2.630501209922191720e+03
2.631422455972468470e+03
2.610549849387280574e+03
2.611504324043661200e+03
2.648528155780573343e+03
2.651309899775400027e+03
2.620775626616146383e+03
2.621740025691899973e+03
2.642958431076014222e+03
2.643931265394911406e+03
2.641324036005512426e+03
2.642335271455986458e+03
2.646478066543002114e+03
2.647502172348571094e+03
2.633390637448995221e+03
2.646328046953026842e+03
2.696081936453597791e+03
2.697146661014352503e+03
2.709932177244726063e+03
2.711000678509720274e+03
2.676675981093248083e+03
2.677745798945868046e+03
2.656818446769899765e+03
2.657904043352227291e+03
2.648144397670721446e+03
2.652713192830354274e+03
2.693000203338635856e+03
2.694122959779170287e+03
2.708449236291197394e+03
2.709590830136797649e+03
2.710301443438249862e+03
2.711432045856698551e+03
2.680682196128936994e+03
2.681825347005441927e+03
2.669608617475498249e+03
2.672760242885534353e+03
2.676177607069678743e+03
2.677346138406904174e+03
2.687635321237175958e+03
2.688835474888023782e+03
2.697876502724177044e+03
2.699081116962717715e+03
2.732306545784875652e+03
2.733506005053962781e+03
2.724548361062123149e+03
2.728020432333719327e+03
2.712490382852342918e+03
2.713716753380832415e+03
2.732191292366901962e+03
2.733431609477586790e+03
2.730412240878800731e+03
2.731675054257121246e+03
2.721443335717923219e+03
2.722716526100687588e+03
2.738084172887264231e+03
2.743846957577368357e+03
2.720425729797575968e+03
2.721733998618999976e+03
2.719590942228544009e+03
2.720903203596249568e+03
2.727396018567394549e+03
2.728718675096453353e+03
2.747123865876163109e+03
2.748464821067738740e+03
2.730695526559793961e+03
2.729200534995077305e+03
2.780945015159137711e+03
2.782296019349310882e+03
2.760771003043643759e+03
2.762143279818786141e+03
2.798400661760098046e+03
2.799781991475953419e+03
2.758205862030633853e+03
2.759588621738752408e+03
2.793590445130179432e+03
2.789881084599584938e+03
2.757460803897689857e+03
2.758881403656954717e+03
2.780766112951168452e+03
2.782189326543076277e+03
2.805846704690804927e+03
2.807298315047143660e+03
2.799200217864236947e+03
2.800645164771993677e+03
2.805853869064878836e+03
2.809917549473744657e+03
2.816566747858058989e+03
2.818039910000086365e+03
2.834433412597670667e+03
2.835927650797806109e+03
2.819265649521158593e+03
2.820770906998518967e+03
2.798772095384363638e+03
2.800285573662435581e+03
2.802793959465140233e+03
2.805530193227295058e+03
2.836304468536310196e+03
2.837850897758699830e+03
2.856310352379117830e+03
2.857868304399041790e+03
2.826138314602743321e+03
2.827706675400129825e+03
2.829977536547279215e+03
2.831556661501447252e+03
2.824851395314036836e+03
2.828690540876781142e+03
2.840368785905297500e+03
2.841974366833906515e+03
2.880056618908890414e+03
2.881660976380494958e+03
2.832568575041419081e+03
2.834185744150981918e+03
2.846102139202329454e+03
2.847725957750000362e+03
2.867488341128317643e+03
2.882598857289357056e+03
2.878932492466612075e+03
2.880580099258520022e+03
2.867670012431111900e+03
2.869779952005974792e+03
2.912938148979224479e+03
2.914626433310056655e+03
2.870307460186054868e+03
2.871992981493157004e+03
2.943547816409814004e+03
2.945336165837058616e+03
2.916717082699740331e+03
2.918436745080919081e+03
2.919377180379829952e+03
2.921089417763180336e+03
2.936374940070101275e+03
2.938078484203699645e+03
2.936357138230343480e+03
2.938133298502987600e+03
2.937510163868166728e+03
2.933409625721074008e+03
2.942810057286743358e+03
2.945024820914331485e+03
2.986011514670930865e+03
2.987822581017969242e+03
2.941769839778510232e+03
2.943563312196754850e+03
2.962232627680378300e+03
2.964022822735677437e+03
2.992559159083849408e+03
2.986839786866587929e+03
2.973851350136374094e+03
2.975646844165787115e+03
2.949990739416900396e+03
2.951821334151488372e+03
2.968817298035833119e+03
2.970658485607608782e+03
2.978957008612019308e+03
2.980803384978856229e+03
2.978825527974690885e+03
2.987554815097714254e+03
2.993868998010397263e+03
2.995765489183964291e+03
3.012703640755047672e+03
3.014608786364238767e+03
3.017103602745801254e+03
3.019025515064825413e+03
3.041482618827975330e+03
3.043437852410105734e+03
3.078014580161902359e+03
3.080630225544014138e+03
3.020805468678504894e+03
3.022749335132521537e+03
3.052048358874735641e+03
3.054033687305712192e+03
3.067187664780348314e+03
3.069154367037995144e+03
3.028531396221054365e+03
3.030962640889825252e+03
3.077346657560521180e+03
3.070133537875355159e+03
3.073320533949791752e+03
3.075314740134979729e+03
3.082943672161235099e+03
3.084950591720212287e+03
3.085353678770758961e+03
3.087399682015671260e+03
3.096694983299580144e+03
3.098720956527157796e+03
3.070727988341664059e+03
3.070359837917664663e+03
3.101546900779161206e+03
3.103611276892466321e+03
3.100974564365976676e+03
3.103036318022643172e+03
3.106879879064242687e+03
3.109422193123146826e+03
3.105415765706415186e+03
3.107514143365117889e+03
3.125007612496285674e+03
3.135022786063044805e+03
3.101891064268670107e+03
3.104004958413647273e+03
3.127650222200606549e+03
3.129814247790711761e+03
3.151549819179314454e+03
3.153695828997205354e+03
3.154015037843643313e+03
3.156171852659872911e+03
3.186261065836999478e+03
3.184748704483418805e+03
3.189563996025163760e+03
3.191741597568317957e+03
3.190157128591358742e+03
3.192789507417302502e+03
3.177414127934121097e+03
3.179640509367595314e+03
3.204305509930476092e+03
3.206514850769443456e+03
3.208148414136582232e+03
3.202127690111841275e+03
3.174755004852469483e+03
3.177004589649016907e+03
3.199462632188950465e+03
3.201703959765251511e+03
3.232056378711517482e+03
3.234309773188807867e+03
3.202178094353649158e+03
3.204435163421458128e+03
3.217678060005403950e+03
3.208971773823303920e+03
3.216326715941542716e+03
3.218621098267611615e+03
3.255843725495166836e+03
3.258142579948055754e+03
3.256953879394108299e+03
3.259269294509049814e+03
3.294499611070814808e+03
3.296813363978775214e+03
3.273319016104751427e+03
3.277116988204677909e+03
3.302385835839252195e+03
3.304732357859728381e+03
3.274458021231293060e+03
3.276814208112677989e+03
3.265223143396699925e+03
3.267622552091729631e+03
3.297257283413861387e+03
3.299651876538187480e+03
3.266382940942935875e+03
3.273113150238003982e+03
3.312901621438046277e+03
3.315311631555568511e+03
3.330773098673747882e+03
3.333196855557035633e+03
3.306224291868862565e+03
3.308648391339735554e+03
3.335617712431571817e+03
3.338079863108278005e+03
3.307612535333520555e+03
3.305512674784668889e+03
3.310119958868781850e+03
3.312605971254413362e+03
3.353266528624009879e+03
3.355738960877918998e+03
3.336764327225379475e+03
3.339274465987156873e+03
3.319187987973382405e+03
3.321690875241283720e+03
3.333889509711993924e+03
3.338963147708031556e+03
3.363263903253209719e+03
3.365814378002643025e+03
3.384088753298013216e+03
3.386637809385136734e+03
3.388571562323762009e+03
3.391134434783915367e+03
3.381781661179139519e+03
3.384370599167593355e+03
3.448982179636706860e+03
3.445993894077725599e+03
3.408028779885662516e+03
3.410621528644881892e+03
3.425398295692096326e+03
3.427993931670241182e+03
3.439413581079657888e+03
3.442038976429275863e+03
3.452043016121680012e+03
3.454701306755740006e+03
3.438315223056239120e+03
3.444744871792463982e+03
3.428727015550763099e+03
3.431376655003564338e+03
3.456574588763178326e+03
3.459256182143416936e+03
3.490514733293812242e+03
3.493237303947807959e+03
3.492806092923478445e+03
3.495533382816084668e+03
3.493692202078863829e+03
3.499861352442903808e+03
3.491791530326061093e+03
3.494528788250291655e+03
3.538365820073737723e+03
3.541119154687306946e+03
3.510484842093891984e+03
3.513235644969495297e+03
3.492971152482607067e+03
3.495733022028325195e+03
3.520177032291725936e+03
3.522541383273016891e+03
3.568577746270224907e+03
3.571386053330488267e+03
3.539342188647975490e+03
3.542189358694439306e+03
3.583625645802952477e+03
3.586465178781306804e+03
3.534601548547832408e+03
3.537440208284695473e+03
3.579738335316106259e+03
3.581282058299509572e+03
3.610504448317637525e+03
3.613360598544474669e+03
3.579867817453806765e+03
3.582753313221862300e+03
3.577146408998524294e+03
3.580065415897808634e+03
3.612809140003801531e+03
3.615716276490675227e+03
3.680893557965361651e+03
3.697931033147599919e+03
3.616035327475327449e+03
3.618986651075869759e+03
3.666216258318680502e+03
3.669130708336602311e+03
3.665140786234580901e+03
3.668095026879361285e+03
3.655612552207975114e+03
3.658604761843343113e+03
3.664153982288628868e+03
3.669040927564767571e+03
3.692074890301759297e+03
3.695489746573582579e+03
3.638633162577262738e+03
3.641659558451864541e+03
3.648058045222563123e+03
3.651056712346353834e+03
3.657561256316545041e+03
3.660600118671761265e+03
3.682857512797324489e+03
3.684548477474005722e+03
3.754602354371397723e+03
3.757656449950381557e+03
3.708441192168241287e+03
3.711506649942527474e+03
3.754855700215693105e+03
3.757959975749790829e+03
3.730761806570229510e+03
3.733827259105971279e+03
3.726770665906450631e+03
3.732820076885825529e+03
3.789234071142152516e+03
3.792369224240975655e+03
3.741190532784219613e+03
3.744318856410408443e+03
3.783890215316010654e+03
3.787033952803498323e+03
3.853886624434095665e+03
3.857065496722666921e+03
3.821355036949034456e+03
3.816872370984313875e+03
3.812542222775869504e+03
3.815691023313393544e+03
3.845254140539026139e+03
3.848464450989634315e+03
3.865910408105061379e+03
3.869102279466246273e+03
3.861569055717119227e+03
3.865233459052210037e+03
3.891889542452780006e+03
3.890547189697932481e+03
3.870170490750888348e+03
3.873381600486988191e+03
3.830464696681231089e+03
3.833708856903017022e+03
3.873458708930692865e+03
3.876757880021091751e+03
3.929034169964945704e+03
3.932300312284474330e+03
3.883953475051276655e+03
3.892709260002737665e+03
3.931961047178592707e+03
3.935281628582858048e+03
3.927669615402820909e+03
3.930988639192799383e+03
3.938605903914573446e+03
3.942388226600487997e+03
3.957564828571923044e+03
3.960896370423847657e+03
3.988539003249239613e+03
3.992245679478623970e+03
3.976215660715849026e+03
3.979565846419519403e+03
4.000682300617990222e+03
4.004060416438576340e+03
3.954724872674413291e+03
3.958111547532583700e+03
4.011143610235505548e+03
4.014558914194717090e+03
4.012932461412641715e+03
4.023982482994089878e+03
4.063282438865524455e+03
4.065691927181129358e+03
4.015294724822109401e+03
4.018169653044687948e+03
4.017732935295897278e+03
4.020153337500845737e+03
4.032438526846851801e+03
4.034862502484113975e+03
4.076514201901800789e+03
4.087644506316746174e+03
4.089577181152524190e+03
4.092018941983409150e+03
4.077691488771727109e+03
4.080134065586533325e+03
4.095150915488335158e+03
4.097610606765883858e+03
4.104403854124948339e+03
4.106883599103157394e+03
4.134610669142033657e+03
4.133564065439822116e+03
4.094081171054518109e+03
4.097038442787536042e+03
4.149567534571565375e+03
4.152076082397652499e+03
4.156100636212183417e+03
4.158607244179290319e+03
4.086239400889141962e+03
4.088752371552844579e+03
4.117853932378192440e+03
4.114251080943044144e+03
4.173724956613552422e+03
4.176257837271305107e+03
4.205160388085127124e+03
4.207703051235229395e+03
4.202261868608961777e+03
4.204814186689571216e+03
4.153255268535763207e+03
4.155825513340703765e+03
4.208431416842768158e+03
4.210105447370665388e+03
4.232623056886804079e+03
4.235207613603265600e+03
4.220410167008633834e+03
4.223002891163734603e+03
4.244808768588985004e+03
4.247407692805703846e+03
4.309621867214868871e+03
4.312226225877821889e+03
4.223065512220893652e+03
4.223070473547445545e+03
4.287638009876351134e+03
4.290261745582019103e+03
4.246340626298875577e+03
4.248973169105002853e+03
