2.830110867504683214e-01
4.458042642560930413e-01
5.616753661357550831e-01
5.502581332336108355e-01
7.153356712678056173e-01
1.091719219305966160e+00
1.448443888484045150e+00
1.213530447027991954e+00
1.070190977367292628e+00
9.652584219050459602e-01
1.587058836793680205e+00
1.253235332138788127e+00
1.137516747875380707e+00
1.096483787693456335e+00
1.606588032158935198e+00
9.814399032646707877e-01
9.883279311814384682e-01
8.375675399852888781e-01
1.318652942741612044e+00
7.920006986490382150e-01
1.119618959339024222e+00
1.542781955753445233e+00
8.974302169642871529e-01
9.246989942817476216e-01
1.223484372663934394e+00
1.371188729422184949e+00
1.712698428707284615e+00
8.310426629007696686e-01
9.934944826675022878e-01
1.368609839475530610e+00
1.073915789237848806e+00
1.195651817596586231e+00
1.317402039850935180e+00
9.517862420074065799e-01
1.237883171437285768e+00
1.656912441919828005e+00
9.003830495318776439e-01
8.872463569380180104e-01
9.616680593540771760e-01
1.061018071533553986e+00
1.111419476856948751e+00
1.016266237505658365e+00
1.088021000321394149e+00
1.144866124089547910e+00
1.039356077342739271e+00
1.560798485128120694e+00
7.575157213873051631e-01
1.038579222181536643e+00
1.158250390730647617e+00
8.103594096264188362e-01
1.361272579541528138e+00
1.198760167301651691e+00
1.008109772784828717e+00
1.075881307476880266e+00
9.666790172959516259e-01
1.109580329669812571e+00
6.962893932820286569e-01
7.219468406705960017e-01
1.169613806608321704e+00
1.105600922457913526e+00
7.217534925517783417e-01
1.038244878954327266e+00
1.249208685355756687e+00
1.359235143767494103e+00
1.076135815542502927e+00
8.239225137996830650e-01
8.711874073821392894e-01
9.422644045829657866e-01
1.144030725931016290e+00
1.191848406942926264e+00
1.249913931615273199e+00
1.523384141004374026e+00
1.180165808159967966e+00
1.041740505666582273e+00
2.316488513046080833e+00
1.985864586833731460e+00
9.239242569117678272e-01
1.024514692179370412e+00
1.443169296925111977e+00
1.278384387672623301e+00
1.296508745196349288e+00
1.454915046632480058e+00
9.812843603531601344e-01
8.442729281759007165e-01
1.096464557589996947e+00
1.212344892418801612e+00
1.289492635213870475e+00
1.480792533972626224e+00
1.167378525579949811e+00
1.042215937758075750e+00
1.296077364132041776e+00
1.375804694079373558e+00
1.147248289035626367e+00
1.181354067222279980e+00
1.246799428976817170e+00
1.323675169681209240e+00
1.145363269497851944e+00
1.154688265506856659e+00
1.535604260615284211e+00
1.187816133847868327e+00
1.076437208669535961e+00
6.741789762019902987e-01
7.542872016273679536e-01
7.852919639509627903e-01
1.504072722628179370e+00
1.453382682331177289e+00
1.080911998907498672e+00
9.487076357108228386e-01
1.188965795791334434e+00
1.119905961032164221e+00
1.223190919989975756e+00
9.892665798019086854e-01
1.315203925550783470e+00
1.572474057999327712e+00
1.394495255572385517e+00
1.674563410574761768e+00
1.096451480038580506e+00
1.099212726085219582e+00
8.436074703299691890e-01
1.025484036450812653e+00
1.086169549626909481e+00
1.119210851021887887e+00
1.211692197740537935e+00
1.339066491255976654e+00
1.096823736290031048e+00
9.281581296313423657e-01
1.071227405605739147e+00
7.883314869280224624e-01
1.683706954855732185e+00
1.198260790624233740e+00
1.274002891685533712e+00
1.291964483547623166e+00
1.185576868947483042e+00
7.482864929561809930e-01
1.101779658095078274e+00
1.251073261945627291e+00
8.985646738471965156e-01
8.090660115332680702e-01
1.258714456926636194e+00
1.413055514134572199e+00
1.699688785233249178e+00
1.514159960991839693e+00
1.301687131983531032e+00
1.263393378833359337e+00
9.353046684636833197e-01
7.280391686781025884e-01
1.096089186895638168e+00
9.944992385553734771e-01
1.189897876500437990e+00
1.194035164525848902e+00
1.113133064946706163e+00
1.321072237071185818e+00
6.325595692030682171e-01
8.219677453326243999e-01
9.745659742451441288e-01
7.132918368890799332e-01
6.693692516485451049e-01
8.087799770466717053e-01
1.002258458268687313e+00
1.505721938538837845e+00
1.043434084444299748e+00
8.368938734396023094e-01
9.911306782787074887e-01
9.519183799677024549e-01
1.362481966687546286e+00
1.298008016966752942e+00
1.410072555134223471e+00
1.459897126362462716e+00
7.294241202684796921e-01
1.022860333995292859e+00
1.957882067326305986e+00
1.679372751956875298e+00
1.107118332915437708e+00
1.708467490046174708e+00
1.367137849033333907e+00
1.215218189857573350e+00
1.240592576361816191e+00
1.437671330682190440e+00
1.132839077283743556e+00
9.978434448961606140e-01
1.074192173082302082e+00
1.209624176285988728e+00
1.085702258746542803e+00
8.436613799901093724e-01
9.334708346607579754e-01
8.912123492234409472e-01
1.417287729242093786e+00
1.403213054736751397e+00
7.748006837330720931e-01
7.941816579263513143e-01
9.934616183645530452e-01
1.101962332477893769e+00
9.486660957303287844e-01
9.524568016634858969e-01
1.692920811847006268e+00
1.365147869221059906e+00
1.618277881692776088e+00
1.589158936131020106e+00
9.800602870983456949e-01
1.152159960099187863e+00
1.131804780539573230e+00
1.029884862841259796e+00
1.154055832667233883e+00
9.560978875888541673e-01
1.547902823390889138e+00
1.297498501527674986e+00
1.169521083302991205e+00
8.437440664458637496e-01
1.011062220331039319e+00
1.019940087281701047e+00
1.003606330626391596e+00
1.022763355814654718e+00
1.008831353731654445e+00
8.018618357945479502e-01
1.177686841129536033e+00
8.763220336981262237e-01
8.841574220163325171e-01
7.387681510223047532e-01
1.262335538781514055e+00
1.055332702959189017e+00
9.187767856288273638e-01
8.274508943690317420e-01
1.390962276021728172e+00
1.127916808430281970e+00
1.387897805962911235e+00
1.319205786542357650e+00
1.027392443528309718e+00
1.636842220022491468e+00
1.142439567718078086e+00
1.253851524875886581e+00
1.089207217082250434e+00
1.144429112755076083e+00
1.148765978205948501e+00
1.363241793817346004e+00
1.769844091146796528e+00
1.659244536829067140e+00
1.607997666973838058e+00
1.451653127964545265e+00
1.829769344746630555e+00
1.400574049598901860e+00
2.134090725202597127e+00
2.538392674270349758e+00
2.578533952658928818e+00
2.562215511054054318e+00
2.689487645062821120e+00
2.794576166613675028e+00
4.236220431572069067e+00
4.061245539124339388e+00
3.971037036595222780e+00
5.437397920671063645e+00
5.711171224994640028e+00
6.811406419365896525e+00
5.994585142582767645e+00
7.702990593241711537e+00
1.101192256928053403e+01
1.093154542076223024e+01
1.074887022304294071e+01
1.220717859787523452e+01
1.359827736634431083e+01
1.421800663643188756e+01
1.684920195798604325e+01
1.879916313280269691e+01
2.302220391489480988e+01
2.435763490547444832e+01
2.502525151522576508e+01
3.159834780585727287e+01
3.120116009073342411e+01
1.539298519107933139e+01
2.975049108499439043e+00
1.747646453643264763e+00
2.199316981438593110e+00
2.114246161737422636e+00
2.058040595266041439e+00
1.133798914359420040e+00
1.892106715762090774e+00
1.863411726800285884e+00
1.971672620496443207e+00
1.831479052757826187e+00
1.419551130008726014e+00
1.471433733021016543e+00
1.303707969252934751e+00
1.309857348073149463e+00
1.499041210046437644e+00
2.172544118053902018e+00
2.561846591929675121e+00
2.529433685819723721e+00
2.736131949538427310e+00
3.008733721857117960e+00
4.307586085466641457e+00
5.929226565352909262e+00
3.563163713626542162e+00
3.791992390609012276e+00
4.926973413862510753e+00
6.445266375862665598e+00
8.237424671022999689e+00
1.083039936749194432e+01
1.173946060201581432e+01
1.258259600210057094e+01
1.424033515826076979e+01
1.655779415437621793e+01
2.007522896560762149e+01
2.611784922404725862e+01
2.349068227534944597e+01
6.392307339583747527e+00
1.572217164779208032e+00
1.723237645250327965e+00
1.696371213376969278e+00
1.491042253129451600e+00
1.077439488019304781e+00
1.602272339551276126e+00
1.293528412015232165e+00
1.588141412791965301e+00
1.425071030343886047e+00
1.290077328638778553e+00
1.712601962547287471e+00
2.342941522893275952e+00
1.280244596374570332e+00
1.279235589061305411e+00
2.745136009190185966e+00
3.052855394019791557e+00
2.600692229560048752e+00
2.570150274309482619e+00
3.942685849453737568e+00
4.501227546800545376e+00
5.111390707583492343e+00
6.828407942104838924e+00
9.816256743773557503e+00
1.047673055014497656e+01
1.257850427987867903e+01
1.383438366030813604e+01
1.742308532224956963e+01
2.257217111870066262e+01
2.893575784044348609e+01
2.537635228229965279e+01
4.864359278456219293e+00
3.330061501203084973e+00
1.812172820202954338e+00
2.046471613369414300e+00
1.770334335680917803e+00
1.699953552202908558e+00
1.569210989668278433e+00
1.609332189246049261e+00
1.760973208805790557e+00
2.236900393178194779e+00
1.656470437266776674e+00
1.155405259371945270e+00
1.787739587079419712e+00
2.010649211707639772e+00
2.195967656689369107e+00
2.120112481427921747e+00
2.461499267340445662e+00
2.315102020365591873e+00
1.872310397285779970e+00
2.504766476123500230e+00
2.509839506337544268e+00
2.547320293762274979e+00
2.580067501896436966e+00
3.257029487928439604e+00
4.706866104180518207e+00
5.192322875262673776e+00
5.019120958126306320e+00
5.727980339885288430e+00
5.721245246396597040e+00
8.029517695774325503e+00
1.046700869472397422e+01
1.114676384728496217e+01
1.504932432125645292e+01
1.480369989212600146e+01
1.715736058128535291e+01
2.154299339338863817e+01
2.607586666986953361e+01
1.448192611460839530e+01
3.866455958051509434e+00
2.267999444957306210e+00
2.022281760590944444e+00
1.769429117800725759e+00
1.373974296558967856e+00
1.393219763575531234e+00
1.390006260806771365e+00
1.306685166942562759e+00
1.834815494808600622e+00
1.938801050126683911e+00
1.980213338049874761e+00
1.850439283344761376e+00
2.185693875117670437e+00
1.759175016123776913e+00
1.826643747249493188e+00
1.795824098280899506e+00
2.331935549142052810e+00
2.736295640770386228e+00
2.838192082851665354e+00
2.853474445963576578e+00
3.306693145107385323e+00
3.401234894180812596e+00
3.782909562837437178e+00
4.564817205484855478e+00
5.555900701926899998e+00
7.531576808720544136e+00
1.007456335436025618e+01
1.222716396433003894e+01
1.204222704416589096e+01
1.585116804531499035e+01
1.823085428857909562e+01
2.423156973958212035e+01
2.985602174611156556e+01
2.552731008411416269e+01
7.149810068460557666e+00
2.567579629265190455e+00
2.023154503421228156e+00
2.226244153163984052e+00
1.655277205512566852e+00
2.133172622486489090e+00
1.694565956217655822e+00
1.250643681233848170e+00
1.838015761730467101e+00
1.637806734557461841e+00
2.166381061600293201e+00
2.174546943169521906e+00
1.636626709811853431e+00
1.334990245913471263e+00
1.663442404917729434e+00
1.492749961725918340e+00
1.232273109072092421e+00
1.164461751267277023e+00
1.582069866364911093e+00
1.610718532844958917e+00
1.602702319660054719e+00
1.717867336554441016e+00
1.560181062714742328e+00
1.225367698165098274e+00
2.317398692670741944e+00
1.909026105213536662e+00
1.578152282259375871e+00
1.904647744955652033e+00
2.174371475778164697e+00
1.280102355950029303e+00
1.187060442738177457e+00
1.281036055463904866e+00
1.796574175680080820e+00
1.673368618159108312e+00
2.536481998386364012e+00
2.259659889490604368e+00
1.990387181460330890e+00
1.730216813469334092e+00
2.389644822927164292e+00
3.067717880307626821e+00
3.190354421167879817e+00
2.899116091088795422e+00
3.441556291650385013e+00
3.010182353366033681e+00
4.456325024202054230e+00
4.162508664469810604e+00
5.025139991399683481e+00
6.296207401596249476e+00
5.648111765152176389e+00
6.396265241137372826e+00
7.130652636946897438e+00
7.771321773438495839e+00
7.382128193975146857e+00
8.893203103853341673e+00
1.007001714194137065e+01
1.082359401107516383e+01
1.118679138261518347e+01
1.261838068012202640e+01
1.174657283428007126e+01
1.346607850745778734e+01
1.555422036599486191e+01
1.825380385803713779e+01
1.778511805879714913e+01
1.780155244470651255e+01
2.207331532258090334e+01
2.623696481436288508e+01
2.972642735940636527e+01
3.101592898411330168e+01
2.203857783976036089e+01
5.667231953354988860e+00
2.439072991141077562e+00
2.465090023140310116e+00
1.908814652984043736e+00
2.146514754772448796e+00
1.448862478607950255e+00
1.580126748948338156e+00
1.445462466197051654e+00
1.565266251526078456e+00
1.902632670253304292e+00
2.113636275818711940e+00
2.679114116435103998e+00
2.825821384284719517e+00
2.311369779116296819e+00
2.716427102174374220e+00
3.348975023546678642e+00
2.512147575744037908e+00
4.504778635505493511e+00
4.667797664999163487e+00
4.909822578713001207e+00
8.659418930417160709e+00
7.671173227062663358e+00
9.858529095582747814e+00
1.431800570882868762e+01
1.764340591242773826e+01
2.242958543193525855e+01
2.642091557539481173e+01
2.031883628145096310e+01
3.765828228201089978e+00
1.320468865528023894e+00
1.424923172135411198e+00
1.852620458598054576e+00
1.523198727545942655e+00
8.835297750091740676e-01
1.037634580828598052e+00
9.430120116068552161e-01
9.540481092264880836e-01
1.710176524388500763e+00
1.471664656137198435e+00
1.214746319391480922e+00
1.753888475540207992e+00
1.761447872780573132e+00
1.540078046042206328e+00
1.000513457940018114e+00
8.452423280071434952e-01
1.216687296841587607e+00
1.454437568351337084e+00
1.127051503549194367e+00
1.382570504854702786e+00
2.077520577523480405e+00
1.831633677078057465e+00
1.856184173401876247e+00
2.088251652224078381e+00
1.967713953124131887e+00
1.835080488209147154e+00
2.098962830283357839e+00
2.282021271558158482e+00
2.289794541461589894e+00
1.807333180368212666e+00
2.623657113939302121e+00
2.851048589688558010e+00
3.170883328698191672e+00
2.979714298254151128e+00
2.551849336520980227e+00
3.456951494906117084e+00
4.344522912018643268e+00
4.174325590877708159e+00
3.916601245483521065e+00
5.015388186230856249e+00
8.104486390455678091e+00
8.047276056974505209e+00
5.658659856756409035e+00
6.861895446723634606e+00
6.927242350790192127e+00
7.336766288125726732e+00
9.058182174377542140e+00
1.032545628369851798e+01
1.101436417846459648e+01
1.305025914941130161e+01
1.486368876063325395e+01
1.483015710521434727e+01
1.704433376973248571e+01
1.968974767275537019e+01
1.971329604895699461e+01
2.254032458517643178e+01
3.243958250672785226e+01
3.384146888434619171e+01
2.299734145211938952e+01
4.932867740502867804e+00
2.948751614858782233e+00
2.296309370902416269e+00
2.746798310127171128e+00
1.473835190572290621e+00
1.491829466008577132e+00
1.193357477535827993e+00
1.681566799169785131e+00
1.610154226573343728e+00
1.519665975653474277e+00
1.593989237182476426e+00
1.399915288928177404e+00
1.160886482540110176e+00
1.207165673914062820e+00
1.745439506991820933e+00
1.485596458395607389e+00
2.112546850115128549e+00
2.022996972901231594e+00
1.984923998998325612e+00
1.437958672631386214e+00
1.018656040845725474e+00
1.561668784483486672e+00
1.843951766500715905e+00
1.434652739561499413e+00
1.857360111219208409e+00
2.069292558679799221e+00
1.820192318149707056e+00
1.562706011589245492e+00
1.367539164783503125e+00
1.423318618913314237e+00
1.528894287406031394e+00
2.560328520766631311e+00
2.150001511586356440e+00
2.688766846771838637e+00
2.073601408986666339e+00
2.608976134073678566e+00
3.105948050725858778e+00
4.163261017663946184e+00
3.477484247173928011e+00
4.045145511522242110e+00
4.167933906208608263e+00
3.938801879008446249e+00
4.496043817187677760e+00
6.092973865982437509e+00
7.382447144078577494e+00
6.694108814123625351e+00
7.129804714140311361e+00
1.047018129462865055e+01
9.794648020017154622e+00
9.161218824058119381e+00
1.282925538626945539e+01
1.325983742539665755e+01
1.660448944455876585e+01
1.616427100330373534e+01
1.688699021588960392e+01
2.135611123226875563e+01
2.181809262376297553e+01
2.896031838798014846e+01
2.975217209459342271e+01
9.468276373688405911e+00
3.891528217063850548e+00
2.051056457887037610e+00
2.163280714835276175e+00
1.371322788263898307e+00
1.290978329511521139e+00
2.088909193291603739e+00
2.187389560439715108e+00
1.141021758257248386e+00
1.422579226072224312e+00
9.625227733957913978e-01
1.398758083841744382e+00
2.488992563545194603e+00
2.858711488953399105e+00
3.837328754681729404e+00
4.387305920971663831e+00
4.964884347803645959e+00
7.270157581114887080e+00
9.294236255487053455e+00
1.215268098039920197e+01
1.608749411409559471e+01
1.839779548178665891e+01
2.466640244717742902e+01
2.026785136799995257e+01
4.356677245589565928e+00
2.081269949692841514e+00
8.447835982799128951e-01
1.187755522701780198e+00
1.538791697891459531e+00
1.311023035852565854e+00
1.134935677544617993e+00
1.266442144506296330e+00
1.462924690694766383e+00
1.919903695159122403e+00
1.752329155437521990e+00
1.981567007179150242e+00
1.059913416730302815e+00
1.726476399662142391e+00
1.158752897690025208e+00
1.629427646426522269e+00
1.241235009905829356e+00
1.749339674698564329e+00
1.356979377653684038e+00
1.915096359561142325e+00
1.839763429186327848e+00
1.425010699213538956e+00
2.224080442227071686e+00
1.479240115537734823e+00
1.564338669435390905e+00
1.162868908914111321e+00
1.754120089091225410e+00
2.275963119818637193e+00
2.719822986975414914e+00
3.155607126309270427e+00
2.710211319360267712e+00
3.632801904688862216e+00
4.905388067260190610e+00
4.268102123962801642e+00
6.100858729430919780e+00
5.990832237336766397e+00
5.083215379969641567e+00
6.661677676835666695e+00
7.566814730737850603e+00
6.958858522264964819e+00
9.927948868461999865e+00
1.103716516377414436e+01
1.278847888234952990e+01
1.071287859730186476e+01
1.556865700617349546e+01
2.094109380823994115e+01
1.926904542310683155e+01
2.099992890820119840e+01
2.723103757170679984e+01
3.052702427845612121e+01
1.870611837853404325e+01
3.935508542724450276e+00
1.650071770916537561e+00
1.720723052809460807e+00
2.458818399782009223e+00
1.972602677975825891e+00
1.965685929059937109e+00
1.707019134653686265e+00
1.800280954094493957e+00
1.452487859289474992e+00
1.119853269551184249e+00
1.365280993174338375e+00
9.902727084927354095e-01
1.043958488105492410e+00
1.079595365259329309e+00
9.290005604347788548e-01
1.395722991469644070e+00
1.447291493534885953e+00
2.127742037670138586e+00
1.941645200775550251e+00
2.403466423484283077e+00
1.876865460611671921e+00
1.566296141099119410e+00
1.475694510311236440e+00
1.445220058198808832e+00
2.037785662157880040e+00
2.090415156441215672e+00
1.824814256838814153e+00
2.093795005081081406e+00
2.943548922805153900e+00
2.331316480202676900e+00
2.463285740794228573e+00
2.726175224758867977e+00
2.786798580350532628e+00
3.886298340887398339e+00
4.300591492052243225e+00
5.335105002816393771e+00
4.958019361969948413e+00
4.719617007403014597e+00
4.714750367108296203e+00
6.278772016014970703e+00
7.070123831218337429e+00
8.138915247239639328e+00
9.199272158933453625e+00
8.453406327569247480e+00
1.040000244774252636e+01
1.303786316919488897e+01
1.232081645253964552e+01
1.294840010100418937e+01
1.332336518984647888e+01
1.802570587270432512e+01
2.081061074929831278e+01
2.096156282640256308e+01
2.116373114022738733e+01
2.503843029843269008e+01
2.895566301780270635e+01
3.193173524348589964e+01
9.577561563754175111e+00
1.957820333567317661e+00
1.250678751080245954e+00
1.778266502266879989e+00
2.010810031929199049e+00
1.640980923078777520e+00
1.759334206741644868e+00
1.455189065682866545e+00
1.602809860012814891e+00
8.156832852514164234e-01
1.010942981411252273e+00
1.665591808396259754e+00
1.723927247714115429e+00
1.615962223521618446e+00
1.783415364079842025e+00
1.385849749455333901e+00
1.696884697887662385e+00
1.647525650562375876e+00
1.608020533676784547e+00
1.413969509586233464e+00
1.267302952091664103e+00
1.871603977561670629e+00
1.752933455907804916e+00
1.541917736467602218e+00
1.382358922785101196e+00
1.491845059993130107e+00
1.256118313421470845e+00
1.832033017835144939e+00
2.029795498255286823e+00
1.533928980938657372e+00
1.487328837650735869e+00
1.428821059374811187e+00
1.196573473164581181e+00
1.789530368672722638e+00
2.283013189147949706e+00
1.468644719891283312e+00
1.450117271504767658e+00
2.401462611980434758e+00
2.327213966855103511e+00
2.128757861890218539e+00
2.740789675099626344e+00
2.883887485481285040e+00
3.784986978994127504e+00
4.123330183255757397e+00
5.155944366445551097e+00
4.779412738374032799e+00
4.315960222920231182e+00
4.952814644393941812e+00
5.029645508202134963e+00
4.774507974697242751e+00
5.514117329071038576e+00
5.612400533569643635e+00
5.924418867415741197e+00
6.386384776342776348e+00
7.169210981924637238e+00
7.278844311799677946e+00
7.698101299109565865e+00
1.102136013857343855e+01
1.222052298668977421e+01
9.967698800979679419e+00
1.195859458640358852e+01
1.527295587602740845e+01
1.460913963510064306e+01
1.494987900811946346e+01
1.694669713815147816e+01
2.135839912853740330e+01
2.202172014969401559e+01
2.435220109955922396e+01
3.147709041954675868e+01
2.885045453353782818e+01
6.765164970562742575e+00
2.200550354429135602e+00
1.956919037474035283e+00
1.461561112527252071e+00
1.226318025081647445e+00
1.534394493498127066e+00
1.165483342841680869e+00
1.580381775143300249e+00
1.848796229678334235e+00
1.531792416272425239e+00
1.140632312823994576e+00
1.532122498284784751e+00
1.861822078975174932e+00
1.839214775675030999e+00
1.603062916758012824e+00
1.412570498903933824e+00
1.347069176490798714e+00
1.936606912859688112e+00
1.935969749433272380e+00
2.048769301334988580e+00
2.045438763041901531e+00
2.852996792769099788e+00
2.100637873050825277e+00
1.858637345633221472e+00
2.501034484303434891e+00
2.156944824346147538e+00
2.932284899584571392e+00
2.394481057936458157e+00
2.280497649423063322e+00
2.889457653566226636e+00
2.926320295747772970e+00
2.858091886758170830e+00
2.897271028510602697e+00
4.184268134434442565e+00
4.793927243293881091e+00
4.887257605631292634e+00
4.396974125234859976e+00
4.760373426544969533e+00
6.248553967615513294e+00
6.095946392713812223e+00
6.836333017904475895e+00
7.587382160955320032e+00
9.077616219950511933e+00
9.216449287978958793e+00
1.150893840380309463e+01
1.323697841401564901e+01
1.382977372816148076e+01
1.300425873398744514e+01
1.431340751317491211e+01
1.884109935083342080e+01
2.167045401341721700e+01
1.949595565882805204e+01
2.628928808233121472e+01
3.137613288206638629e+01
1.006681086420802629e+01
2.204737854130264019e+00
1.757050783657655657e+00
1.772033601568443695e+00
1.408236507606412946e+00
1.587489900823800593e+00
1.345029493734390957e+00
1.566717093255909798e+00
1.639201634256644002e+00
1.347076359186004213e+00
1.586732066124427076e+00
7.906439924441085454e-01
9.307664487929919739e-01
1.528865287361574232e+00
1.397543368011459730e+00
1.499444839708006683e+00
1.598703001081167585e+00
1.061916052267656063e+00
1.237428467224465312e+00
1.465707737131092259e+00
1.794458675750688625e+00
2.169015746108471365e+00
2.256258527132047220e+00
2.593920047561262265e+00
2.775455602775019237e+00
2.474448150892437859e+00
2.376595509036036447e+00
2.253131477614465528e+00
1.907040715738442582e+00
2.268642848359420761e+00
2.182103652594123755e+00
3.835899718094681443e+00
3.184469274940044059e+00
3.486390147421762009e+00
4.092511890458063739e+00
4.563802973684165210e+00
6.111592364278815914e+00
5.691743577995687531e+00
6.247085154837151322e+00
7.097493077367762027e+00
7.479032587252228303e+00
9.786143978016170308e+00
1.108703220515621979e+01
1.208868180099077705e+01
1.382855473391737888e+01
1.486484025438431189e+01
1.875697567624597184e+01
2.018825663089596389e+01
2.173692823764451276e+01
2.452789696998338087e+01
3.125501108766160385e+01
8.408095873767805983e+00
2.906203732686665653e+00
2.323995835499194307e+00
2.141309320380043513e+00
1.809717135029960344e+00
1.552588146752345466e+00
1.473126928986440820e+00
1.672712033470780568e+00
1.318787027640430320e+00
1.277566177894974730e+00
1.334282868569339087e+00
1.773308529279622459e+00
1.466168737271506206e+00
1.194183618981629058e+00
1.220061346968851490e+00
1.586827379179037045e+00
1.387847856001354963e+00
1.630249724886130736e+00
1.662096182369539044e+00
1.467597576409014781e+00
1.990751559429998485e+00
2.199203808597311127e+00
3.095754495501050751e+00
2.983591705972923780e+00
3.352356760719803930e+00
3.745655894904245997e+00
4.003209877651208615e+00
4.617118884743616647e+00
4.774756409209084396e+00
4.635534374995064155e+00
4.786100109759146903e+00
5.939252687526293428e+00
