2.347008722999021357e-01
3.494836461345383616e-01
1.032922000460783529e+00
8.412710497059003867e-01
6.610698538571295746e-01
1.128660165712735752e+00
8.973112560377043412e-01
1.052013086349519844e+00
1.386506004915179169e+00
1.243349532233186450e+00
1.093452306693420084e+00
9.837217203823755973e-01
8.008205756899098304e-01
1.067016976409249196e+00
1.013413696462959201e+00
8.672553480669606962e-01
1.128343868755528723e+00
1.087222126046829107e+00
1.442572151030762750e+00
8.749878172597713721e-01
9.647888461034657137e-01
1.269803103932737764e+00
1.664038417857892194e+00
1.894764620524120868e+00
1.316315148067351615e+00
1.235864886415568797e+00
1.272957449245492700e+00
1.393417082311270150e+00
2.172488110150426976e+00
1.690713455224318373e+00
1.228442647044171832e+00
1.061666451018509427e+00
8.634405370614304243e-01
8.934391641857066801e-01
1.373575086497160092e+00
8.175628722729744169e-01
6.827876062596576201e-01
6.875693250760327446e-01
1.206703124173715835e+00
1.448632574681557594e+00
1.793597460502849295e+00
1.468836839461549637e+00
1.479487714500020479e+00
1.268565437232529902e+00
1.646480832356964852e+00
1.279133845455678209e+00
1.467804545099071323e+00
1.139257778509382701e+00
1.239614378636166192e+00
1.376666520301077945e+00
1.016721741104931409e+00
1.717366328232746486e+00
7.771133124284235194e-01
1.005337708508829531e+00
1.096528214561672376e+00
1.224495506311502835e+00
1.122358193780670366e+00
1.070332982173924252e+00
1.414217911318370824e+00
1.369094530764565221e+00
1.434233089970468056e+00
1.361303143657089265e+00
9.831556468836359919e-01
1.171308369494322710e+00
1.066672764096813886e+00
9.321962258915452715e-01
9.408867146570112361e-01
1.156298295628375161e+00
8.704217547128643151e-01
9.771188472198529817e-01
1.223217130654777218e+00
6.877738899521179672e-01
1.129888935849353349e+00
1.047166537767648009e+00
1.521026823238366132e+00
1.773238007807043548e+00
9.874945209013112901e-01
1.644899753031279221e+00
1.623088826698025233e+00
1.500351348297913390e+00
1.370784398398572801e+00
1.403011281058531345e+00
2.087005192572587209e+00
2.204136976539396553e+00
8.338116439852945039e-01
9.370471063122443045e-01
1.350042163604133760e+00
1.157069755779644771e+00
1.836208356934447838e+00
1.224447432292836924e+00
1.057983489983216785e+00
9.095325931068903857e-01
1.256802457001257034e+00
1.328511261966728974e+00
2.011437362593007094e+00
1.268074388883837944e+00
1.251018644300052385e+00
8.999084734522777573e-01
9.106720689569527405e-01
7.697148755697724720e-01
1.255896602581379362e+00
1.323595052206113953e+00
1.013574534459306120e+00
1.262724964193860711e+00
1.455925212763887533e+00
1.407719003803817426e+00
8.909807906100737362e-01
1.082471990750710322e+00
9.094402255428994941e-01
1.073992507887227221e+00
1.006775860559144808e+00
1.171780742854362067e+00
1.322343662131166608e+00
1.228529007140285234e+00
1.808508585587744522e+00
1.832818379349976823e+00
9.351090250078011312e-01
1.168758191760691734e+00
1.008323920868052781e+00
1.068293262632563856e+00
9.112301214336342436e-01
7.931033764678629971e-01
1.042788553753554393e+00
7.905863000560973131e-01
1.081707753447776366e+00
1.128622314214343003e+00
1.009409861119830110e+00
1.048374851362557481e+00
6.458760794762814506e-01
9.035150165657273025e-01
1.453862655422244909e+00
1.302856021958886945e+00
1.166831161086389512e+00
1.025505554722398127e+00
9.514265248759458116e-01
9.372649802557553311e-01
5.750607956757627370e-01
6.614898936830453380e-01
1.530883308967992074e+00
9.121143247047684977e-01
1.178093248385760461e+00
1.163835385897818764e+00
6.081087728156190364e-01
9.120826420484960950e-01
6.327470334353966219e-01
1.037768248536800053e+00
7.285746297515518499e-01
7.622050560172664024e-01
1.094927470564280858e+00
1.395069553134288931e+00
1.410226026652328102e+00
1.577095963239043996e+00
9.631567843190318445e-01
9.802459060349670850e-01
1.298695990210787743e+00
1.000046772053633903e+00
1.067096936219473768e+00
1.518263533741743609e+00
1.908982997178481966e+00
1.118950725630791343e+00
1.218567804175510583e+00
1.147013874839317271e+00
8.067362971495430912e-01
1.071970084677876578e+00
8.327994798237250418e-01
1.875904699177971535e+00
3.969129805053871252e+00
2.933971747361380444e+00
3.023367053967695117e+00
3.010808993608923956e+00
3.513173891823828221e+00
5.595810002622832791e+00
6.022153397165038058e+00
6.568640657840990826e+00
5.747124476345719657e+00
4.617477199010229683e+00
2.719492250567252078e+00
3.814772651152040339e+00
3.397339335147941952e+00
3.010932277955103764e+00
2.444549825967273549e+00
3.334304289432530766e+00
1.916468599329657962e+00
2.004717284406587030e+00
4.190766212403495672e+00
8.059894971762584959e+00
8.002840693624124313e+00
6.987537899522537899e+00
4.441991122571554484e+00
4.838265728941189892e+00
3.251955432216075970e+00
3.381403841930885612e+00
3.715728358671508413e+00
2.381351263580997468e+00
2.804506465092330814e+00
2.811960005165900167e+00
1.061570927149146470e+00
1.687946239511138202e+00
2.552469134164884856e+00
3.682316239966481497e+00
4.744906540180236831e+00
4.038887764984174567e+00
2.383162075072628561e+00
1.900243484795806737e+00
2.478105422660158652e+00
1.797774035316796137e+00
2.255329824099895131e+00
7.282630295370530860e+00
8.906864911081008529e+00
4.865178578397872045e+00
6.323447186581523383e+00
3.867987656246167028e+00
5.490139128641555288e+00
3.499867828678095538e+00
3.160800894968982977e+00
4.337582999576266474e+00
4.437359178889852096e+00
5.047019344587458711e+00
6.448614818919910618e+00
5.533592072129749795e+00
4.770654747177736965e+00
4.625910965252072238e+00
3.625991626316401373e+00
3.476952768513875469e+00
2.750133053834109109e+00
1.770072844030653014e+00
1.599726718885734478e+00
2.040520260864706614e+00
1.651688865475584134e+00
2.408686631901102437e+00
2.715622391507614974e+00
3.164065122558432641e+00
3.025918656441015653e+00
3.814186315138805128e+00
2.019292400751751870e+00
3.807352393790782497e+00
5.228712300770337329e+00
9.699485841140116804e+00
4.149456272743152319e+00
2.709666626334742201e+00
2.688876671532304918e+00
2.211681578563385209e+00
1.290482734594603720e+00
6.055673593333409377e-01
1.047510513077862582e+00
1.116799359882422182e+00
9.503866207843019165e-01
1.139772952267597228e+00
1.541860966715317360e+00
1.598004663456457752e+00
1.776834128568408833e+00
2.611275326760982729e+00
2.305935620106849271e+00
4.224215153581469373e+00
1.874022688085087429e+00
3.914440127674160053e+00
1.040303606880209486e+01
9.541772853566822477e+00
8.007073535776846995e+00
1.286617371744867810e+01
9.270636315126138172e+00
1.027264434615178956e+01
7.856435260004045240e+00
9.696359904849183309e+00
6.102648891745390713e+00
8.015383288843995757e+00
5.862786508633782923e+00
2.617630491245112712e+00
1.887654483600408772e+00
1.832501752728031841e+00
4.527642147953845786e+00
1.778280433208492717e+00
1.901225540305456541e+00
1.933723978007794830e+00
1.613778251646264650e+00
2.430684976543791009e+00
1.756181787069983180e+00
2.349841676996054840e+00
3.743113445289134145e+00
6.831103095452131235e+00
7.477654686670110351e+00
4.516755690379087085e+00
3.534403327794215954e+00
4.139585642977364088e+00
3.756095529556143564e+00
5.816148153966821610e+00
3.613883404454483195e+00
4.894724393719378952e+00
2.679874497987035475e+00
2.571922192957318387e+00
5.012157779866164731e+00
4.528752048748110326e+00
2.938395647863080828e+00
1.981675342418743879e+00
1.788909046207423525e+00
2.750254889105035794e+00
1.999352587892895938e+00
2.977942589406824769e+00
4.470961023542764146e+00
2.133442731157961347e+00
6.172858886793118671e+00
5.411114479812570544e+00
4.867129366282137326e+00
4.031864850134267542e+00
4.752538183882649037e+00
8.948614875129095481e+00
8.413343234899798517e+00
8.201859699695658534e+00
7.726128817563123086e+00
9.711443346796674092e+00
9.465535032245279368e+00
1.024178985695276545e+01
1.036727774313274786e+01
1.018154087900902027e+01
1.191539368942601484e+01
9.288193780246675857e+00
8.368533459275814934e+00
6.677539140739847667e+00
5.851980051679067429e+00
3.976818038505997244e+00
2.310747475305383603e+00
1.452453047239707251e+00
1.318591793975583348e+00
1.647611357379347385e+00
1.154984803090746359e+00
9.498362676526669324e-01
1.263507796834012264e+00
1.725273331838035773e+00
1.974988457490691518e+00
1.793034966232608607e+00
1.616098377713508727e+00
2.089901402670885755e+00
1.798736281733609887e+00
2.314517569960793608e+00
2.319195824480468904e+00
2.821015760001460038e+00
2.503862781040447238e+00
3.779357374480783349e+00
5.247462747307375608e+00
4.440784868961627829e+00
4.560168363207949938e+00
4.492262564481853460e+00
3.257938085617723800e+00
3.429022748130316600e+00
2.920492430712596565e+00
2.625664958235061963e+00
2.659922410548100302e+00
2.500680004650562616e+00
2.367558534558449779e+00
1.573972708518297736e+00
2.887604199458024823e+00
2.672433108727497952e+00
2.550827549319712340e+00
2.554872543408710506e+00
2.242594171432836347e+00
1.567944029617912571e+00
4.631007767361260186e+00
8.014780879620719389e+00
8.340033221442105571e+00
8.797441258379226525e+00
7.041395969261671439e+00
4.629387381119784983e+00
3.183322429819799293e+00
3.350557097813043672e+00
2.309320106590083022e+00
1.815309728711959281e+00
1.298895066612131277e+00
1.807836268626070275e+00
1.029547534148547161e+00
1.775013369768059235e+00
1.992268551913927599e+00
3.084695656919822948e+00
2.378824674413610563e+00
2.507414597831200798e+00
2.007609414231136480e+00
2.182722185061493736e+00
2.869007463694060789e+00
2.577325368734030064e+00
1.733437289616616805e+00
1.904871381029552335e+00
1.674922577625127751e+00
2.064539175405397220e+00
1.483596572890804044e+00
1.539619075048952901e+00
1.672108287705085683e+00
2.330905984419449517e+00
1.455077247835924625e+00
1.752324805487949444e+00
1.251207439753329265e+00
1.841668307830231610e+00
1.849757023544685630e+00
1.862655001334448279e+00
3.088019696085514632e+00
3.777751031438519647e+00
3.378855701363000730e+00
2.355997528250610706e+00
4.937713476081720287e+00
3.885324190024676216e+00
5.067142226849504105e+00
6.806882913567664062e+00
6.395718500285289210e+00
7.904757937241138066e+00
1.416768586688970011e+01
1.807905945372814926e+01
1.706487214069170122e+01
1.560882118593687906e+01
1.590288519451096505e+01
1.593269315475044401e+01
1.022910277210982066e+01
7.131778040574356936e+00
1.055204649043897902e+01
6.373893470621517565e+00
5.090349470008035837e+00
4.190782503111741164e+00
3.080166376001129969e+00
2.204878337653932263e+00
3.045582143256151397e+00
2.871525764303868300e+00
3.652662241920634045e+00
3.139328294916842843e+00
3.362591425819742241e+00
3.272223413813530435e+00
3.876243101785557421e+00
3.189345644396724300e+00
3.928564169031980136e+00
3.978903696068190055e+00
4.127133471029312162e+00
5.162400531712045826e+00
5.276625372154267524e+00
8.397109329071215100e+00
1.184485365088275977e+01
1.239984016110532572e+01
1.304692157991422086e+01
1.528478948472949916e+01
1.478178971800021557e+01
1.411642969547947679e+01
1.327017560558686071e+01
1.167983784970247640e+01
1.042014177157284394e+01
5.171245459301639258e+00
7.637184761595602112e+00
8.299156667050446856e+00
7.847076489821795953e+00
6.781166502755667125e+00
3.775879861991995323e+00
3.485049431518532081e+00
3.722393928981913014e+00
4.531812903255088010e+00
4.516088670167274444e+00
4.479140551812014870e+00
5.347447923406082992e+00
4.134815437483624123e+00
3.452652304436752750e+00
4.178881198249051465e+00
2.752996746301291431e+00
5.390073442836012418e+00
4.695740551977298338e+00
2.014709754845897649e+00
1.965344137367299959e+00
2.519194573204015519e+00
1.906510670464051094e+00
1.799859935053940596e+00
1.645620846012813221e+00
3.430773816866268255e+00
5.149344649254143036e+00
9.906558509856349559e+00
1.156282625189767188e+01
1.004911244597051656e+01
1.012887978555461643e+01
8.111864642939591974e+00
8.382457971763056293e+00
5.116010890290989543e+00
3.941761045916148731e+00
2.893980412810381431e+00
1.593898475574209606e+00
1.854132682906120877e+00
1.983834142470511264e+00
2.247122967207706434e+00
3.295510810231466525e+00
4.328235682431665232e+00
8.124334593300764240e+00
5.931138652334418282e+00
3.314491989789411619e+00
3.509640733098366105e+00
3.902551911092925430e+00
2.619972622654061389e+00
1.926404134041900029e+00
1.736136073042961359e+00
1.435271413652077444e+00
1.012542757565570106e+00
1.822047046205057086e+00
2.005171050400169186e+00
1.860883030203248412e+00
1.442322893878333900e+00
1.387590994650703458e+00
1.310801152039590578e+00
1.501076653065902988e+00
1.220707342657456174e+00
1.250740713428320383e+00
1.185862324687007252e+00
2.772661908841691947e+00
2.609247467686194533e+00
3.661482266536397301e+00
6.510058761227797142e+00
6.298827160759421950e+00
7.230649872610900530e+00
7.128065491322831626e+00
6.650749638390331953e+00
5.966958121446448438e+00
7.726017156047308987e+00
9.405670094163479433e+00
7.419047962426405185e+00
7.149980973683432772e+00
9.810955706992196212e+00
7.519174236454366778e+00
3.916150862695932489e+00
4.010844331179096223e+00
3.009589312671759664e+00
2.871436769888913609e+00
2.185282084186137119e+00
2.246485139811358778e+00
4.428715889906196246e+00
5.537731085188477564e+00
1.140699065774760257e+01
1.078052587799266604e+01
1.590533259448275771e+01
1.345015401137767697e+01
1.324949364007942165e+01
1.137223798917961837e+01
1.068149858766985894e+01
8.572687364547048716e+00
5.854833285027546630e+00
6.333712673260488479e+00
5.477419732778056272e+00
6.279803504207244202e+00
7.023233094328364956e+00
1.348312621849955306e+01
1.413994386523238589e+01
9.889068725319420494e+00
7.271934534224486768e+00
4.330872951616743904e+00
1.888230403041794236e+00
1.371244363039260339e+00
2.559269715575317239e+00
4.384749918791179368e+00
6.514968815917313805e+00
7.666966431479934840e+00
8.760744897326791403e+00
1.103519630441413391e+01
1.206465207574031773e+01
1.342286108183697380e+01
1.163496520527998435e+01
1.217918306490728497e+01
1.251119219694001927e+01
1.464831808108699818e+01
1.304466989296434498e+01
1.472837089729546989e+01
1.591307369699245378e+01
1.521585217164178516e+01
1.240458474443076753e+01
8.942525632010736913e+00
6.624508783085771846e+00
4.822145177508293301e+00
4.705588383345607362e+00
4.373794419642204723e+00
4.942819408447995500e+00
4.165131221173942855e+00
3.653896358580992043e+00
3.339334382808800683e+00
3.133441115650552611e+00
3.550993124005921153e+00
2.793602743523973864e+00
2.523547593520849563e+00
2.312259269690995822e+00
5.633082067705404761e+00
5.365661050731580062e+00
9.258182588655389011e+00
1.049065571110509332e+01
9.902197412261212861e+00
1.055128560656936543e+01
9.969586481340902751e+00
7.530984582187208787e+00
1.023074103775532784e+01
9.012616966126682172e+00
7.823935072796325940e+00
4.883933227802349286e+00
3.750378568146873981e+00
4.410135750090237394e+00
2.774298854618104659e+00
1.538903713678283047e+00
1.648650219629320013e+00
1.346301675258345876e+00
1.662444277488151601e+00
1.350466554241839257e+00
1.204224315052154548e+00
3.233856103320245978e+00
9.794341329165412446e+00
8.545324867649259915e+00
9.806587659379896849e+00
8.614644733882739658e+00
7.681148265624177185e+00
6.825214167490702977e+00
5.544241095897541882e+00
5.151996541810619945e+00
3.629338979315570146e+00
3.147451701806766700e+00
4.131390611759655052e+00
2.880040440023991177e+00
1.872125916975885485e+00
1.942924400537250573e+00
1.476602531560939680e+00
1.702796749934282428e+00
1.696021505923942740e+00
1.719498558997242910e+00
2.863795643396080948e+00
3.521583423076177333e+00
2.312899891474635705e+00
3.721233997504864277e+00
2.726075297448158352e+00
3.353201466022206034e+00
2.239585957078043421e+00
2.170653845713154340e+00
3.075310563997192048e+00
3.753469670214063747e+00
4.536932584336350160e+00
4.438768112440747871e+00
7.270110697997099081e+00
5.574847508789833483e+00
9.397749238571599051e+00
1.188944967048292334e+01
1.356089601794634802e+01
1.915652715507688342e+01
1.580153194286347151e+01
1.424364298682249874e+01
1.077831259481852655e+01
6.750776896656949688e+00
6.775797887098050865e+00
4.026885830556143908e+00
4.735717430912963266e+00
3.479607498791935427e+00
3.747012703301621173e+00
4.141327822003839643e+00
2.818326595479434538e+00
2.230923905054309042e+00
2.372657656602346510e+00
1.421500582520378364e+00
2.460951480951941495e+00
3.660936812634720816e+00
3.586649563014697950e+00
3.799405516982977016e+00
4.903081757007637265e+00
3.697220865791541300e+00
3.398888032911317580e+00
2.405346205874391075e+00
1.876670614845538765e+00
1.877471300759540274e+00
1.839028976680808114e+00
2.380502531897184415e+00
1.825248863634143515e+00
2.482707606326685745e+00
2.249510082010175438e+00
1.769680072195994658e+00
2.037052772048361771e+00
2.573476151859875216e+00
3.345253746437477638e+00
1.983207570978064105e+00
2.058179995659775496e+00
1.426021118648689079e+00
1.970656643184866663e+00
1.851289270505445117e+00
2.093341715442464945e+00
1.873164477900387537e+00
1.497252803499764751e+00
1.303002836829348032e+00
1.376198845025089046e+00
1.821480558359048540e+00
1.835206998778892151e+00
1.794686211719987989e+00
1.084599066453779237e+00
1.982102592420575515e+00
1.921856190880759874e+00
1.106638774891371746e+00
2.110493349647296846e+00
1.560307855712414149e+00
1.303613754688995652e+00
2.760182808167814805e+00
6.950715796804782798e+00
5.743035052455527811e+00
2.469531597964812697e+00
4.126713650678714984e+00
5.394281244573962297e+00
4.467545586285497805e+00
2.877305338422709635e+00
2.840646043076251015e+00
1.827123437850575405e+00
1.844098159432081774e+00
1.729939843654581644e+00
2.403768234292694927e+00
2.051475561166899997e+00
2.142216855714461854e+00
2.557617093716372469e+00
2.212627462735665240e+00
3.155217244508789154e+00
3.157433184961863759e+00
1.819986088074960318e+00
1.324382767993322663e+00
1.831896504792241309e+00
2.016031086073692968e+00
1.459260513286431582e+00
1.485495192212267668e+00
1.425824183327934147e+00
3.890577433926902806e+00
3.289812359623276006e+00
3.315326324445186046e+00
3.431474891714215048e+00
4.073181913489109185e+00
4.081326341666017044e+00
4.903940097348042926e+00
5.501063434382061246e+00
5.168452852004688403e+00
7.226437710416417914e+00
7.743496887146022800e+00
8.573554867737772867e+00
8.473940631557098868e+00
7.143503655480435199e+00
8.558572384318170023e+00
6.146442764414259408e+00
4.912477180558146195e+00
3.792838268895455833e+00
1.295705660486785593e+00
2.332571392620431006e+00
1.006324716723758783e+00
1.039964423226920953e+00
8.399588401666764348e-01
1.154347747809886915e+00
1.748378805170302641e+00
1.809297027800849555e+00
1.571607273959648055e+00
2.413380432435012768e+00
1.978826980921532197e+00
1.318117215631172234e+00
2.187418851649082452e+00
3.004560306558474725e+00
5.213083317409517470e+00
7.724289726501258002e+00
6.423736205850152814e+00
7.472484094009341327e+00
4.935508919164274921e+00
4.221800365732907956e+00
4.811245585452134321e+00
3.172202453621858709e+00
2.308891162717335632e+00
2.415511936817652305e+00
2.370656202593377504e+00
1.467119934595589648e+00
2.335274936511521737e+00
2.603984239001461809e+00
3.178895670485461178e+00
2.265493517547977564e+00
2.030668498602024474e+00
1.807192336742937444e+00
2.518622509317721914e+00
4.248266483955815964e+00
5.674056011729987858e+00
5.174000120934961977e+00
6.997370165187774660e+00
7.416911337940675253e+00
8.847374029516839045e+00
8.487929883422740573e+00
6.291427305346769749e+00
4.832058034360872334e+00
3.325221926866848143e+00
3.759850130386718448e+00
3.324774395642978497e+00
2.717504922774040210e+00
2.720404791703573188e+00
2.449436330110581039e+00
2.071832893541991627e+00
2.961610125409683825e+00
3.928820251236645689e+00
3.555737715185899983e+00
5.307475829036940596e+00
4.259611257154695352e+00
6.424937715290255369e+00
6.143488088378642686e+00
5.583682266412384188e+00
3.283357589064386683e+00
2.704827433933267411e+00
3.448700940963124850e+00
2.214284892154117390e+00
2.714036931043362078e+00
1.796270432649834881e+00
2.516128632405321586e+00
2.918754306707774582e+00
2.217371228241540315e+00
1.616960434032092220e+00
2.638146024123408484e+00
1.682786417330710549e+00
1.561425137674906871e+00
2.919331200947471228e+00
1.602447998459783918e+00
1.918155399923338056e+00
1.871948976263889008e+00
1.948999275163012523e+00
1.578977997082498419e+00
1.431855769445919968e+00
9.107663877896912119e-01
8.731630019357281558e-01
1.104711652756409368e+00
1.616475181369397607e+00
1.140621718354259295e+00
1.843693433605281484e+00
1.220470226780536294e+00
1.317234358303652320e+00
1.997018609363327979e+00
2.689983582872780943e+00
2.507331662112397552e+00
3.070500265100109871e+00
2.272620445194882599e+00
5.631072303814780966e+00
5.014399589066347751e+00
5.461283892525848671e+00
3.235493634324504875e+00
3.693038611409719341e+00
1.352462271477779865e+00
2.344192035819785414e+00
1.248101085760755069e+00
2.525384679407919108e+00
1.273572742140885339e+00
3.196697334682743197e+00
2.819632543241074707e+00
3.882953547026056551e+00
5.783750457960390889e+00
6.259112946522692233e+00
6.196134348160807548e+00
4.731267468444952939e+00
6.241991459239380369e+00
4.885517736062320537e+00
4.200669919093733107e+00
3.460652037465635544e+00
5.061777926698578511e+00
2.898179935717592581e+00
2.888785315653672470e+00
3.508577138905735637e+00
3.343852101614233074e+00
3.571439895124629782e+00
1.880513839769025974e+00
2.997811223703420236e+00
2.390063293415409351e+00
3.058042251567346881e+00
2.748873235048522989e+00
3.820672821432387956e+00
3.576809637073482762e+00
1.935034527984507147e+00
2.814630360948308319e+00
2.698693194922245020e+00
1.847134375167883480e+00
1.919980944862829109e+00
1.779418728229483548e+00
1.995463229689405260e+00
1.923756549476298261e+00
1.968381954335698847e+00
2.110667442405016914e+00
2.889558821213104700e+00
2.265088880075583511e+00
4.374691344644936919e+00
4.867761721639332961e+00
5.044107289051601661e+00
7.680971540567399281e+00
7.646210973204187411e+00
6.315479691449010780e+00
9.767101749387354204e+00
1.010530288439528235e+01
1.239479768336899035e+01
1.194810134001828317e+01
1.105519968989625923e+01
1.236483863849637110e+01
1.051976923171483413e+01
1.077653432664139821e+01
9.138821682889984643e+00
8.967164962041655585e+00
6.722801396437266597e+00
6.637132896542247806e+00
6.260987063142786191e+00
6.015552710924709778e+00
5.370833653874147906e+00
2.160406767695701280e+00
1.716537996288710843e+00
1.297437268247062958e+00
1.562653652994978160e+00
1.646921282680868348e+00
1.497480052096913816e+00
1.713432448177577117e+00
1.693072642026825392e+00
1.473573729249928910e+00
1.037320462503114715e+00
1.585086721870339055e+00
1.717921572490016757e+00
1.297883843138096127e+00
1.154230462449817418e+00
9.411342605300285769e-01
9.644841038155133051e-01
1.251219112343220363e+00
1.047233376042774555e+00
1.805682819705259234e+00
2.159526364643693519e+00
3.039001550206998026e+00
2.960119202202425193e+00
4.120972570513228739e+00
5.160784099747933951e+00
7.143008015475309058e+00
7.098763673932457330e+00
8.184716077525340694e+00
7.302741223534034098e+00
8.562847554910097969e+00
5.950569007118656550e+00
6.351003503226666069e+00
4.776139862636433087e+00
3.768216490989567458e+00
2.599910877135600096e+00
9.896633169488875392e-01
8.238361279139245763e-01
1.391635378342992446e+00
1.471459129195453297e+00
2.004621938371661916e+00
2.485561207044912901e+00
1.983909750469468714e+00
1.737854724728715716e+00
1.521084730046479816e+00
1.509948351554624146e+00
2.077297220926275667e+00
1.189162157638678385e+00
1.125884685566699073e+00
1.089272350821320012e+00
1.349659329557156839e+00
8.021254997233621120e-01
1.190819998892408638e+00
1.536706213998818127e+00
1.358986573034982381e+00
1.466112427426822462e+00
1.927982587738017894e+00
3.735383865538161707e+00
5.242620256236042664e+00
6.701201062794156726e+00
6.901681064994694914e+00
6.786809156614593164e+00
4.615317187872898685e+00
3.728776025868836719e+00
4.222024492094907266e+00
2.751475158529958165e+00
2.463815823664689209e+00
1.677177517371250204e+00
1.661431777372672336e+00
3.272157047229124593e+00
3.639523323126244492e+00
3.900360586341242275e+00
4.563233153820366539e+00
4.087631038604254030e+00
7.511720259259938359e+00
3.713942175104840704e+00
