3.928011948335986547e-01
2.876201948626102012e-01
7.076042237258997059e-01
5.359853548602220297e-01
8.413142776543052204e-01
7.249796632707774524e-01
1.005069091064629827e+00
9.097749463648949764e-01
1.543140420083656039e+00
1.907276222623789597e+00
1.295112023133655033e+00
1.190827878538928797e+00
1.106526882208738405e+00
1.265586300867565406e+00
1.279259479357710116e+00
1.032288754209558235e+00
1.137723665113989036e+00
1.183990378200882709e+00
1.272881441139979808e+00
1.256229320789340242e+00
1.050110004001268749e+00
1.165956801826277811e+00
1.512830471719533332e+00
1.515335487389897873e+00
1.329702408213341513e+00
1.071448952971644442e+00
1.112599796695741716e+00
1.088191076188289808e+00
1.473499228097649771e+00
1.109945833185782327e+00
1.155140281024341853e+00
1.012629370451791910e+00
9.023372966185774224e-01
1.011298420213372573e+00
1.521913246544159604e+00
1.208538886091542031e+00
1.329253403117477195e+00
1.295728664105693539e+00
1.126018038218893569e+00
1.523829307116737475e+00
1.007394206112386170e+00
1.107763429692940171e+00
1.026637625190054193e+00
1.015502591562331469e+00
1.291099863623901500e+00
1.366491421993453192e+00
1.508038921300083768e+00
1.337052686886968100e+00
1.196431808299060151e+00
1.547351872333387224e+00
1.837004798729411803e+00
1.846587067247387193e+00
1.440630744428065046e+00
1.621173504938999255e+00
1.692380229311790885e+00
1.355189305474276740e+00
1.570346997146285561e+00
1.958620530969318985e+00
8.803175703238386163e-01
1.264457490373659176e+00
1.067126402619443581e+00
1.034262564305038934e+00
1.009026558808685747e+00
1.149644754595623874e+00
8.709982912944682631e-01
1.285968170658999599e+00
1.370419478494514287e+00
1.262658706936630626e+00
1.488827071007134073e+00
1.391365841086017241e+00
1.558995326278969973e+00
1.674759027764837871e+00
1.680243057943394680e+00
1.253742566694292293e+00
1.194625327689065264e+00
1.381319000309370271e+00
1.306077070696335385e+00
1.246660179228231691e+00
1.399740590506870941e+00
1.533401054044300604e+00
1.415194163779285308e+00
1.205842600264411590e+00
1.306331850274145001e+00
1.854658922424380352e+00
1.307018481816188071e+00
1.547237434996156180e+00
1.099016043309093638e+00
1.371186975772480832e+00
8.763559411130082966e-01
8.790307102595675826e-01
9.573171876829351667e-01
1.433448592508314023e+00
8.665882274828607956e-01
1.082391414094057147e+00
1.382768663470131276e+00
1.240507307374228763e+00
1.245777245978506809e+00
1.453814963146875527e+00
1.129734709719463659e+00
1.408695416560484137e+00
8.823439302673543594e-01
1.151266300756969674e+00
8.330536987834926688e-01
7.966869496284101348e-01
1.186868775916762431e+00
8.849309911518734584e-01
1.032365085862619658e+00
9.548533624046759982e-01
1.364362921759970870e+00
1.136619967075481519e+00
6.691532928384271717e-01
8.084515729928677397e-01
1.250330027229773489e+00
1.340053603837570773e+00
8.110366157683646104e-01
8.425627448426254995e-01
1.105887921182524103e+00
1.145704341602230114e+00
6.751703704675299234e-01
9.086015777470808352e-01
1.145717613503381083e+00
9.087098989534976301e-01
1.040509138917890208e+00
1.234680664883012868e+00
9.898692453937152358e-01
1.402408263713475156e+00
1.053897704090581922e+00
1.304605291014075519e+00
1.939683941848251436e+00
1.480736594061438538e+00
1.278750321792844424e+00
1.202425896168532571e+00
1.118364468322545546e+00
1.077148801303016379e+00
1.345194598889214443e+00
6.233955053998269102e-01
1.309098801450784499e+00
7.798090282054860323e-01
9.253293973471229394e-01
1.602027444782911925e+00
1.270180828924104777e+00
1.243893261244706450e+00
1.470824393401573449e+00
1.173755718744415866e+00
1.935866700814172781e+00
1.735765172229029263e+00
8.687059348128056691e-01
1.141217503026064506e+00
7.933045567833131306e-01
9.456753247159948028e-01
1.273674269587749430e+00
1.690231978800039503e+00
9.327634584298316600e-01
1.378397564110457552e+00
9.233623430056163706e-01
9.230677889605090058e-01
1.469156260120634272e+00
1.174547152678601769e+00
1.142745711689983956e+00
8.776773681480148914e-01
1.616336030180146821e+00
1.553502934501346910e+00
2.799975539074104791e+00
3.099116436181613476e+00
4.133555717585601030e+00
4.706893200485316342e+00
5.956434594736975896e+00
8.762851355052356794e+00
8.856868277110013565e+00
1.139455406404780646e+01
1.409819525967623122e+01
1.527317089715640108e+01
1.885395028684818897e+01
2.063438604776229468e+01
2.672770607609785642e+01
3.147763648197429731e+01
3.672448585073811955e+01
3.902031667841902163e+01
4.576475878119403262e+01
4.578188550108644961e+01
5.017939773078718702e+01
5.040547200939730033e+01
5.501967775874468458e+01
5.900567081560869553e+01
6.254621956259833127e+01
6.262794028822965231e+01
6.436498091488294904e+01
6.349892367536408244e+01
7.092476263631535005e+01
7.378201998268998807e+01
7.322345884701171315e+01
7.543941195596960370e+01
8.770588744338803622e+01
8.795927064880746116e+01
8.838820494466806110e+01
9.220110123693791593e+01
9.298091679394219966e+01
8.769327310595009806e+01
9.567863685577664512e+01
9.226172164327374503e+01
9.433182967854580170e+01
8.856290838044229474e+01
8.864391825486485743e+01
8.707528333759498196e+01
8.748480960091825409e+01
8.941766397876082806e+01
9.369740830593752889e+01
9.210436399736389035e+01
8.907347610378370462e+01
8.960891305262993001e+01
8.114947522924762779e+01
8.749378678943530474e+01
8.206360053652883835e+01
8.688907075541422387e+01
8.615283243431672133e+01
8.873453473961802729e+01
8.032028976231164563e+01
8.435583288159824633e+01
8.591140409105665299e+01
8.973452726344766006e+01
9.231299902383403833e+01
9.115386866537508581e+01
9.108246062117470387e+01
9.318666002386605385e+01
9.096045163092819053e+01
9.578516646779650046e+01
1.004308014069232513e+02
1.021586931830142788e+02
1.026984083224398177e+02
1.088507878828994251e+02
1.018030453305625258e+02
1.074302650465501756e+02
8.976495412310212885e+01
8.749874812477816022e+01
8.507324302806878791e+01
8.784611382214922060e+01
6.595132484160797048e+01
6.428455329315734446e+01
7.313981539834101397e+01
7.123413935194169255e+01
7.022299945634621565e+01
6.876568942765959491e+01
6.712869432152382387e+01
6.795025607601309048e+01
5.871678895627943717e+01
5.859527197150258360e+01
5.272124664512357839e+01
5.365780499522966807e+01
5.618137194280541280e+01
5.594223408424737443e+01
6.381751466511974513e+01
6.205803335428154810e+01
4.912698924011988311e+01
5.027863352503049299e+01
5.435985254067485073e+01
5.318477367989721927e+01
4.676212133065939724e+01
4.813126500555326714e+01
5.178344100113601911e+01
4.968690441013318804e+01
4.884856348491338451e+01
5.072065349501185949e+01
5.030193306412341769e+01
5.381248027465063188e+01
5.172577770377382222e+01
4.913479874436107764e+01
4.726699086141796613e+01
4.514362143081696388e+01
4.276956588871093601e+01
4.343066634570546825e+01
4.901754119105722651e+01
4.768151964346161265e+01
4.911033523634429798e+01
4.835235568682432472e+01
4.168923972610734552e+01
3.966902345950659736e+01
4.060231081158509170e+01
4.156770860875924711e+01
3.625654886457466120e+01
3.598740630518112482e+01
3.743740470095936956e+01
3.700157063468348895e+01
3.727421892696129646e+01
3.795143694387402178e+01
3.432115478012921272e+01
2.883887640581041722e+01
3.651721773422876538e+01
3.339558475617118916e+01
3.650039784816227950e+01
3.488906379295168136e+01
3.574727250477072715e+01
3.751958980000159727e+01
3.011452736756509552e+01
3.492386031365963106e+01
3.529944382262146974e+01
3.037553223705529604e+01
3.167501673809476870e+01
3.250452923076207412e+01
3.704770193362666930e+01
3.402422354358942869e+01
2.806939531099171248e+01
2.543471395984471073e+01
2.856384026516472119e+01
3.223156930657128783e+01
2.978321806634291136e+01
2.787604640106150455e+01
3.112432860554021019e+01
3.319783013378951608e+01
4.017702296317453659e+01
3.696809171815846184e+01
3.260905203196875135e+01
3.337739262660881678e+01
3.308095085188131179e+01
3.383592510235331474e+01
4.103659102581484319e+01
3.913909492356557251e+01
3.681969319791105022e+01
3.581679876464514933e+01
3.407859037924826850e+01
3.734789935057047927e+01
3.422093744662336690e+01
3.465551560273540588e+01
3.377834063134402243e+01
3.329529002345906719e+01
3.805988528758259548e+01
3.571943084927228540e+01
3.406904896806462801e+01
3.515023655445712336e+01
2.586716809261220362e+01
2.643869701195599120e+01
3.158758679028460392e+01
3.075653372679836650e+01
3.001848505220817032e+01
3.114180235076597469e+01
2.205357440135618674e+01
2.514862240031644447e+01
2.936235917879576363e+01
2.754041046614419486e+01
2.971179583275031177e+01
3.189139977168522222e+01
2.384221234350307128e+01
2.327100907423310616e+01
2.596344147076700182e+01
2.624040312015299037e+01
2.702135586913788146e+01
2.601602176141077649e+01
2.246254658213838695e+01
2.161008931514480480e+01
2.743269015716236581e+01
2.588480871388810556e+01
2.386124334269280212e+01
2.194153889072794783e+01
2.820902962011345139e+01
2.691963725928185625e+01
2.366623258836229127e+01
2.416508104261625078e+01
2.843083451058454614e+01
2.926792007137911966e+01
2.816517295966819745e+01
2.719006712620237209e+01
2.432234122767398077e+01
2.287254020892173401e+01
2.308783869629579044e+01
2.523267748161099178e+01
2.441354584676941641e+01
2.400974933641029097e+01
2.117954065475687742e+01
1.918945595830651030e+01
2.077732234265360489e+01
2.272479172814074033e+01
2.033386184461807034e+01
2.012793435142375387e+01
2.046066372747617734e+01
2.176744378033912852e+01
1.804101954498877802e+01
1.744170272869890681e+01
2.246883157292894140e+01
2.103989973665409963e+01
2.412668110386146481e+01
1.904973456129003750e+01
2.544939119732956101e+01
2.500222853521904653e+01
2.291287116885943576e+01
2.382849880255349007e+01
1.940264302864525803e+01
1.853464917121024058e+01
2.438904566724202994e+01
2.411836356218244148e+01
2.755012100487708793e+01
2.605310126513224134e+01
2.492070941559310882e+01
2.139367797865093124e+01
2.370279177220209732e+01
2.325044062065795458e+01
2.186673420018748359e+01
2.102615299301996288e+01
2.348709950445147498e+01
2.617398134484409766e+01
2.275654111445511774e+01
2.382679047716217013e+01
2.417422466344788035e+01
2.430505829375145410e+01
2.571038570003052826e+01
2.795066060187228629e+01
2.226958665387594394e+01
2.301956906952258208e+01
2.844975526016430933e+01
2.721717900726246242e+01
1.906865122608549257e+01
1.996775201379569253e+01
2.183773975831914527e+01
2.168094761128106995e+01
2.509055484744062525e+01
2.522802068055556290e+01
2.320583476818961088e+01
2.198684394257170638e+01
2.556978703820524856e+01
2.503498592746800711e+01
2.251763757670223143e+01
2.313506258877192323e+01
2.012680737784027230e+01
2.082295990079403225e+01
2.054218360672081900e+01
2.070022710453754655e+01
1.997921213060540779e+01
2.042584640979235289e+01
2.271700703648117425e+01
2.308328101452124770e+01
2.213083080717530038e+01
2.346951885714377184e+01
2.620411450434661305e+01
2.560067879773915323e+01
2.577802248680011132e+01
2.737545308039419822e+01
2.696040445908175798e+01
2.557553273161361318e+01
2.439272560435116333e+01
2.155922324704189208e+01
2.666933846438569944e+01
2.472023811353937361e+01
2.476290637166677300e+01
2.527809216917054869e+01
2.361111012063834380e+01
2.338759529973302520e+01
2.236649995740358321e+01
2.292930654231531662e+01
2.096042476028961232e+01
2.305298183291490943e+01
2.059169109183407897e+01
2.063384003405030853e+01
2.227472746315411456e+01
2.036803083796275615e+01
2.000794124727401169e+01
2.027972960093002541e+01
1.745274864721855579e+01
1.727327017085131189e+01
1.382664322418151670e+01
1.586959246212217778e+01
1.762632023400906434e+01
1.821480034580672225e+01
1.764835552989377021e+01
1.830511854008523542e+01
2.045931434946119509e+01
1.943053093723276703e+01
1.908413190616191812e+01
1.717148800891698102e+01
1.788703482226981123e+01
1.825965031623867318e+01
2.103250323082637507e+01
2.240187355426749605e+01
1.964037446175230173e+01
2.085586650109576823e+01
1.743651455601441569e+01
1.928265356826507926e+01
1.825292232593081110e+01
1.628325893285654047e+01
1.686647472402367498e+01
1.479699381323093021e+01
2.362481957349962869e+01
2.293311889098111322e+01
2.192717844388686643e+01
2.159495165110281789e+01
1.800713762668290840e+01
1.699822655042223474e+01
2.124818651483644416e+01
2.330721251832422780e+01
1.871133259372850688e+01
1.770305537133379659e+01
1.925994533952155052e+01
2.005817286437197566e+01
2.205639402537732963e+01
1.760873168930451982e+01
1.774812389988943195e+01
1.701363416356419478e+01
1.922379906175188324e+01
1.790268543618064001e+01
2.348936522933671256e+01
2.279304338952823272e+01
2.167723448403479125e+01
2.059868857135083431e+01
2.009925754848184454e+01
1.686382510872070384e+01
1.893794893783268662e+01
1.814212790934485042e+01
2.297307622251111781e+01
1.941406379652989145e+01
2.400441884074040289e+01
2.337203163286461916e+01
2.212569357728886388e+01
2.493248803227412225e+01
2.061648591570240896e+01
2.190068688027007937e+01
2.073999278088444953e+01
2.202131718316195830e+01
1.724449716299724500e+01
1.968233293758219205e+01
1.897605961010990328e+01
1.714273695254212626e+01
1.905475190333974567e+01
1.956872174032416822e+01
1.940073201501957456e+01
2.089104327050928589e+01
1.735590607275286601e+01
1.773923174632025024e+01
2.033000929114084698e+01
2.006953131626325870e+01
1.806184679682712257e+01
1.850674690745554685e+01
1.902654906965577908e+01
2.169304634878353255e+01
2.249927371433024348e+01
2.118882549299963713e+01
1.828174914978857402e+01
1.662043125775167596e+01
1.779611246265905322e+01
1.887888082191076577e+01
1.572898225503239544e+01
1.577372198104326628e+01
1.908981264675408340e+01
1.730968509621783724e+01
1.840288778202375397e+01
1.908599325389960200e+01
1.815473199517941438e+01
1.766469043068353528e+01
2.136125777116376057e+01
1.942919006189296383e+01
1.808182317756751800e+01
1.830426730078427511e+01
1.938453535614803513e+01
1.596071200436329818e+01
1.754235056502826140e+01
1.721192926687703206e+01
1.869454305039278097e+01
1.676445758297462518e+01
1.686144720367459371e+01
1.829215866717011352e+01
1.808423525859778991e+01
1.824377515990952503e+01
2.200935595864217120e+01
2.244427670065628888e+01
1.646903520069479043e+01
1.554234816260004948e+01
1.498320715933456171e+01
1.400891630889723416e+01
1.876605601250710365e+01
1.882313950439824524e+01
1.812612095037955129e+01
1.783102338189506852e+01
1.882764355419682900e+01
1.829600671062222972e+01
1.846604862165637684e+01
1.799544641308581916e+01
2.080364478251372873e+01
2.142948150113169703e+01
2.033563397521903227e+01
1.583482406344080573e+01
1.765025230489380093e+01
1.802576444543925760e+01
2.169379834969945620e+01
1.934614530286422962e+01
1.750382126520016257e+01
1.658462227961287283e+01
2.346677003717032051e+01
2.213360700221842947e+01
1.915578274139017267e+01
1.986782448991903394e+01
1.908616027057179210e+01
1.958165647730633552e+01
1.745374373866272322e+01
1.805769030057412650e+01
1.914805558224033888e+01
2.125416187296772819e+01
2.045136997397926493e+01
1.720729655147978576e+01
2.122747966080556026e+01
2.012377519670946313e+01
1.871853382953707268e+01
1.758091841815377521e+01
1.772243289529861698e+01
1.715267402998728841e+01
2.083037690539634568e+01
2.017771833428958317e+01
1.720464041935952082e+01
1.749552440506695916e+01
1.898390060699047410e+01
1.931885570143032993e+01
2.026173052898934657e+01
2.005689978243860594e+01
1.416247221156863567e+01
1.619178884104494287e+01
1.700755123490609577e+01
1.774926702978895321e+01
2.059569795662336489e+01
2.258075900115291290e+01
1.945864199481407297e+01
1.892163767613431347e+01
1.848509145224614514e+01
1.848512115955638180e+01
1.535706592779976809e+01
1.608265770822768559e+01
2.233557629245154885e+01
1.812747812258522728e+01
1.775426063563654111e+01
1.739393351080570582e+01
2.436936950639790922e+01
2.437175397810833388e+01
2.207210900557533861e+01
2.427359526550082336e+01
1.715756467212659331e+01
1.896471257189202575e+01
2.022204718962627013e+01
2.057539746842237349e+01
2.026503303167219983e+01
1.959622059422991214e+01
1.985480963367343321e+01
1.932285178959534733e+01
2.000055692608417957e+01
2.201546419409659094e+01
1.895902767283621060e+01
1.934798552548996398e+01
2.174893344767294323e+01
2.275233769307061849e+01
2.108151666224142673e+01
2.397318095996105569e+01
1.739923470358948521e+01
1.796855689836791825e+01
2.124184994668090454e+01
2.200540928683080466e+01
2.276972232176657940e+01
2.333686535875464330e+01
1.890990949727330062e+01
1.810435859837571471e+01
1.749607657822054563e+01
1.719957071630576806e+01
2.189779786190952748e+01
2.428212237263634421e+01
1.631907072072347020e+01
1.740939680810294021e+01
1.838128396661331365e+01
1.981336393368966498e+01
1.559066182958316027e+01
1.733071429148084164e+01
2.198204214716036731e+01
2.092697120866767335e+01
2.320653754525131163e+01
2.253429628107219429e+01
2.050260596246517508e+01
1.916260647589560051e+01
2.331926066778802209e+01
2.215819926010212981e+01
1.690698279777700819e+01
1.665148980424941172e+01
2.250490658796818622e+01
1.907400607301009643e+01
1.876956561103305887e+01
1.885436551684020401e+01
1.593130999800690972e+01
1.697177961251500378e+01
1.641898018338545384e+01
1.320012914632683376e+01
1.852163813142785997e+01
1.902424038298154230e+01
1.646869179985289122e+01
1.468835797302840618e+01
1.496166916394874491e+01
1.861845213719483993e+01
1.751420635923033586e+01
1.667115001618348913e+01
1.959381150360584201e+01
1.736963827919129244e+01
1.865242073743137752e+01
1.929678812487727413e+01
1.549793295621148737e+01
1.516163511402717745e+01
2.058670587616154179e+01
1.898918614427572749e+01
2.185791686511827692e+01
2.382560654469573080e+01
1.808328286508865190e+01
1.866606450770616377e+01
2.230804264033521633e+01
2.280902146493140492e+01
1.896746509626415644e+01
2.023680474430329213e+01
1.897663274783192833e+01
1.870814992474277361e+01
2.119036226220899266e+01
2.099667545922493517e+01
2.098127566334549954e+01
2.072877038246703663e+01
2.252247352041723971e+01
2.155154281768557567e+01
2.082985300985266974e+01
2.098317416947142533e+01
2.120959139275858263e+01
1.922477595878100587e+01
1.713194850974423389e+01
1.750446888967975312e+01
2.197649987961377605e+01
2.055555453745957806e+01
2.097832443692878002e+01
1.858617460701516677e+01
1.836990868157172585e+01
1.908034120447284820e+01
1.829393835407972446e+01
1.935105950743085401e+01
1.931912426550617923e+01
2.048255048343578721e+01
2.161565766460063287e+01
2.051218152384900861e+01
2.053989163749192670e+01
2.135616222003404374e+01
2.036620117081793779e+01
1.942232223614935549e+01
1.434408601615511536e+01
1.436913975308647018e+01
2.128123334178485848e+01
1.844007896085480525e+01
1.943507534802053982e+01
1.695594091637639167e+01
1.714902344262799971e+01
1.765979386360489656e+01
1.740098261146308545e+01
1.742548487834307025e+01
1.679551375939723101e+01
1.978535027913103406e+01
2.014137761161751428e+01
1.929626113879422533e+01
1.817820544643294767e+01
2.020242124200496292e+01
2.318499442361664009e+01
2.048315027294773216e+01
1.845189764029246504e+01
1.628129401437243118e+01
1.724293272594521298e+01
1.537661552391241671e+01
1.851201400148830700e+01
1.991273767970428565e+01
2.177597875795796867e+01
1.868502875575288869e+01
1.905948728195808428e+01
2.068251541213565758e+01
1.881397616947902307e+01
2.073842244519075706e+01
2.144902186477299111e+01
1.935206984559275512e+01
1.836497438915899139e+01
1.738467717567490212e+01
1.875926440698766129e+01
1.971062463794547170e+01
2.053739658901729470e+01
1.678864781029786357e+01
1.861513862151563359e+01
1.706243385156307113e+01
1.810990452259696326e+01
1.849021790120391984e+01
1.816848241681200449e+01
1.983253641287885927e+01
1.868575110096443126e+01
1.830536406923178561e+01
2.062079772002333655e+01
2.119982404250235675e+01
1.992432475480304888e+01
1.966366755326070148e+01
2.181608281787406156e+01
2.099744123560578402e+01
1.578402610950406704e+01
1.717733654876824900e+01
1.832357346587635405e+01
2.039847031156518398e+01
1.596773874953934325e+01
1.799919688843738186e+01
1.905640945266343778e+01
1.802371058021833861e+01
1.682593110369887768e+01
2.217816984127209423e+01
1.593225822388413704e+01
1.727698988545415659e+01
1.874444554444618660e+01
1.907522916266543689e+01
1.499336795585609039e+01
1.294789388223605542e+01
1.451169386525734950e+01
1.505123029503952736e+01
1.791478226054547918e+01
1.829263730596621684e+01
1.856279424234739395e+01
1.945032304770394660e+01
1.779989906235294583e+01
1.687561648232104261e+01
2.451046858896129166e+01
2.178820344912984197e+01
1.645012674759260918e+01
1.803288857231577680e+01
1.782984241797214864e+01
1.748216446041003280e+01
2.140183654116544076e+01
1.898140598722926597e+01
1.833179982420246290e+01
1.976714178112110787e+01
1.941794435459886614e+01
1.831953998752659274e+01
2.284981953082824901e+01
1.944167538296894904e+01
1.859672407879396516e+01
2.216505175169633901e+01
2.151698295248905879e+01
2.117110390486773497e+01
1.923865414753127112e+01
1.804591508588990578e+01
1.979523275328657661e+01
2.109588940856442463e+01
1.875984124785810181e+01
1.913660570016646290e+01
2.161519079774532059e+01
2.416874988142921055e+01
2.136389590044436915e+01
2.192689590563627533e+01
2.235255990883307220e+01
2.433422533325885340e+01
2.307934539167200683e+01
2.216239929644583739e+01
2.122802842277747715e+01
2.080591369056692130e+01
2.283951180335293785e+01
2.367174726147513297e+01
1.709688490683664952e+01
1.529993226877137324e+01
1.763675436672794916e+01
1.770203679703693567e+01
1.588698544124169132e+01
1.603872070007155415e+01
2.114263563948471258e+01
1.940045078082062346e+01
1.643158476596649820e+01
1.551533354459860803e+01
1.606761647520505676e+01
1.967553660515850567e+01
1.833724334242644360e+01
1.938834519103731324e+01
2.120991628674199347e+01
2.257860697759780777e+01
1.999532312319675853e+01
2.159007217851452509e+01
2.002537384278381438e+01
1.954376257617247603e+01
1.829389908989337954e+01
1.780026919150781950e+01
2.058158874503895319e+01
2.158043014716342256e+01
1.871107888777607187e+01
1.917707720293935836e+01
2.072664586157319988e+01
2.178090483309245329e+01
2.099729299212000555e+01
2.176938156027666338e+01
1.721703984538132559e+01
1.454142689845347292e+01
1.765448682644835188e+01
1.518246624805737710e+01
1.568014756713616187e+01
1.502366944416675665e+01
1.809558294273339740e+01
1.739815173080492272e+01
1.687957533238763119e+01
1.598129378814079615e+01
1.742851134608518393e+01
1.776583444700211700e+01
1.399850175888906989e+01
1.306984211468358481e+01
1.537182333864319617e+01
1.679258311049640895e+01
1.981616595055001184e+01
1.934666681686255174e+01
1.859026117528070543e+01
1.694478440079524617e+01
1.755872069308207983e+01
1.958206976897643870e+01
1.912344944243285738e+01
1.866830286016170959e+01
1.899102492780914631e+01
1.692919487993891536e+01
2.237441396469106891e+01
2.062850647093740264e+01
2.133602665829640799e+01
1.734662013627267285e+01
2.032663890688768404e+01
2.032950705789021839e+01
2.017061896788488085e+01
1.993774970922468270e+01
1.835891277640229546e+01
1.820525043574465229e+01
1.436100698080536375e+01
1.574298475251190332e+01
1.985726036601457167e+01
2.004258649107344681e+01
1.830777134370277537e+01
1.964082167899147535e+01
2.162920149004264658e+01
2.120269531360547788e+01
2.066461386407850753e+01
1.903663344359794252e+01
2.272728371598868691e+01
2.230713617062535903e+01
1.967888853487184164e+01
2.033066935136183417e+01
2.055234703286517117e+01
2.004359098018551322e+01
2.203306336397944420e+01
2.239089015902274582e+01
1.677800283355152544e+01
1.775725856810227654e+01
1.987459323719496496e+01
1.993600636496968548e+01
2.172320645103300052e+01
2.287937244121900449e+01
2.073420422723685874e+01
2.052890337582067559e+01
1.648997081587022606e+01
1.597486062895327308e+01
2.326690938957645827e+01
2.284336346474751522e+01
2.025913606303885572e+01
2.150779441196134556e+01
2.112581463478534261e+01
2.268039394207998782e+01
1.929685937780914884e+01
1.780644647771262967e+01
2.535950264150849165e+01
2.472366922654875054e+01
1.866887362546800233e+01
1.783256240268373816e+01
1.516516864988193092e+01
1.656205688395427345e+01
2.193676271096002495e+01
2.160636251961048160e+01
1.978949558631354932e+01
2.204683621372256752e+01
2.139842912494328075e+01
2.222565289235215857e+01
