3.292014166926000573e-01
2.335462653411581324e-01
9.055114105510779776e-01
1.244868645389551665e+00
8.778628884005772459e-01
1.013227352384271196e+00
8.102468919287616478e-01
8.948972758325103305e-01
1.041388440128357740e+00
9.458912906835639234e-01
9.053465971321423833e-01
9.349865593883917025e-01
1.425188230072374163e+00
1.095361555375924834e+00
1.586764056547255830e+00
1.407250224790680626e+00
1.408584166328087139e+00
1.223883792944598259e+00
1.679402419071801766e+00
1.609846413928840203e+00
1.050674856250121580e+00
1.253221188630502247e+00
1.455923403725152054e+00
1.545624304492968726e+00
1.185649546303670032e+00
9.115605323501323465e-01
1.334611071900055013e+00
1.295241245271177011e+00
1.228148567482695963e+00
1.648983369038550473e+00
1.357450282694840915e+00
1.515111454327564555e+00
1.497615670972693547e+00
1.599206821014099500e+00
1.329858800630436155e+00
1.542882540680784231e+00
1.592248372802739009e+00
1.629687983426898246e+00
1.161084870885208620e+00
1.397720419563866390e+00
1.387367954648159429e+00
1.239968830506788411e+00
1.305052895537447855e+00
1.473636832489150672e+00
1.197800810076328437e+00
1.210523792905631835e+00
1.433790792456939078e+00
1.297720145335610198e+00
1.364138622040504290e+00
1.199648950064157171e+00
1.301177565947061243e+00
1.649594020593585952e+00
9.289157634281107745e-01
9.280879192213511431e-01
1.070786664573138314e+00
1.610660457008930013e+00
1.685217438280347757e+00
1.528573826489156851e+00
1.152718011386040686e+00
2.078509111301147794e+00
1.217322808661001732e+00
1.107844519096620406e+00
1.533530804967882410e+00
1.122494615237370486e+00
1.127702466368403211e+00
1.202866903224479422e+00
1.175350451524446838e+00
8.901529697915595563e-01
1.233649679662515375e+00
1.212794464427017438e+00
2.162869186690136836e+00
1.623656741502850220e+00
1.439373223895580978e+00
1.256623581220046582e+00
1.285929206277569792e+00
1.745469384985128602e+00
1.176443131135180842e+00
1.141264964248255964e+00
1.764988434032634945e+00
1.505330309143147360e+00
1.185947072159731164e+00
1.336932350633478261e+00
9.680274842593230566e-01
8.417914024998065514e-01
9.339173032787235762e-01
9.904212563690667492e-01
1.103744043295444843e+00
1.312245861467351338e+00
6.987906728973887205e-01
8.945339722682528194e-01
1.141531684223151544e+00
1.041825353490259731e+00
1.080719186484799144e+00
9.348263960819822582e-01
1.144036616180004629e+00
8.896912282088843549e-01
9.109527066644453885e-01
7.976875895761104118e-01
1.021590036000031843e+00
8.311542242492580002e-01
1.095512051252521157e+00
6.686239252463134219e-01
5.953770951689156821e-01
7.190810437235284347e-01
8.854592271486200206e-01
1.206527664643055164e+00
1.089085395220582120e+00
8.814320052230220082e-01
1.306407225519806259e+00
1.381680585870268985e+00
1.696586458154379695e+00
1.817397650665099729e+00
1.416435946221761277e+00
1.320809510949065180e+00
1.697585432764061375e+00
1.550212176497771877e+00
9.511286376537706477e-01
1.024242980175348983e+00
1.270212071788985986e+00
1.188001171335280493e+00
1.206931400667118570e+00
1.156981681553930663e+00
1.511598883102400759e+00
1.140871756166518702e+00
9.401067602093343689e-01
8.561761359463555543e-01
1.731135766781041418e+00
1.794160880849729800e+00
8.257615268074505188e-01
9.060271280244849290e-01
1.001239641968207472e+00
1.165969402550348644e+00
1.038961475315165250e+00
1.260319723524585545e+00
1.337430111754360773e+00
1.218106179934623556e+00
1.620685773969323895e+00
1.468355578221776980e+00
1.453659222529130712e+00
1.557117348692560910e+00
1.065306254345891990e+00
1.273942061236293721e+00
1.602362315792693614e+00
1.161799512589443806e+00
1.647486030942555857e+00
1.008113017258893684e+00
1.243177236053149670e+00
1.824451172362128837e+00
1.405459230926862979e+00
1.967421137333869696e+00
1.792240840915388045e+00
1.786029757065078716e+00
1.575439329666236121e+00
2.016345591024097494e+00
1.338580619299454710e+00
1.156523024602230221e+00
1.556909132717643640e+00
1.546812173392869028e+00
1.154792346264631453e+00
1.169462999617935539e+00
1.581017386834776106e+00
1.742581988386827652e+00
1.312611018569310506e+00
1.222881438169054924e+00
1.629160469030223268e+00
1.124720344451926035e+00
9.284057570407384663e-01
9.796503509874276983e-01
9.491511662371370228e-01
1.229676976866505012e+00
1.256523131471810828e+00
1.307036234853629963e+00
1.795773380740518066e+00
1.694395402205010726e+00
1.498336142115096026e+00
1.179168150566197504e+00
1.049663440408511894e+00
7.032598750591544379e-01
8.428157277868814079e-01
1.242315562716749699e+00
1.679606527677846017e+00
1.631355260550927166e+00
8.316643082535103426e-01
7.045438299584547703e-01
1.291086955463667252e+00
1.102505348490839587e+00
1.817097097873807687e+00
1.748066374367646336e+00
1.392424756652944406e+00
1.349286652506903383e+00
1.556194324756376979e+00
1.423461786682214791e+00
1.295359466555776384e+00
1.692005997758959879e+00
1.010936716995504137e+00
1.210324212418204759e+00
1.095104974627581829e+00
1.627943025368924879e+00
8.549000473024217506e-01
1.343619039085778955e+00
1.326966805175868291e+00
8.392348000338113456e-01
8.746178669342793421e-01
8.846925217906980166e-01
1.099064288320170002e+00
1.194028306830702935e+00
1.360622398151193124e+00
1.017668077301432827e+00
1.506246130850609433e+00
9.513528668606192618e-01
1.457994944419210848e+00
1.281022151933637110e+00
1.358904154864006841e+00
1.389107264196068670e+00
1.713751906896097132e+00
1.030114257472643624e+00
1.110359067494452123e+00
1.187451486583735782e+00
8.442965023120573287e-01
8.813403896541477378e-01
1.381882721950900450e+00
1.132465320848984103e+00
6.842751336687264985e-01
7.515022257214007961e-01
6.807370297637257428e-01
7.797851984435175687e-01
1.441934204936956121e+00
1.223744219438565484e+00
1.444205804304611096e+00
8.720223133774857027e-01
1.253298465662475047e+00
1.217049622882035109e+00
1.689738051870672608e+00
1.596689972409086167e+00
8.031786248430772268e-01
9.915593525340232750e-01
9.636272581440057383e-01
1.154556202168892209e+00
6.114463615586761547e-01
9.096324372354316345e-01
8.852742290413637694e-01
1.231512789874610991e+00
1.155456570212869849e+00
8.957438409215008335e-01
1.300120324402270100e+00
1.140988533545253425e+00
1.157394450747405212e+00
1.529389733019063335e+00
1.223368649239723993e+00
7.949152975312110403e-01
1.149142057098370806e+00
1.558387422694541335e+00
1.331619830655899062e+00
9.598131065052105670e-01
1.091435625841447710e+00
1.284263388591244670e+00
1.330255645314494028e+00
1.291553479153983996e+00
8.860261439683577711e-01
1.079432604084673564e+00
1.125367517202060297e+00
9.682988046797083026e-01
1.178684074791236380e+00
2.035160113739841847e+00
1.100299693856295224e+00
1.241377281486592210e+00
9.532827766981485373e-01
9.184996624926562436e-01
7.955207174718919028e-01
7.640044670625976142e-01
9.410885713921945950e-01
9.898579110358188826e-01
1.208608646166764000e+00
1.008717679741203854e+00
1.225307021395397378e+00
1.231266038053118628e+00
1.205259078276418983e+00
1.188338826637783674e+00
9.544867483472335712e-01
1.325985817538847700e+00
1.067749081037916214e+00
8.976264911640601252e-01
1.048040156723682559e+00
9.897181493686767473e-01
8.919093339699633027e-01
1.728803130730135251e+00
1.213580641134788696e+00
1.123127271546139783e+00
1.276069574646367055e+00
1.099853030796833941e+00
9.286172889773852690e-01
1.061182528122688096e+00
1.285692284668628727e+00
9.555104081850042119e-01
1.099783159036302083e+00
1.092374659553374761e+00
7.759271863625354371e-01
9.443884720855478809e-01
7.851070452278099410e-01
6.927564107843642294e-01
9.261774032476121077e-01
1.417370600598121921e+00
7.508603407557312703e-01
8.197521519184542971e-01
9.093347063296182142e-01
1.115193809003503400e+00
8.804697470009027471e-01
9.553663778597487610e-01
1.296660213026171959e+00
1.204826173736594175e+00
1.108621271438954281e+00
1.249691080907442853e+00
1.422899914814012234e+00
1.137677644486128070e+00
1.383568379155632577e+00
1.389788764782197372e+00
1.511150708363433237e+00
9.906394958058413192e-01
1.213717949658124295e+00
1.216575830228652677e+00
9.914992627881114018e-01
8.648928108997404607e-01
8.295899550899337171e-01
1.032888356844952060e+00
1.004259881612779237e+00
9.970028250666185254e-01
1.286057493698446130e+00
1.005338096497267575e+00
8.749112545317805356e-01
1.013189173610569815e+00
1.034548926674617508e+00
8.860283403530722079e-01
1.075087776655492489e+00
1.441309968951717035e+00
9.259148755069885883e-01
1.098749084213791694e+00
1.000301997135691234e+00
8.943452030160836674e-01
5.860624732947002924e-01
7.876906038314539504e-01
1.050714069757442859e+00
1.044126967505017767e+00
1.252038670118219787e+00
1.152868492850241955e+00
1.184402569806122241e+00
8.449553919817108794e-01
1.153138801285759962e+00
1.269505533772030237e+00
9.250975745926236504e-01
1.374300648344790821e+00
1.376767209820493942e+00
1.169377529435981167e+00
9.444798346766614117e-01
9.411066094491529199e-01
1.131826158715446784e+00
9.555274766615650117e-01
1.272049815198815770e+00
1.291926107450764638e+00
9.837396405251856990e-01
9.819293632306458353e-01
1.222149851740660598e+00
1.442819268617951067e+00
1.234150535312732444e+00
1.345285104178790103e+00
1.261391500567690116e+00
1.341954875225267685e+00
1.838839315542307284e+00
1.720203462753515211e+00
1.115874046138426889e+00
1.232107113891626415e+00
2.321400894031955264e+00
1.630287293192218767e+00
1.889490920786489614e+00
1.633527733780974156e+00
1.100027474414233541e+00
9.119942688004591957e-01
1.116654125066660619e+00
1.007366446418472172e+00
1.256634693097532285e+00
9.419912761083832908e-01
1.116672481071609324e+00
1.315455022283728681e+00
9.480111374764146337e-01
8.597632032861235452e-01
1.148539510657333729e+00
1.233493086670072847e+00
1.316839530499497757e+00
1.381458865827114746e+00
1.538865121929362534e+00
1.435033159802572733e+00
8.405336374368412855e-01
9.118201571108683900e-01
1.252357234702588862e+00
1.244622080597343583e+00
1.051330413934613794e+00
1.435383202407486625e+00
1.718438198979382658e+00
1.308585143224450187e+00
1.766926294932956498e+00
2.002657949259181169e+00
1.437193874030524343e+00
1.736090561352340522e+00
1.901502083533621379e+00
2.159560920262937778e+00
1.659425930907515667e+00
1.508464012349208350e+00
1.399844808849915134e+00
1.568834320550273276e+00
1.298396371838537178e+00
1.569061282898170262e+00
2.329539805588082491e+00
2.167721903978632181e+00
1.674185359424664732e+00
1.545990828722172417e+00
1.849638493284316176e+00
2.002127342060667559e+00
2.010029240512180237e+00
1.912809898484166826e+00
2.380765772611655340e+00
2.125513552458391242e+00
1.288926943517722634e+00
1.205570429411747302e+00
1.931104739568769935e+00
1.780349339704959455e+00
9.821601633653959107e-01
1.354965453171121936e+00
1.626515534894344084e+00
2.203037455661884803e+00
1.485048956863004310e+00
1.627137669706131717e+00
1.702664995457206842e+00
1.602812750763450422e+00
1.373109221662081048e+00
1.886292889537677819e+00
1.134982014440980569e+00
1.163226221108802250e+00
1.350184667988971299e+00
1.366366474001745601e+00
1.423288795998401302e+00
1.379145285943390586e+00
1.477715522014621197e+00
1.565223997504347819e+00
1.457992978154108110e+00
1.544690969840880168e+00
1.723164358351120695e+00
2.292642729394439360e+00
2.272712058419097403e+00
1.858191139370832357e+00
1.748963888037292858e+00
1.388778417722472014e+00
1.195470840795724854e+00
9.958287116880790713e-01
1.404554985679159262e+00
1.461322934369739368e+00
1.056094274479452810e+00
1.535183907680296445e+00
1.266044894843804336e+00
1.300002727890103404e+00
9.680327002949122850e-01
1.450438657869603354e+00
1.107313757126085374e+00
1.067896246513500680e+00
1.323009495917881972e+00
1.077757823606720677e+00
1.627743194221060952e+00
1.558506914317228098e+00
1.702360033198003997e+00
1.271853590058428907e+00
1.839369736615618756e+00
1.462968378669454506e+00
1.198972228612779301e+00
1.570417759795915025e+00
1.305018883665376217e+00
1.550189405302601298e+00
2.177732418543782522e+00
1.241325661670554581e+00
1.583123678503960630e+00
1.670225998504484721e+00
1.959183098119933852e+00
2.037412503125590746e+00
1.268908523785923004e+00
1.443485154962983019e+00
1.748822208377529108e+00
1.330633969075489142e+00
1.268429401380835042e+00
1.047028615464550505e+00
1.233388439336525089e+00
1.180089372835988915e+00
1.180014846757434732e+00
1.892765037042407616e+00
1.442065480880786232e+00
1.034579735553178059e+00
1.552987643820454622e+00
8.525953917202815369e-01
1.337195615386584269e+00
1.657973047525969079e+00
1.151776605978464652e+00
1.518787695927785730e+00
1.217261688122338814e+00
1.163036603907216859e+00
1.175505099721334989e+00
1.079108820774518307e+00
1.395980425572902028e+00
1.062738987176723215e+00
1.361624047294483386e+00
1.075969094252166691e+00
1.514617496823036813e+00
1.079093266025989539e+00
9.898454383538780599e-01
1.099860036534508367e+00
1.294184183944369959e+00
1.410953351636748065e+00
9.001980763323139678e-01
1.075829036071368705e+00
1.888684732957972345e+00
1.285691035514113345e+00
1.328588204580442689e+00
1.690776694487913900e+00
1.157336954819860431e+00
1.250366583346740335e+00
1.505959627770263820e+00
1.913150223696721941e+00
1.095620189535990718e+00
1.427494830712119134e+00
1.163897606481279157e+00
1.803889977111853948e+00
1.764746220413424993e+00
1.276307163108939324e+00
1.767140171813189387e+00
1.993881461077462447e+00
1.337687393701141314e+00
1.215357025321431417e+00
1.374652130074540679e+00
1.296301821439953539e+00
1.275680366980069813e+00
2.251040152549925288e+00
2.156193032681798627e+00
1.648857797983362516e+00
1.859021314638032774e+00
1.637463600969206290e+00
1.234015446155824147e+00
1.428743331296811414e+00
1.334234797881663548e+00
1.353770763445796499e+00
1.305036534419049765e+00
1.432724079969585951e+00
1.820844740543636542e+00
1.776701874160266481e+00
1.322524374154970150e+00
1.647163876414275974e+00
1.655059994436824722e+00
1.476648078370541128e+00
1.524177992534157422e+00
1.444295192695691288e+00
1.500283946676188362e+00
1.434171444903992398e+00
1.861040142143843834e+00
1.811096991189049099e+00
2.279428775053144118e+00
2.126749632993765182e+00
1.870125917408027139e+00
1.938238040545949836e+00
1.866908845101706405e+00
1.957039463289096837e+00
1.420287147852813181e+00
1.470916235706049235e+00
1.180141603706704068e+00
1.252792485703908110e+00
2.052322939805441671e+00
1.794321849253365464e+00
1.161850797426635662e+00
1.409832002825978314e+00
1.604628447503456457e+00
1.852359598487878678e+00
2.280298332164768738e+00
1.903359842561316961e+00
2.083461968932394548e+00
1.840597604484063066e+00
2.052326214138470828e+00
1.907200745017877619e+00
1.217233343787391231e+00
1.201710313793629137e+00
1.424971190103605734e+00
1.454481334817450122e+00
1.860684683222190383e+00
2.376533689795484072e+00
1.874486833310042400e+00
2.013417205378053243e+00
1.887018390648584232e+00
1.565518703495411224e+00
2.399124391808175716e+00
1.679828886545533084e+00
1.521232833922013139e+00
1.966581413804167955e+00
2.528594689527264183e+00
1.516467084704146817e+00
1.309294206952628770e+00
1.406406393734970894e+00
1.624350435837063067e+00
1.786166397217040291e+00
1.189894631796067692e+00
1.534083405312198778e+00
1.584588186760608419e+00
1.598511252208136835e+00
1.739072694897959348e+00
2.476342851706354153e+00
1.401665349523684601e+00
2.111968582602240296e+00
1.760150665371792211e+00
2.209583117071864500e+00
1.851310789333659557e+00
1.208936764229105121e+00
1.390541680403620362e+00
1.301126644843126012e+00
1.844169132780732800e+00
2.204625952425433244e+00
1.997280762999854353e+00
1.959486044237260360e+00
1.971720008522922285e+00
2.223335119964635176e+00
1.872474829403673713e+00
1.903470169703808779e+00
1.876095067748049683e+00
1.932308849461396472e+00
1.928914183280261874e+00
1.820214559689528500e+00
1.931072128708403168e+00
2.002910002621759222e+00
2.202052828379815530e+00
1.802346332623309788e+00
1.548564131274279276e+00
1.937446728458211975e+00
2.495651263589093727e+00
2.239020783767062817e+00
2.171671647409372241e+00
2.078072407913789554e+00
3.044162024270317790e+00
2.888601465913074318e+00
3.458019296965308520e+00
3.249244047982844386e+00
2.161594110380153921e+00
1.607219784435877319e+00
2.328676585001925758e+00
2.063416349598197197e+00
3.139704517728724831e+00
3.137622684667648265e+00
2.562570032821766652e+00
2.858440233287632193e+00
3.294591352368318127e+00
2.626599999846031430e+00
2.945774034460010959e+00
2.280149125082095996e+00
2.931262073278716684e+00
2.383460898914316672e+00
2.282305790238573273e+00
2.356401935959419269e+00
3.948482469023674390e+00
3.667155783608450292e+00
3.238470219721027998e+00
2.094963106726432045e+00
3.043654512707783866e+00
2.836964505902558997e+00
3.640014763592805735e+00
2.817620114052350466e+00
3.164554075374005571e+00
2.823286444616418311e+00
3.728413312835881399e+00
3.307925457317254292e+00
2.908846838800353218e+00
2.942391487160111119e+00
3.870174564904620418e+00
3.563605502465165831e+00
3.366424390455241777e+00
3.326461790197354773e+00
3.404649031517114288e+00
3.520395681361417672e+00
3.387888907943485961e+00
3.284860425689509089e+00
4.860017623189387237e+00
4.277727782378567767e+00
2.966870828539516225e+00
3.335629020399268008e+00
4.073088978484915579e+00
3.743102949597274964e+00
3.935361101646596360e+00
3.852852760100431873e+00
2.807310684519564781e+00
3.102324202769271011e+00
3.679075635621564366e+00
3.447201789483981038e+00
3.435180427919209301e+00
2.629085987337315800e+00
2.762273206490890587e+00
2.093273236618392374e+00
3.006491373453997085e+00
2.961186128456334998e+00
3.584668287932287090e+00
3.702839334226168067e+00
3.399420383927914457e+00
3.436235591202169815e+00
4.327804502637400574e+00
4.373483240418216234e+00
2.894304055218132277e+00
3.227344240504673945e+00
3.753932649164974045e+00
3.531895122886989480e+00
3.999090583728008852e+00
3.084680824314586900e+00
3.168049760205057463e+00
3.967531459224170831e+00
5.100155554568090999e+00
3.698020225548659390e+00
5.314224165530800903e+00
5.075839191548062956e+00
4.646690054676029469e+00
4.132978908181793365e+00
3.594880654283345578e+00
3.968742436493704062e+00
3.547724117265953048e+00
3.515805497594761686e+00
3.237436169187613899e+00
3.052855815997656208e+00
4.098195446272812070e+00
3.733359588608254676e+00
3.056104332814501223e+00
4.179506155214242291e+00
3.949933246244305529e+00
4.284515903926036096e+00
3.361878750939282234e+00
3.919625869069761848e+00
4.200921225492273869e+00
3.752494235113767118e+00
4.814374088597677570e+00
3.888317057187769876e+00
4.721175789234077769e+00
3.921198686429734792e+00
3.009886667369589652e+00
2.926590421977333101e+00
3.799368665376825493e+00
3.327955576409218352e+00
4.126564144983186466e+00
4.169810534482320641e+00
3.672006764089316810e+00
3.921760449408821181e+00
3.537131363936253159e+00
3.185775331633088570e+00
3.704183742724576511e+00
5.028722690882414526e+00
4.930893514997412908e+00
4.476418372301075976e+00
2.934929423453905173e+00
3.189321413685206164e+00
3.212121681863089773e+00
3.723355908041852569e+00
4.151650555335088200e+00
4.721265834735587141e+00
4.849031565554178691e+00
5.281586606159747177e+00
4.921703411488514313e+00
4.758594875096123999e+00
4.620422213149253388e+00
4.429444803422731169e+00
3.817250014565570559e+00
3.921225465854536463e+00
4.687525650559845047e+00
5.288163355755807871e+00
5.493471867985658008e+00
5.307095169631952380e+00
4.661808783990112559e+00
5.018783416094051653e+00
5.209092838260423797e+00
4.934479725069858880e+00
3.329269542269377880e+00
3.359688731806951267e+00
4.495039834866187078e+00
3.324372291141883373e+00
3.900673264536703932e+00
3.644811383703177476e+00
3.419185014643121967e+00
3.297291211975434955e+00
4.622103786370671763e+00
5.164728730519272837e+00
5.195160929538173100e+00
5.135879523548638304e+00
4.980491114940118536e+00
5.513938181555228191e+00
5.292291331914423580e+00
4.771130375656809974e+00
4.949702960040019306e+00
4.452208037399355334e+00
3.689891207438545706e+00
3.927374692500448905e+00
5.593915170181232632e+00
5.614418376469557437e+00
5.277402636682456460e+00
4.861217633696310436e+00
4.546383814070568796e+00
4.486607411188190397e+00
4.597419082399776258e+00
6.224276374847770299e+00
5.260028993068194936e+00
4.349465161575791328e+00
4.244897772492656429e+00
3.830015217040863895e+00
4.648416681631929670e+00
5.273390209695483222e+00
4.538991099367144955e+00
4.271994253250600337e+00
4.803346905664167998e+00
4.554935367971616245e+00
4.719570206792216283e+00
4.132433749931877287e+00
5.358191271369024733e+00
4.575346785674298644e+00
5.192095224581138702e+00
5.661783862544228718e+00
5.732201492123234488e+00
6.575071254289369449e+00
5.273354243186089363e+00
4.355059759077022363e+00
5.275187893250985027e+00
4.528003484393975597e+00
5.724523785951432409e+00
5.889186810038127717e+00
5.839970043835030822e+00
5.684532615868465477e+00
6.824031978869186332e+00
6.455359037870858074e+00
4.776373801869715052e+00
5.341378036734342416e+00
5.812184236951038585e+00
5.989096271423589357e+00
4.756781104938642812e+00
4.826353481977425197e+00
5.648416218634078945e+00
5.386387503620152728e+00
5.890251284284394373e+00
5.395338971063332600e+00
5.816577880369107945e+00
5.838936382571755956e+00
6.741175656993684484e+00
7.006365891723076444e+00
5.762805141355348049e+00
5.519033544439485794e+00
5.508797570632193441e+00
5.319010532372143274e+00
5.292177415095753901e+00
4.652537972136260080e+00
6.133567221254144108e+00
5.043092275581507522e+00
6.222422238534205619e+00
6.541830846696822022e+00
6.291657420722962968e+00
5.911319568854032092e+00
6.032863928998807523e+00
5.579973727920869209e+00
6.794755015836459577e+00
6.000702117519329803e+00
5.773394369866812426e+00
5.652856835124883794e+00
5.060081637389412634e+00
5.084433110342374995e+00
6.795949824241163562e+00
5.898718873976973143e+00
5.616430647328429338e+00
6.803404721787949860e+00
7.092187881086472245e+00
6.397266449515548459e+00
7.359607911156545335e+00
6.975448236769269172e+00
6.447885629875104385e+00
6.247986401032378012e+00
5.073712313896121984e+00
5.584327977879331328e+00
5.601015772173001395e+00
5.602846003555111309e+00
7.298140548292636254e+00
6.373335846579215591e+00
7.550193244725535990e+00
6.354208501150061750e+00
6.823482860547809281e+00
6.647462215269094088e+00
6.922747888104693104e+00
5.619212211781288602e+00
5.932354242063341943e+00
5.090916183180151044e+00
6.270491498219123550e+00
6.021271726112562561e+00
6.609440152149973713e+00
6.143310401632080087e+00
6.297366090200402056e+00
6.698501686830667268e+00
7.339527147655147132e+00
7.085594611020793465e+00
6.797797521480161365e+00
8.057883343714422608e+00
6.265645410754061118e+00
6.667157725235428600e+00
7.779150275959944238e+00
7.334251329545255160e+00
6.878952297804453053e+00
7.561904923837643011e+00
7.832157531137726281e+00
6.363046627433767810e+00
8.722537782316919674e+00
1.027199163764370127e+01
8.519233507744282008e+00
8.718568365095261896e+00
9.342244199669325511e+00
8.473671106810428455e+00
8.770124908447892054e+00
8.321314791136554589e+00
6.273057689655909819e+00
8.994534236550450146e+00
8.604156958866040483e+00
7.582068645910124971e+00
6.631800909412481460e+00
6.657434489254026033e+00
9.227512226388039807e+00
9.026723770301156691e+00
6.610560434708112609e+00
6.888268188300399331e+00
8.130039192224696620e+00
7.746631543174004264e+00
7.671961608208169636e+00
8.654380438767542927e+00
7.705472133707885085e+00
7.251262106606906066e+00
9.795418734331152066e+00
9.046709163407419041e+00
8.950100468679506704e+00
9.126286031291204637e+00
9.789658698552548444e+00
9.940871834447680300e+00
9.282936477857015589e+00
1.112523325153728138e+01
1.030938691283056663e+01
1.086788319859838126e+01
8.401010960115462112e+00
1.019698448387753054e+01
1.215646039604438755e+01
9.847918628263107266e+00
1.270315185759572785e+01
1.375664602386411417e+01
1.372323794441991218e+01
1.084215346078166320e+01
1.039844594637026454e+01
1.141876194705289826e+01
1.289348619247984828e+01
1.087231588772110058e+01
1.336637612621140292e+01
1.345664407881453783e+01
1.315126717162718251e+01
1.199767956534621582e+01
1.185852425819561162e+01
1.205099026969168285e+01
1.292912427866019875e+01
1.318925756886912026e+01
1.307427944749457716e+01
1.337659703148107759e+01
