4.137745809172759803e-01
5.020628165504812390e-01
1.181077793042542456e+00
1.299719681138196137e+00
7.991048777494781374e-01
8.695347295892594808e-01
9.688449711881990112e-01
9.955705800337298905e-01
1.176250606346065819e+00
1.839293104883657604e+00
1.010695948058498495e+00
9.126741469327782630e-01
7.444692134899741909e-01
6.402552435327264480e-01
1.225028895132826978e+00
1.272737400467697233e+00
1.019383526927194694e+00
9.396024879858080325e-01
1.318704444903448625e+00
1.581462724326617719e+00
1.174090628370697775e+00
1.548830201659693984e+00
1.696633183930089661e+00
1.178835253228956548e+00
1.141336674876444413e+00
1.281577899213852234e+00
9.644236254792857288e-01
1.000135215985665571e+00
1.339768238817360846e+00
1.448891114478686237e+00
1.325308471240290942e+00
1.229613605660531794e+00
1.295138821671007801e+00
1.323335652960218267e+00
1.598168125153389241e+00
1.049838744366564214e+00
7.638593985889159388e-01
9.812516389961475349e-01
8.368368229370621858e-01
7.623909224281293362e-01
1.630543165323561805e+00
1.942368573867628623e+00
1.218503197095426316e+00
1.147194866876372066e+00
1.513186318488052962e+00
1.274026636676115265e+00
1.414089037674061355e+00
1.436999877688197147e+00
1.207401407439383956e+00
1.250289370227744890e+00
1.820219479189256973e+00
1.686015760383295259e+00
1.391879347050089422e+00
1.592664812493532089e+00
1.473649994983279754e+00
1.198543383329932599e+00
7.965490140941046127e-01
6.543265785480276708e-01
1.315218400142857069e+00
1.013251985801537414e+00
9.823524884870736829e-01
1.071187379656509675e+00
1.676031684815314282e+00
1.052046706795620068e+00
1.226006209583297757e+00
1.361576651619758938e+00
8.843204405341961172e-01
1.055113246745026823e+00
6.524897937107234647e-01
8.782456302354235689e-01
1.308473916786095037e+00
1.219567464012855318e+00
7.896044279103158203e-01
7.571409940320972254e-01
9.758641585112403094e-01
1.108099786300635659e+00
1.581302325414059462e+00
1.528738183544257279e+00
1.475340951318628857e+00
1.507939309272077200e+00
2.070811676502272825e+00
1.545843879544420929e+00
1.113847188776854846e+00
1.238819161211210940e+00
1.175477639655400086e+00
8.957473383089789021e-01
1.037381180879952014e+00
8.661084925962949654e-01
1.335993376356966689e+00
9.779722098843648403e-01
1.218162353522825869e+00
1.479704130063581369e+00
8.560457219646866456e-01
9.709349212598834544e-01
1.597080184996453101e+00
1.491478128225557809e+00
1.452500147401131425e+00
1.531081066686121872e+00
1.356237604585878831e+00
1.292103723599802967e+00
9.698607661942173497e-01
5.710543582803894180e-01
1.743537078392832562e+00
1.174692922145839535e+00
1.177919882143918517e+00
1.185937683476971483e+00
1.292978225162886963e+00
1.039564389776799658e+00
9.235109931476481737e-01
1.207027229706335136e+00
1.307454325083583058e+00
9.358709342040335555e-01
9.653396512348660918e-01
1.215093944793974146e+00
1.807587060730460049e+00
1.245925058448170697e+00
1.094490492314337704e+00
9.438433193077550021e-01
1.625475784411001712e+00
1.513249292186444439e+00
1.223332944289922342e+00
9.174872539545958494e-01
9.779789058149638281e-01
8.518670274820554500e-01
1.168845153462086062e+00
9.946817956971457653e-01
1.071360303233435562e+00
7.705665046050519384e-01
1.085343238559767221e+00
1.041408206473374287e+00
8.175106307289554675e-01
1.054999402677750275e+00
1.248476526755834426e+00
1.587549140616571819e+00
1.277823127704549755e+00
1.791607705406208062e+00
1.751050160033341463e+00
1.643885707471108848e+00
1.147340570701792739e+00
1.214054546271440271e+00
1.298182971114679507e+00
9.779072711219265468e-01
1.596560829176100205e+00
1.472160556341357562e+00
1.310697629050637136e+00
1.495540683951780636e+00
1.123755155488075586e+00
9.029181863500568284e-01
9.072406949105107365e-01
1.091239533714563281e+00
1.763186257167412174e+00
1.616657755140645358e+00
1.450765093151695329e+00
1.458051136387278346e+00
1.192369688409571804e+00
1.089812928620090382e+00
1.121947846732318510e+00
1.077743417355333300e+00
1.409263700660738916e+00
1.229644731069055474e+00
1.026690800963253380e+00
9.598265900019763430e-01
1.676716250053251311e+00
1.443828508938937327e+00
1.240876417951780830e+00
1.029393868195384920e+00
1.405605520487220206e+00
1.429567216419372011e+00
1.285768303290618420e+00
1.513702830022139789e+00
1.157800624640850540e+00
1.066811597219185614e+00
1.168640655342064072e+00
1.035361363535200585e+00
1.374736275422492326e+00
9.950313840894273731e-01
7.377970441427860182e-01
1.426423087195333173e+00
1.107370721202894703e+00
1.115756481659807120e+00
1.878756584678719754e+00
1.665555942916080667e+00
1.364323380892930926e+00
1.417925243768676236e+00
1.345588379229413434e+00
1.277899367290856958e+00
1.211660938074722749e+00
1.249306803175563640e+00
1.526364600159315188e+00
1.476558920260552465e+00
1.192777770795936609e+00
1.343427388584730764e+00
1.277180143259172951e+00
1.122972752883702130e+00
1.306186900323987210e+00
1.369867685564039039e+00
1.180428528393697718e+00
1.580059065943666630e+00
1.293992937864712811e+00
1.266264372240551550e+00
1.862808037206103329e+00
1.661816156024657154e+00
1.928639327402274839e+00
1.503751677635278394e+00
1.792618140640155344e+00
1.297041946253169709e+00
1.417474607371968176e+00
1.137813621128972219e+00
9.845908614010254745e-01
1.138895902600733034e+00
2.084919475457509552e+00
1.843911683226611586e+00
2.232414887717602880e+00
2.671898175912502005e+00
2.408160330693217777e+00
1.648909240617502547e+00
1.097268798847249816e+00
2.201828223259941097e+00
1.501644279864611242e+00
1.230875605139679863e+00
1.219195381013890245e+00
1.543744132518068302e+00
1.537732928916746289e+00
1.834418663760695178e+00
2.369252256240394594e+00
1.930775020625082439e+00
8.454449101475458583e-01
8.320922847028225933e-01
6.871863089056655660e-01
8.591134244917435492e-01
1.215170383388110231e+00
1.379719194866159793e+00
1.338596397365435786e+00
1.225603990783090680e+00
1.302501112942758388e+00
1.455022593016433552e+00
1.200142735149066997e+00
1.274455727127237648e+00
1.450194950733209698e+00
1.614347015727932044e+00
1.282661191496027087e+00
1.079474661490962051e+00
1.364871078962937023e+00
1.397525087405653510e+00
1.248651165378652061e+00
1.324569409455953473e+00
1.506312019217402876e+00
1.399813701514247111e+00
1.637975399546855115e+00
1.854619190888972202e+00
1.552376680613612558e+00
1.477263153887403480e+00
1.226720289474257486e+00
1.198059891344998684e+00
1.214116354353456773e+00
9.599302613403291051e-01
1.441453726091497911e+00
1.850077400570838471e+00
1.022582237390853521e+00
1.254795340210750787e+00
9.351848236885768051e-01
1.222901205615784193e+00
1.159277866708824378e+00
1.339464126780509190e+00
1.069607548805806996e+00
1.277893794983548936e+00
1.268497199256135133e+00
1.691924995965824463e+00
1.268282647230448479e+00
1.175257630559997768e+00
1.446403386010907788e+00
1.245459013678618776e+00
9.955401375063148706e-01
1.565215844375869692e+00
1.804266680303886705e+00
1.851995629701177926e+00
1.287363920407103013e+00
1.038857666387353662e+00
1.792609522318230120e+00
1.464959716375752841e+00
1.836597034610458090e+00
1.568187556383208836e+00
1.528534337438549384e+00
1.100937337959237983e+00
1.413532430636699200e+00
1.131020513703502539e+00
9.292118788718148892e-01
1.037926962985041834e+00
1.260199995606337664e+00
1.333323203941771062e+00
2.023961611999675725e+00
1.596786656194407517e+00
1.444955624047169263e+00
1.522229410058895560e+00
1.752923283561051981e+00
1.719287532594300449e+00
1.400479770644269983e+00
9.738118832846618389e-01
1.837451251881991432e+00
1.876175715705457714e+00
1.129329703192162970e+00
1.015810981111658906e+00
1.076673839323579074e+00
1.069407879621612212e+00
9.021455094696365640e-01
1.249867304269450141e+00
1.751812677208150815e+00
1.682226203567761758e+00
1.292160585750833368e+00
1.036005541998500368e+00
1.530760736509490849e+00
1.754278963260861524e+00
1.059507360029546374e+00
1.318415614340066044e+00
1.139192228687765374e+00
1.503614400613066726e+00
1.292462975449141460e+00
1.145578219538006648e+00
1.359147037893515986e+00
1.110657201976655406e+00
1.521796512450203531e+00
1.204116856329421781e+00
1.581140150870451677e+00
1.275220449123094735e+00
1.306003638509217968e+00
1.143430019422246202e+00
1.160061600776948421e+00
9.716475105828881187e-01
1.160885005611085097e+00
7.058267874572020650e-01
1.121229238773184145e+00
1.089348530594716591e+00
1.235586793465323519e+00
1.663742415348858472e+00
1.018579377744184278e+00
1.172318085793570663e+00
1.005352809716522744e+00
1.241498631173758138e+00
1.297774862546329233e+00
1.331667298160055912e+00
1.488075507245291806e+00
1.311289640979686588e+00
1.167850437602973024e+00
1.103091239280523217e+00
1.492585544509869022e+00
1.432839698782162552e+00
6.628706584778918387e-01
5.209107846177023493e-01
9.295301860738294231e-01
1.190378126219663990e+00
1.300874713221008339e+00
1.423624930818141898e+00
1.437898535951788626e+00
1.404056483401959099e+00
1.481433596632476757e+00
1.152667589589671193e+00
7.097356575347857355e-01
8.213551670820606887e-01
8.230955985788996898e-01
9.303203734909668565e-01
1.409922397408275963e+00
2.064760697554678170e+00
1.222141361981201602e+00
9.450062013505682312e-01
1.289320784193366709e+00
1.259586525910002530e+00
1.233673801773155443e+00
1.623077905050848369e+00
1.323946340124671162e+00
1.633362434697926968e+00
1.151861417757393591e+00
1.075940142425388490e+00
1.299347909607122098e+00
1.288655565372253564e+00
1.164228688470762885e+00
1.019512207641338319e+00
8.524621735573573167e-01
1.065547676170012004e+00
1.505115809740871669e+00
1.364789530150987584e+00
1.138757286034631999e+00
1.298175310037217756e+00
1.186643011082079369e+00
1.057517827258871002e+00
1.352759337628876901e+00
8.931765553375532463e-01
1.478484831949381295e+00
1.309740228431905074e+00
1.619927209831685921e+00
1.286070469487735846e+00
9.584277536246836871e-01
1.069826518876778376e+00
9.947582126183971418e-01
1.111575498212721058e+00
1.676803591811649063e+00
1.045877256801786226e+00
1.082720868926813740e+00
7.876095457540286393e-01
1.049975442293209493e+00
1.356627191554454548e+00
1.196016705191241147e+00
1.480041744383880697e+00
1.142718168260882461e+00
8.012767696397120609e-01
1.030874855239236609e+00
1.205228800909800224e+00
9.296307318281467058e-01
1.078091966389308265e+00
7.227962598300223807e-01
7.865944899271999358e-01
1.204106493793565047e+00
1.278783204352465397e+00
1.118789309620769945e+00
1.037477648377267636e+00
1.003424190613445344e+00
1.179310260688649414e+00
1.599086116995567242e+00
1.839184945024811002e+00
1.340436465814379030e+00
1.268528791844506287e+00
1.571178871061049920e+00
1.240154534372186035e+00
1.165172362357410396e+00
6.738366814382150682e-01
1.361718241679925612e+00
9.998941427815739580e-01
1.028757982846944419e+00
9.583241936760472646e-01
1.110574150453770947e+00
1.442775838923255449e+00
1.180034018231733262e+00
8.607697792097935841e-01
7.658434468106867232e-01
1.135131311690299682e+00
1.508688798039367507e+00
8.951658292572562958e-01
1.269182908378517105e+00
1.446136255606725207e+00
8.208892225903081652e-01
8.522548999906705003e-01
1.489600786931131626e+00
1.631809503488012680e+00
1.638315595892094301e+00
1.109354989598725361e+00
1.855081079286712509e+00
1.340535214149766841e+00
1.385787051629133515e+00
1.151788746853069867e+00
1.093184323649334155e+00
1.096430873203226852e+00
1.209892164496263911e+00
1.273888672244413156e+00
9.221557792372654383e-01
1.118667782441031822e+00
1.482345064420090619e+00
1.099568170619981133e+00
9.760165565986824721e-01
1.426443081641367794e+00
1.252874923129975837e+00
1.117677529927034730e+00
1.209257365442214294e+00
1.426448909401226262e+00
1.701125663835076463e+00
1.685856304392091776e+00
1.231867085068442336e+00
1.574103518487856235e+00
1.108770166412168079e+00
1.155396352387452641e+00
1.485482880555701435e+00
1.438549121880316584e+00
8.868142328164176913e-01
1.359614533150423465e+00
1.451100527971418641e+00
1.293191283616506038e+00
1.302889783893963704e+00
1.158682189667317841e+00
8.925710709585246150e-01
1.104905354913023663e+00
8.118898178885041172e-01
1.162667455542504502e+00
1.579729452225874686e+00
1.547555698028871163e+00
1.213047210761867944e+00
1.312649368128313565e+00
1.742512816162819611e+00
1.331872231990709921e+00
1.065609797006448201e+00
1.072091061652137967e+00
2.054929696067786526e+00
1.251964611268389316e+00
1.520761094968401395e+00
1.366356399131994692e+00
8.561211950864702214e-01
9.907470953583761286e-01
1.467146317556521140e+00
1.250605437642162254e+00
1.119098198265448429e+00
1.210519411847242433e+00
1.515660646005349665e+00
1.982642559646919267e+00
1.321795634917056095e+00
1.205257517057408245e+00
1.111703012263850043e+00
1.660723372994715952e+00
8.608652022562947037e-01
1.004152221559903690e+00
1.005558629147514038e+00
1.067647462124173607e+00
1.609747914254412215e+00
1.720307779168827933e+00
1.983203457051494922e+00
1.165201205813121144e+00
1.122945678204263498e+00
1.301396930069199875e+00
1.394800303112527562e+00
1.442697203536821515e+00
1.257014756854111903e+00
1.322692515144941350e+00
1.420994634481755892e+00
1.195870001435326291e+00
1.209576375012743510e+00
1.124348466070537178e+00
1.298105227359783509e+00
1.906359084461586084e+00
1.269615638005189728e+00
1.025533134716954287e+00
7.729549608061354604e-01
1.098708592768650849e+00
1.192739047756865567e+00
8.437826788136383316e-01
1.329779261790150713e+00
1.105894887842163499e+00
7.606811053884527940e-01
1.353523527399816739e+00
1.180100507500598361e+00
1.332952953986844769e+00
1.098312419169261034e+00
9.443620205366688447e-01
1.523112907912109737e+00
1.319824980449271656e+00
8.766089756791377585e-01
1.126771620854339240e+00
1.033663871990734950e+00
8.840599917838060096e-01
1.017791324010699494e+00
8.885198130122968774e-01
9.131064698698352355e-01
9.424294127170174118e-01
1.062734791709438076e+00
1.341608447431245299e+00
1.350065701231599302e+00
1.251858996577354111e+00
1.509712920653283330e+00
1.697400362119820372e+00
1.617518558362469383e+00
1.233203886311759145e+00
1.947202745131783930e+00
1.306117763156938505e+00
1.123891130286913231e+00
1.313993224947668681e+00
1.075507567654199859e+00
1.103856789243193415e+00
1.306815553852460177e+00
1.398362371518758085e+00
1.596785164036390370e+00
1.010702905781352801e+00
1.193773469641257190e+00
8.433754531671822097e-01
9.634546182872574249e-01
1.456862752627904545e+00
1.562792685894288880e+00
1.338577481345238462e+00
8.143480859142329109e-01
8.364408534743523749e-01
1.073107117323828685e+00
1.055229072662807077e+00
1.400900611792661898e+00
1.315030848448537348e+00
1.424717070632184113e+00
1.559772633429445499e+00
1.145828198763517713e+00
1.530570006372372838e+00
1.450995668076153766e+00
1.409551429919414289e+00
1.258792401647106818e+00
1.561152062370595672e+00
1.193025544246787195e+00
1.215423322658743421e+00
1.279149890847878002e+00
1.136092881793263842e+00
9.881148707465144954e-01
8.031319588065793935e-01
1.151527642533012985e+00
1.075982014677854703e+00
1.156700342610827104e+00
9.638768497834490079e-01
1.477233261307114187e+00
1.170859145184325767e+00
1.251485228972614827e+00
1.337140953091317641e+00
1.317066859164061521e+00
9.922279393075501552e-01
1.367301738121206922e+00
1.338459478722674678e+00
1.887403940656154688e+00
1.532869642782829001e+00
8.994812552254615179e-01
1.390913152174616307e+00
9.041100231326226755e-01
1.183033128476782547e+00
1.418986711571745385e+00
1.296563067206727871e+00
1.466649898393625362e+00
1.134217327802922393e+00
1.312293424880189185e+00
1.236243174509214615e+00
1.273943370098600258e+00
1.398960163312999327e+00
1.317576691036871139e+00
1.789338301987658308e+00
1.209811379268380005e+00
9.717377099920532224e-01
1.265976780702942062e+00
1.318280374049365822e+00
1.112395536404269691e+00
9.691877864281894794e-01
7.801540233703746496e-01
9.032647615600335467e-01
1.310997233946435303e+00
1.143703240417078160e+00
1.712681531882003449e+00
1.644822129420927759e+00
1.435116136348814742e+00
1.275013042744298497e+00
1.575750070821178905e+00
1.414679187559842344e+00
1.456821163859909118e+00
1.466787715526546076e+00
7.745204650320658413e-01
9.432458205821712127e-01
1.463517111292909068e+00
1.710700307396823661e+00
1.994334542723677828e+00
1.606472942033492446e+00
1.478499613171225580e+00
1.146331453688057334e+00
1.240281298361192164e+00
9.017910365654091542e-01
8.879071350110119276e-01
1.468370762924501083e+00
1.086141431788219425e+00
9.187915050448550724e-01
2.319241259855237658e+00
1.779708974234271990e+00
1.560590112927737749e+00
1.391688109873499890e+00
1.130016984644010014e+00
7.981167111634541733e-01
1.067962805217234301e+00
1.138505594987216485e+00
1.500225198370218838e+00
1.091125497585865523e+00
9.272834438704569138e-01
1.081676747623701917e+00
1.412371644280720817e+00
8.645724769720061209e-01
9.965471730547201812e-01
7.932116397088245785e-01
1.272554062146833642e+00
1.178167854620172594e+00
1.520950043971304844e+00
1.413389747133118712e+00
1.202973391839004869e+00
1.372420897147972330e+00
1.211995790239027704e+00
9.783628908971990779e-01
1.019867763890108581e+00
1.186549713301029652e+00
1.137032863228679025e+00
7.859252371772134094e-01
1.268329970754092706e+00
1.049030153690489797e+00
1.081307586920738473e+00
9.995298622274821909e-01
1.914943494320693551e+00
9.818647687284757231e-01
1.077857824823231114e+00
1.396146951445559115e+00
1.063419253306514767e+00
1.062173869172318597e+00
1.055456129964426948e+00
1.261860194342069530e+00
1.106404158819938255e+00
1.147286116893188934e+00
1.371605069293957424e+00
1.048036796735653420e+00
1.796748086205175454e+00
2.237054187136412686e+00
1.532440360029533544e+00
1.796123432487655380e+00
1.823281429126256015e+00
1.121700617447514370e+00
1.309083805055554439e+00
9.242535976165979772e-01
1.220611918114008487e+00
1.250610972945064514e+00
1.635333085332355552e+00
1.847735460725338452e+00
8.114396830948533701e-01
1.003008790229417135e+00
1.282821091545065073e+00
1.667766571065955716e+00
1.067933050458266697e+00
1.448081099416604900e+00
1.672900470091175151e+00
1.435481695621559250e+00
1.147133617701749042e+00
1.311438292130421956e+00
1.195366348736703443e+00
1.229495581148936756e+00
1.233339651097479228e+00
8.533556391142222974e-01
1.163784772369228060e+00
1.287318160381867305e+00
1.165688115959231830e+00
1.602885058344946989e+00
1.296266924262061249e+00
1.614299796488074534e+00
2.135656952180049917e+00
1.997577728814455611e+00
2.057897543719045430e+00
2.199091326102293298e+00
1.247350166175563491e+00
1.535411185916652599e+00
1.211189996368013944e+00
1.161521410673995947e+00
1.261716492444966198e+00
1.262453201117554658e+00
1.538869591823454730e+00
1.254936992890228087e+00
2.250810550319505943e+00
1.734079462743871147e+00
1.206405336362196934e+00
1.228899990841048062e+00
2.189469531612544095e+00
1.497897005804118997e+00
1.542487520210834351e+00
1.250162352672829380e+00
9.348478778134750034e-01
9.462174700845858988e-01
1.557464303002746409e+00
1.408231932385066276e+00
1.372683466624146753e+00
1.653406380995598113e+00
2.018427960731097315e+00
1.568305530416204352e+00
1.540735346983868048e+00
1.504311815832114263e+00
1.037056280940663155e+00
1.276167922844729574e+00
1.230877736707275183e+00
9.370322733010567617e-01
1.175316539080197398e+00
8.864322118750136426e-01
1.184952113241381833e+00
1.016576176249403662e+00
1.116460795165604258e+00
6.771518714475647238e-01
1.356851304405103154e+00
1.391471262360392425e+00
1.083957884703213859e+00
1.178249046947401180e+00
8.786702604492180324e-01
9.442004476140701819e-01
1.234346948048332671e+00
9.951029962941860818e-01
9.754361299100903215e-01
1.190784386732510303e+00
1.610227775716302823e+00
1.269525310317999756e+00
1.469571229908484655e+00
1.251149273124455563e+00
1.853261962692479781e+00
1.263191833137058406e+00
9.871044072361871979e-01
1.044816055468884342e+00
1.006953081137239359e+00
1.374339546342214557e+00
1.294295400753395331e+00
1.460545392658825437e+00
1.602380488158606120e+00
1.233393506882676238e+00
1.248212770640437341e+00
1.249354696218885952e+00
9.385890255844240304e-01
1.043833400976542869e+00
1.286186513613070126e+00
1.210710626986751137e+00
1.142593098987942701e+00
1.025711187348721687e+00
1.100831230334282429e+00
1.405073402188920184e+00
7.262048001385337237e-01
9.206489506720954008e-01
1.430928198356888670e+00
1.091996943825179311e+00
7.255052123464453828e-01
1.443125376303612706e+00
1.352543075617870461e+00
1.192595976605265617e+00
1.043719745015069478e+00
9.013103516068450283e-01
1.189553057888004473e+00
1.048765697688667675e+00
9.767100481173034421e-01
9.906982339496679391e-01
1.525930051567222279e+00
1.606326012840739725e+00
1.134972384285394487e+00
1.206553718862651170e+00
1.164965631773582810e+00
1.000826009346825307e+00
1.632016359829558727e+00
1.164283027228806056e+00
1.180229005339252346e+00
1.271597302030332832e+00
1.061379633339129880e+00
1.320128863027394406e+00
1.303211077109154736e+00
1.241332170510915489e+00
1.316936238830539008e+00
1.280783936078701890e+00
1.376308186007104029e+00
1.637883424854951198e+00
1.139017845855890609e+00
1.263301787590270786e+00
1.227370462247671767e+00
1.396248890324565561e+00
9.537140505015708758e-01
1.140542997854601337e+00
1.074978107914471126e+00
1.736992750327895463e+00
1.068892819431661145e+00
1.203456678834698979e+00
1.254694784896014825e+00
1.782550163008162158e+00
1.525906894968632521e+00
1.274494534841604132e+00
1.603798061034529487e+00
1.376888620565242194e+00
9.859667834017235011e-01
9.303169666358899192e-01
1.052149388479374004e+00
9.069480214659153550e-01
1.690649841446962842e+00
1.085666321611125085e+00
1.341572195652306787e+00
1.430046794541387500e+00
1.261485042508044607e+00
1.053648410522256995e+00
1.713388078572379181e+00
1.429921284683723703e+00
1.538078169129075468e+00
1.552378225389648536e+00
1.549949174182398082e+00
1.178703380832167413e+00
1.252711936891516498e+00
1.426874653028118001e+00
1.668671529363286998e+00
1.424547193865209671e+00
1.490292344733382235e+00
1.336430246447284143e+00
8.986739004468347058e-01
8.760624526880301799e-01
9.090153657343791327e-01
8.776853655754898176e-01
1.510707761461128396e+00
1.390932053916135835e+00
2.073311475676584248e+00
2.185352366958219328e+00
1.371306793831366111e+00
1.436283391986577840e+00
1.297937705170878031e+00
1.231356092961375603e+00
1.401982723072206394e+00
1.015060331669574101e+00
1.048012612533034682e+00
1.013254247358057469e+00
1.260914374726018750e+00
9.320483135080195325e-01
9.903892266215712503e-01
1.128290660299157810e+00
1.536623030154895320e+00
1.083779460857089427e+00
1.688408881212003720e+00
1.538097288694602938e+00
9.416151695403257582e-01
1.013374161826608999e+00
1.004626082481079541e+00
1.012538727226957036e+00
8.931034726634341503e-01
1.412904335339996154e+00
1.540114344102073485e+00
1.517949967597212790e+00
1.117623529812744376e+00
1.425417003713780773e+00
1.010189279831493314e+00
1.166714944435602419e+00
1.440119628961635367e+00
1.230687141420114816e+00
1.154711643304160873e+00
1.066052363391503111e+00
1.018693035738347019e+00
1.162596862799348374e+00
1.026788701278325444e+00
1.347812717740837662e+00
1.218492031992888247e+00
1.468306995195874709e+00
1.343888819085359287e+00
1.144228030861166312e+00
1.662776346975359809e+00
1.268714867826189696e+00
1.108565703605164821e+00
1.096185038251386690e+00
1.433246955745930418e+00
1.236773584835829665e+00
1.024011693216965835e+00
1.111552920877238115e+00
1.461194235932117280e+00
2.182479396699757768e+00
1.070035261096566437e+00
1.149743986040550059e+00
1.982340886587600437e+00
1.777582633168454995e+00
1.061831752353976643e+00
1.087893307761344186e+00
1.261590725283547432e+00
1.575049929279920713e+00
1.354040739485010025e+00
1.257039936300657246e+00
1.045608819239444820e+00
1.165675781072731620e+00
6.744938187202795810e-01
9.210734045264875602e-01
9.478736723321879998e-01
7.088743644409968292e-01
1.223298922116415444e+00
1.595336679513842393e+00
1.521928115471208987e+00
1.255262458171139350e+00
1.003497327625582303e+00
9.088777601960057462e-01
1.244739525717142747e+00
1.404474989020253695e+00
1.475497900956217023e+00
1.618513076637097425e+00
1.129803952326595917e+00
1.346558737834871122e+00
1.593982468571788047e+00
1.263740921714407772e+00
