4.054738787230228736e-01
3.297865358692400051e-01
7.344086211864457869e-01
7.882283510279979311e-01
9.115064096931689841e-01
1.183934004845287991e+00
7.082616728974544529e-01
6.916727270648409531e-01
1.199082892644228071e+00
6.316717990626006252e-01
1.584934275568098405e+00
1.806918623230397314e+00
1.092362690564930627e+00
8.692322639887863911e-01
7.749996211475304042e-01
9.233600176327112496e-01
1.421412567653159709e+00
1.484316464564517934e+00
1.327528965697598817e+00
1.116754525973424617e+00
1.253806686966544515e+00
1.187161034781959890e+00
1.221687651732767055e+00
6.937120998569865638e-01
1.124587099127538625e+00
1.133611216622148810e+00
1.131092302605350763e+00
9.264074465097552613e-01
9.550613266350240771e-01
9.766259447643685920e-01
1.298572221439087571e+00
9.208071909137545141e-01
1.281603256196450102e+00
8.268470395676299489e-01
1.122138442918828138e+00
1.322159639889317395e+00
1.195468940659210944e+00
1.327055066197101674e+00
1.361586422797860019e+00
1.447099190767258126e+00
1.592669614138226386e+00
1.197949848808372852e+00
1.094320435222434718e+00
1.072923059841852655e+00
1.546000641595892899e+00
1.150452150498243231e+00
1.164993406957360866e+00
9.664561223701694237e-01
1.553326089092973650e+00
8.512955744617278775e-01
1.350570558313475500e+00
1.184868811407818745e+00
1.146048410030093834e+00
8.482698621815174533e-01
1.598582902187875243e+00
1.323610528609246995e+00
1.311826094768127060e+00
1.094657936537012599e+00
9.331443447821357040e-01
1.201235663113340735e+00
7.808691712222531889e-01
9.094653296784771523e-01
8.668244844609904742e-01
8.051492667380416579e-01
1.069954301754503234e+00
1.470833240591609581e+00
1.205639384310047468e+00
1.052462036298088099e+00
1.006109264718772822e+00
1.353521575135966826e+00
1.175025879754450386e+00
1.215549517381537381e+00
1.003454913811783644e+00
1.035049104291577038e+00
1.125105794076864729e+00
1.293052056033841879e+00
1.151144202095581992e+00
7.916509391008470509e-01
1.111271746772664715e+00
1.822330595569841449e+00
1.168007236428273421e+00
1.471341076828262651e+00
1.368871887026874568e+00
1.298446295670355743e+00
1.060463670512370005e+00
7.196713705131752015e-01
8.137016418870217649e-01
8.636431175157832651e-01
8.773521709016904868e-01
1.055823174844033208e+00
8.262479329145471230e-01
8.842676392178739908e-01
8.904399657264062684e-01
1.313076856582548801e+00
1.712758256384866229e+00
1.564029599415138527e+00
1.599577594842644057e+00
1.298522928149335787e+00
1.899185097580698312e+00
1.512315811833722545e+00
1.560629471583216299e+00
1.443453129163000836e+00
1.126857554106198922e+00
1.041136445543768163e+00
8.408308693724142469e-01
1.230737261440781660e+00
1.049817492928186713e+00
1.291952364905059492e+00
1.628133188140993060e+00
1.656694804365431262e+00
9.586146866181338710e-01
1.273649175793651445e+00
1.642811097860844116e+00
1.721760953182652543e+00
1.475487801607979765e+00
1.534597809834987503e+00
1.291655091007831713e+00
1.284320696426648478e+00
1.058893757925833956e+00
1.732604358887759766e+00
9.457900358035725707e-01
9.202532692722913410e-01
7.920274396344024748e-01
9.451023655348872454e-01
1.231775825882684972e+00
1.005506165174178124e+00
8.021819654736490612e-01
1.203269511221492838e+00
1.166266437168965275e+00
1.272862801444478276e+00
1.082142849862812950e+00
1.120485995867613882e+00
1.024723661201388802e+00
1.141511384764613446e+00
1.644796399395072717e+00
1.181615557858324062e+00
1.105734871360871230e+00
1.006158018981735847e+00
1.244906463981014788e+00
1.399349170383731744e+00
1.514644963934434152e+00
1.317931992882980463e+00
1.005899536216699364e+00
1.047105191379206657e+00
8.226223599299058442e-01
1.218939362948717964e+00
1.194558118714252881e+00
8.233619095996559389e-01
1.336376814883567299e+00
1.093466878006195575e+00
1.086236656494823816e+00
1.259172518339684244e+00
1.243209333939496730e+00
1.088228121051664665e+00
1.690493092553507548e+00
1.187397618175711322e+00
1.489860686680716029e+00
1.274006948901496905e+00
1.148707738360471797e+00
1.067100619433025033e+00
1.307685172956639219e+00
1.232213218124196485e+00
1.094773282086485500e+00
1.451315756413163349e+00
1.531445197144008841e+00
1.605722840817092045e+00
1.520298379910697939e+00
1.472557876985034930e+00
1.589360219237839988e+00
1.382150536793478324e+00
1.597952652064140056e+00
1.872570143470391635e+00
2.649613933898717022e+00
2.473880143100922524e+00
3.789393976271113296e+00
3.935584108360097311e+00
4.137321702864102946e+00
4.429785701364438388e+00
4.967702903118269120e+00
4.919076291099687026e+00
4.482037695785163756e+00
4.448561172851223766e+00
6.185466634325872626e+00
5.601116751085478462e+00
8.252513012189282904e+00
7.754578666596266601e+00
8.054641671694188432e+00
7.649583731777218176e+00
9.930774795727124626e+00
9.738288550971978097e+00
1.362399665459420461e+01
1.332498825087053262e+01
1.484338715990061175e+01
1.404534871020759468e+01
1.968879201771534326e+01
1.887427237638507194e+01
2.170611659641425462e+01
2.081117812301859615e+01
2.197051456004396641e+01
2.282018972290222791e+01
2.973769884892634963e+01
2.906247929899700466e+01
3.126765446150481509e+01
3.247707724016497366e+01
3.162127797862348899e+01
3.217686584773666425e+01
3.625018226548719014e+01
3.861665539059082164e+01
4.263917507600210399e+01
4.306699823825164231e+01
4.431005434226462825e+01
4.809791513404192642e+01
4.803148886064586520e+01
5.141921860511308040e+01
4.630334230214671720e+01
4.493356643497195080e+01
5.304909412982387096e+01
5.378767482362165708e+01
6.144823172782392362e+01
5.898045761009387888e+01
5.862977819500549970e+01
5.754917590527081472e+01
6.686222387191038763e+01
6.895076782983392150e+01
7.152050654696847687e+01
7.945313948940417959e+01
8.664294605822672679e+01
8.508634481005226746e+01
8.782442870391966494e+01
9.373998608164961865e+01
9.843537347380960512e+01
9.853742075760244745e+01
1.127003565261395153e+02
1.116160715063332844e+02
1.146073654647421165e+02
1.199705223148759217e+02
1.047731394619378023e+02
1.029892745753968484e+02
1.063623832975507639e+02
1.050194619611444011e+02
1.141381480058994811e+02
1.190838666836313280e+02
1.277745319311844696e+02
1.216481951029141726e+02
1.124149661373307083e+02
1.170692184224674719e+02
1.239947164148800738e+02
1.233167053322500806e+02
1.374323334442293003e+02
1.374998547423286936e+02
1.531964455958162716e+02
1.516132436305920805e+02
1.502468419110556965e+02
1.484204052559126410e+02
1.456406027813456490e+02
1.461936249585904761e+02
1.389718974420939617e+02
1.395943092162199264e+02
1.539467068179142188e+02
1.495809278722230715e+02
1.604030958715433144e+02
1.534479415286352264e+02
1.668895774097015590e+02
1.673419127597577187e+02
1.724875975515846278e+02
1.688330610821415974e+02
1.682042378382556649e+02
1.625248129115870483e+02
1.841848242997721457e+02
1.857344540359042639e+02
1.832780044601611849e+02
1.754627889310630451e+02
1.733677461501121115e+02
1.697155494982037567e+02
1.849669354998110293e+02
1.847869479131820469e+02
1.937711733196847490e+02
1.988416167840060780e+02
1.835829314665114111e+02
1.832636275681919926e+02
1.781240997036237843e+02
1.776034510878479864e+02
1.975739741686928426e+02
1.957032483347294658e+02
2.081317101402127321e+02
2.054290618754474735e+02
1.906679448053413921e+02
1.934775305123182534e+02
2.036179968061072145e+02
2.090644931378465117e+02
1.932568858871717339e+02
1.851526597303040660e+02
1.980287212045068088e+02
1.993834625909996703e+02
1.910021880480464915e+02
1.894086183089873430e+02
1.919465742995559197e+02
1.927601337766829772e+02
1.912374558417953949e+02
1.965812212701247859e+02
2.045508182093474545e+02
2.025879082108847911e+02
2.029299334437837103e+02
1.992047565720211253e+02
1.815244007599519307e+02
1.882996485909646651e+02
1.956988476856304544e+02
1.917035513017164590e+02
1.913472827388545738e+02
1.921154529090595986e+02
2.043421198801769947e+02
2.064003934238530178e+02
2.198648397555433007e+02
2.175217807087043695e+02
1.902339128017760572e+02
1.937236837107470251e+02
2.017005797107993885e+02
1.968403241693737300e+02
2.023647620392933391e+02
1.973995423779211364e+02
2.187305503095292352e+02
2.211527579643210970e+02
2.234772091715683757e+02
2.242458930062841489e+02
2.213302796974809894e+02
2.125375029365326895e+02
1.998349722335907472e+02
2.005642585028305689e+02
2.067253666037811968e+02
2.098622475426351741e+02
2.196652412102553171e+02
2.214550928548458160e+02
1.999894009453190336e+02
2.080912720029203342e+02
2.199370925314027261e+02
2.222160137887527469e+02
2.201657220234015711e+02
2.161872354634964495e+02
2.359161576949293533e+02
2.264218666829024187e+02
2.027841477991482861e+02
2.060129274409660525e+02
2.084666009070906512e+02
2.121700433049421974e+02
2.363959398195734423e+02
2.399181662279254965e+02
2.398266553328787154e+02
2.422673227267235063e+02
2.317704401096273159e+02
2.325547721533259278e+02
2.295569674906097646e+02
2.338656913619695388e+02
2.024373565617877375e+02
2.137283804465785408e+02
2.302923324445069397e+02
2.291307044681632021e+02
2.237570253573544221e+02
2.212254476256003386e+02
2.242728250348892232e+02
2.241393280864326982e+02
2.257607492468293344e+02
2.218968327925542781e+02
2.397907769355076653e+02
2.402256364388410645e+02
2.303987600038980190e+02
2.290050297264133690e+02
2.425986455275436242e+02
2.481816079473161665e+02
2.419343953780891354e+02
2.473440807829650225e+02
2.280929539080761117e+02
2.305127084601084846e+02
2.068548904856748152e+02
2.114896539491288934e+02
2.449212761235506548e+02
2.417985469326861789e+02
2.265047340066324182e+02
2.255801550783270386e+02
2.156296509992353094e+02
2.130527173215565995e+02
2.329916680668997344e+02
2.369566498890112314e+02
2.254995523168992690e+02
2.286565744103712632e+02
2.319431442140623858e+02
2.302294551871721353e+02
2.300179386187888042e+02
2.326445165294152844e+02
2.290794936592943429e+02
2.324108341801049846e+02
2.395589611118178937e+02
2.421358353591602679e+02
2.464716548188479237e+02
2.394285492914813744e+02
2.397154970039283057e+02
2.407512059167718235e+02
2.102816535379432707e+02
2.107868111733031924e+02
2.220503005075416922e+02
2.240815911672598304e+02
2.325442264320940069e+02
2.316561677260598344e+02
2.308824819513296518e+02
2.298159532707274479e+02
2.167978282758533624e+02
2.233361593871481716e+02
2.207281632898973385e+02
2.245317340872837804e+02
2.262671942684838484e+02
2.226168956248833979e+02
2.167232243540995853e+02
2.204671683880439730e+02
2.190999043207828549e+02
2.229326482037587311e+02
2.234757029630475245e+02
2.209823540421168673e+02
2.457259306820625397e+02
2.427385837283488286e+02
2.138433283215721872e+02
2.090650418088466154e+02
2.180274427758953948e+02
2.197179096850536268e+02
2.213450178543727418e+02
2.224903417961412799e+02
2.081132266545919833e+02
2.066479607764710522e+02
2.119803224717771002e+02
2.037166837285820975e+02
2.271943671886921265e+02
2.273928077860689996e+02
2.148706742250701609e+02
2.220483301355706374e+02
2.210954569243415619e+02
2.183953831317855361e+02
2.168807757264136171e+02
2.259374338223865095e+02
2.151030478832261110e+02
2.179010890555916546e+02
2.167422897016218144e+02
2.153579830276794098e+02
2.437511150898938865e+02
2.439046695306239201e+02
2.022179944259163449e+02
1.983350773490685413e+02
2.036387291452813884e+02
2.057540523509919410e+02
2.151554556182357771e+02
2.161247095672572698e+02
2.259919054253871309e+02
2.206410481307889029e+02
1.865791134896668382e+02
1.885142250373953914e+02
2.139426322056361300e+02
2.070955386443910413e+02
2.085190932157076986e+02
2.132445872216475777e+02
2.049458458093713773e+02
2.054970506913878125e+02
2.031942445412548466e+02
2.018301079405550240e+02
2.133488630331492004e+02
2.161586959112778175e+02
2.179758951893492736e+02
2.153811303360050147e+02
2.198029605271937612e+02
2.125523570005651095e+02
2.062989269943039972e+02
2.092175972463813025e+02
2.036602319201263072e+02
1.956020713512984628e+02
2.222456138556371172e+02
2.217386510226976952e+02
2.206606581838292414e+02
2.253475014122426785e+02
1.969899691115072073e+02
1.957128499091532206e+02
2.178901595633428769e+02
2.137110026470623154e+02
2.197849701922925760e+02
2.170425396420243658e+02
2.071046528533633762e+02
2.035330473549904298e+02
2.168292028891203245e+02
2.203750748660918077e+02
2.245022828251635190e+02
2.192378754685852300e+02
2.191227106542603735e+02
2.228287320182682834e+02
2.182257883023343368e+02
2.157404707850219552e+02
2.169558485178162073e+02
2.227971205451266883e+02
2.156031577095601222e+02
2.149363705297004685e+02
2.047603542313415232e+02
2.031695276998678423e+02
1.974480984791813967e+02
1.991900833241925852e+02
2.140650448342251480e+02
2.181713357300765779e+02
2.272440206272163152e+02
2.297199825855421977e+02
2.012168961263917595e+02
1.977126784695990693e+02
2.044820581613325032e+02
2.025576236408414843e+02
1.994544143732265127e+02
2.004965910735409977e+02
2.242267633415587795e+02
2.188322159729187604e+02
2.136725379724062748e+02
2.131737931469498335e+02
2.106638621939313509e+02
2.114719507084100769e+02
2.007191005648472526e+02
1.972161627387077374e+02
2.170863158820729382e+02
2.164606225000913184e+02
2.265070183163381330e+02
2.275735872545560596e+02
2.153405718540894895e+02
2.164675258315213568e+02
1.985154802432828944e+02
1.948985407884740084e+02
2.126503938918341987e+02
2.092959738269161392e+02
2.235486835131624730e+02
2.172945315890087556e+02
2.212572528424867642e+02
2.185401057904725519e+02
1.906401620235818655e+02
1.918044030386378438e+02
2.179165967377350626e+02
2.138346508329407243e+02
2.118549918326902741e+02
2.122948366165611276e+02
2.087832257480933436e+02
2.134858159226424164e+02
2.360369120437415518e+02
2.333399871744290692e+02
2.279008238849953614e+02
2.309085124585906783e+02
2.253168563529607695e+02
2.260528363536990923e+02
2.186166929714688649e+02
2.144705530125407336e+02
2.118141469901628966e+02
2.163274062437497776e+02
2.075929253499872686e+02
2.112274851242689806e+02
2.101135644306930885e+02
2.157839621515974784e+02
2.456904862249914743e+02
2.366949797363856192e+02
2.288640320533132524e+02
2.214864062858568161e+02
2.254542362532252753e+02
2.260554688039935627e+02
2.354007445411123456e+02
2.270484414466872352e+02
2.274776351747594560e+02
2.293179777594372126e+02
2.301926918508017366e+02
2.283712542917465100e+02
2.193593204943697401e+02
2.212384762344712215e+02
2.131578575764544894e+02
2.168078408908394863e+02
2.361885919442867703e+02
2.388812617830924410e+02
2.109247263248032880e+02
2.059552291021081203e+02
2.405721538967692084e+02
2.370093402653917849e+02
2.268180991714199877e+02
2.385607358104795708e+02
2.579453781399840864e+02
2.519355528530155937e+02
2.115963704877301836e+02
2.140820619533359661e+02
2.317706947980007328e+02
2.205770677104938784e+02
2.059891578927524449e+02
2.098851963353898782e+02
2.337506126983616923e+02
2.379219796066475965e+02
2.331094946923838904e+02
2.298754101374234438e+02
2.202942805241343081e+02
2.231336126036979408e+02
2.187733850438904710e+02
2.171700520983099238e+02
2.220105318627782367e+02
2.216741776738267617e+02
2.279328392189070485e+02
2.303557990324587479e+02
2.269365851598353743e+02
2.347754158759364032e+02
2.341507214527979386e+02
2.323709614517650266e+02
2.152829639405366322e+02
2.194828816892397185e+02
2.313410955990753166e+02
2.263232637177529227e+02
2.294189599212351709e+02
2.320736499847938603e+02
2.200781079818183059e+02
2.276636572742017677e+02
2.084030144091756256e+02
2.124989552189855431e+02
2.218069616215076394e+02
2.170029034648148638e+02
2.287625628807995213e+02
2.217214758269624326e+02
2.093466121069170640e+02
2.049278262478740658e+02
2.310027159175750171e+02
2.360352013935682862e+02
2.301052750285388981e+02
2.311482610103012689e+02
2.189635633469562777e+02
2.157547178729225834e+02
2.368819468894797637e+02
2.371246310011604237e+02
2.121645359873952543e+02
2.116878771787040705e+02
2.203595785273054162e+02
2.256176392344134172e+02
2.368883741927726874e+02
2.290364216266939650e+02
2.341174775385000260e+02
2.330768611003436206e+02
2.225024340862493659e+02
2.215011562426071521e+02
2.083914998065774853e+02
2.068625888039809695e+02
2.000409850122065620e+02
2.090543753711071986e+02
2.300808809952622482e+02
2.272363822431614722e+02
2.257442303116527569e+02
2.232822135348040149e+02
2.198993375912493207e+02
2.162133619446891544e+02
2.163637940989729032e+02
2.113252065393857038e+02
2.312001028712891753e+02
2.305880199071356742e+02
2.223487910180288054e+02
2.218896628364792605e+02
2.369850876473417429e+02
2.322496622151440135e+02
1.996089999036159384e+02
2.000539089533781976e+02
2.282499276585518544e+02
2.324445286609762036e+02
2.315279923062311127e+02
2.348004622010864466e+02
2.416707443239398572e+02
2.364926240030854956e+02
2.134500991863354216e+02
2.122020506373022783e+02
2.418782372036810955e+02
2.447447395557330196e+02
2.471514898460378049e+02
2.391177733914236967e+02
2.323549147304379119e+02
2.370473663243197393e+02
2.471965190531941801e+02
2.472600013359799505e+02
2.299678425605980578e+02
2.333196499334039231e+02
2.344211877112384457e+02
2.331669804135693767e+02
2.170234428119568690e+02
2.261229367241637078e+02
2.298547831094155640e+02
2.327343919022252408e+02
2.323681206818602618e+02
2.354312529065816193e+02
2.122093926171474152e+02
2.167603411605421684e+02
2.265176988409226908e+02
2.221527353228499635e+02
2.154917423104533043e+02
2.072091467516926571e+02
2.303035298005003142e+02
2.307055956764930329e+02
2.481091514185193319e+02
2.446830311530097788e+02
2.197702827184589864e+02
2.165664829771580457e+02
2.057212861129828809e+02
2.070373066194375156e+02
2.398635311469796534e+02
2.364851430053581680e+02
2.100700686673323787e+02
2.021295733240675929e+02
2.044594657612560695e+02
2.053756224220722686e+02
2.170390254432060431e+02
2.231122455524801751e+02
2.292324292311546685e+02
2.367389863229199989e+02
2.173833819208970795e+02
2.164910483108888570e+02
2.210985425386459156e+02
2.139319306050003604e+02
2.317551965730608003e+02
2.283012356917941474e+02
2.323082547342675639e+02
2.308234953190349756e+02
2.320540590607444642e+02
2.268242703594154364e+02
2.338132875142333660e+02
2.304676891749717242e+02
2.310524044997557951e+02
2.333877911237832450e+02
2.095446098451180603e+02
2.081375543118007840e+02
2.351639490243471471e+02
2.390206097922595063e+02
2.072900945011605529e+02
2.063485749456477265e+02
2.172164296047191101e+02
2.144792577344319682e+02
2.211731460769318574e+02
2.223949181267369113e+02
2.198414041659191014e+02
2.294522542026224130e+02
2.364328711246533317e+02
2.293430032260550320e+02
2.236948654753973926e+02
2.244643629396872768e+02
2.215180665854911126e+02
2.230360928473212425e+02
2.341234430499600592e+02
2.361153337202712237e+02
2.286726565460675431e+02
2.239212426220514374e+02
2.492666625546242756e+02
2.512912974149364800e+02
2.243887415166768733e+02
2.206476467509450288e+02
2.202419803358792478e+02
2.241025148639853910e+02
2.415686206839472163e+02
2.327264920645936854e+02
2.357271132237747224e+02
2.364670666200332221e+02
2.358745369581593820e+02
2.409753078996141653e+02
2.460716675149138553e+02
2.442888096356502388e+02
2.457511338043818796e+02
2.460456856043173843e+02
2.170134814010738751e+02
2.152600775517357192e+02
2.509931762476156507e+02
2.513386534244217501e+02
2.441458800279368404e+02
2.385090897144126529e+02
2.375245974505984918e+02
2.417406388510968043e+02
2.478838273737058557e+02
2.396456460360821836e+02
2.242177615835801703e+02
2.231900160770166508e+02
2.235015161142895579e+02
2.314906500302852521e+02
2.186012676843486133e+02
2.120503044013933334e+02
2.464223996217145896e+02
2.444136111866053511e+02
2.424185333675267202e+02
2.352750796513956573e+02
2.281480371567548104e+02
2.281920224572944278e+02
2.394008571113051005e+02
2.428122318418783152e+02
2.054119879252824319e+02
2.005719072695510476e+02
2.271211466720912711e+02
2.305812990944052103e+02
2.398820469159132358e+02
2.372789380893297562e+02
2.360162936388038020e+02
2.348883461748762898e+02
2.300422264153957883e+02
2.331907039834327406e+02
2.320359254082824236e+02
2.400505400741886888e+02
2.324345724436537353e+02
2.316636574130328654e+02
2.243726590253381801e+02
2.249358063361652569e+02
2.366939847898992468e+02
2.312654617906755448e+02
2.222703995650663273e+02
2.235032925347907167e+02
2.209289934249244993e+02
2.311474171501666603e+02
2.457204837893620208e+02
2.559538023759592988e+02
2.293012944492015492e+02
2.359099172514838472e+02
2.283049666484350837e+02
2.307137513060185654e+02
2.267750736175579789e+02
2.338749601884105402e+02
2.356425495526089833e+02
2.347762443602323117e+02
2.467017678665903304e+02
2.447788029324189267e+02
2.355320777502254259e+02
2.354511103856799537e+02
2.313081887259800169e+02
2.363962188321533517e+02
2.414295807463828112e+02
2.447546241640704352e+02
2.410236525113262189e+02
2.406588476702882815e+02
2.310148938625109452e+02
2.288158509664197311e+02
2.485991422691409127e+02
2.500900440148182042e+02
2.391410647168969206e+02
2.331099687318210556e+02
2.309666250321853909e+02
2.262409197791290580e+02
2.166112418195913563e+02
2.220155977487774237e+02
2.204949914349047901e+02
2.255757079523252742e+02
2.479614614781312696e+02
2.382871308971535029e+02
2.413049082715683369e+02
2.481736458107784813e+02
2.424644327918889246e+02
2.492646858721602712e+02
2.313714976405123025e+02
2.340964097686327818e+02
2.200942518452990555e+02
2.196034475268367316e+02
2.413889366413889377e+02
2.415740296818072181e+02
2.457951463744023499e+02
2.466424297630781552e+02
2.437682046318333562e+02
2.432104530535558808e+02
2.284483816167308987e+02
2.320533198919986262e+02
2.318643088933382899e+02
2.393802333550463288e+02
2.342035676771317583e+02
2.294921182388329157e+02
2.280327055831469636e+02
2.281673603455719785e+02
2.324784577831478032e+02
2.310810456551009224e+02
2.548171904048019485e+02
2.538971358178980040e+02
2.191943451977409723e+02
2.208347684959215371e+02
2.230905511928455383e+02
2.180864687017004826e+02
2.144822301401846971e+02
2.155497078298513713e+02
2.329895548996062757e+02
2.306160585748186520e+02
2.069456682074445553e+02
2.127501756815665885e+02
2.334778797942500717e+02
2.349833465456996748e+02
2.333639902646815187e+02
2.358592551560128072e+02
2.275453852435897204e+02
2.307605717341066054e+02
2.298689254102019675e+02
2.306703910238703656e+02
2.302860884938930326e+02
2.300542937025909680e+02
2.104534602944511903e+02
2.066805471706669266e+02
2.460814069988584265e+02
2.462533839092556605e+02
2.229725886295165935e+02
2.235392899816864940e+02
2.326717280191809891e+02
2.345380407183205591e+02
2.195870409577311193e+02
2.263775945907597134e+02
2.216731709722364485e+02
2.253063536462940419e+02
2.272212613202947580e+02
2.224343968950233545e+02
2.167163910368624329e+02
2.152806322439735993e+02
2.138740944826649582e+02
2.078490689649019032e+02
2.164238737983249052e+02
2.139891336865314884e+02
2.159083217903748277e+02
2.190129290664850146e+02
2.118931728693458751e+02
2.087786163988338615e+02
2.329884661356200581e+02
2.281893895739492564e+02
2.208553813973822457e+02
2.196284902684147653e+02
2.154699722072324448e+02
2.089768422873999896e+02
2.354053602790258708e+02
2.339846130364269925e+02
2.321747000543136039e+02
2.340852187334276380e+02
2.270599897185435623e+02
2.246691505973693950e+02
2.195563917471377522e+02
2.182038015530295070e+02
2.351314407327059541e+02
2.260984885472903443e+02
2.551142400865056175e+02
2.553165202872559121e+02
2.107662794821792716e+02
2.057996587005760034e+02
2.480375198839080042e+02
2.421060365299608179e+02
2.328972319028321181e+02
2.275922453053343304e+02
2.311764380901910840e+02
2.322949107302382572e+02
2.532696128985136852e+02
2.522229482546050008e+02
2.385836483850258105e+02
2.405516733403884757e+02
2.366446334325858629e+02
2.345571698719862752e+02
2.315990977087654699e+02
2.315864627719437294e+02
2.319646988548162767e+02
2.422888331380564466e+02
2.368574079382853768e+02
2.285488784893304910e+02
2.346500613337584582e+02
2.284648974443512941e+02
2.519353644392855927e+02
2.525205929442107049e+02
2.378526341853701354e+02
2.454177849236438362e+02
2.459275909992834386e+02
2.515034113592825236e+02
2.459029319538475420e+02
2.426680288777945975e+02
2.389329526775298120e+02
2.341968259483577128e+02
2.281482559770817602e+02
2.239795433717559376e+02
2.489722810878510870e+02
2.575087807630657721e+02
