3.895045156278327259e-01
8.746329483631838375e-01
1.056745280403359022e+00
6.867976597289369156e-01
1.209799459843311942e+00
1.441079720081019033e+00
1.292681090507809882e+00
1.592645753162056144e+00
1.163497219521302029e+00
8.494430630547817884e-01
1.055390087642742447e+00
1.106698427137471130e+00
8.336078632105849984e-01
1.244907258272192951e+00
1.049043808221223895e+00
1.663837473180027171e+00
1.257133685804587397e+00
1.782753326426762541e+00
1.364360333897771227e+00
9.007464214201028607e-01
9.257007029565469391e-01
6.729270539330924894e-01
9.557032120059629765e-01
8.630867276237288443e-01
1.400955285076786350e+00
2.167616279186369788e+00
1.414818407195365335e+00
1.315541635485101279e+00
1.625173888175807102e+00
1.472496723470143820e+00
7.632938892858474045e-01
9.934470717769630088e-01
1.789618035018309294e+00
1.550259938778125068e+00
1.112891369170824429e+00
8.223118071336945611e-01
1.323732598115984871e+00
1.049757637835684321e+00
1.409742490723369102e+00
1.385955383217228221e+00
1.434669046122356129e+00
1.243789012961162843e+00
1.057950867472061907e+00
1.079402735201000496e+00
1.140864192103893116e+00
1.193938802686609568e+00
1.142794238213261870e+00
1.331517861196836794e+00
1.463172582186731852e+00
1.421297686332335886e+00
9.211845341367521645e-01
1.051320750210905430e+00
1.174695671582175915e+00
1.085766677095801214e+00
7.087977306111888920e-01
8.407608476709409473e-01
1.057557386202320870e+00
1.173263951797686389e+00
1.739970490290308813e+00
1.855935641695823701e+00
1.023225098994246185e+00
1.224389277824470268e+00
1.308966677970258452e+00
1.117659572233292264e+00
1.361739287840108226e+00
1.192906051135156353e+00
1.324812640296125110e+00
1.464747868622300331e+00
1.924620507367394096e+00
1.540595387118937509e+00
2.011077348224953987e+00
1.692770502058548399e+00
1.011523884185882238e+00
1.178125180670203997e+00
1.059235079657294909e+00
9.723665380081374376e-01
9.017108682523660157e-01
1.429917256944849946e+00
1.450498966050362881e+00
1.360182898664421547e+00
1.282300744008895155e+00
1.324156002758207995e+00
1.332669176704196712e+00
1.547613754040759737e+00
1.419327319618793881e+00
1.365903342751702887e+00
8.516044003175659016e-01
9.508873103165291774e-01
1.143975481409321260e+00
1.063003379736664922e+00
1.475364627017715424e+00
1.119896618639108388e+00
1.098576615089988051e+00
1.845618895098694701e+00
1.494560243293001411e+00
1.029372277135432778e+00
1.173118690216061744e+00
8.063706027306107860e-01
8.873712500424206784e-01
8.423304359027272703e-01
1.317903847602793554e+00
1.283858675886360157e+00
1.382280485207353582e+00
1.214822563524293519e+00
8.722861250551071643e-01
1.212218446982546993e+00
8.399635373400993199e-01
9.741176070382153718e-01
1.153066196160121848e+00
1.097648978312834700e+00
9.772663998952945130e-01
9.743094198683468488e-01
9.954777585095982984e-01
1.072855314589943543e+00
1.282986028647817189e+00
1.035800200101047341e+00
1.319807346603543818e+00
1.283755013321175253e+00
1.879115068489788598e+00
1.313753411076186595e+00
1.003412717069603666e+00
8.425136936200969817e-01
1.178713934335113622e+00
1.031630117426142634e+00
1.318070397042874209e+00
1.208670264889929014e+00
1.451209965559226100e+00
1.378187136777372146e+00
9.765116665859173706e-01
1.058645983852607886e+00
1.383990140388291490e+00
1.423119118869001110e+00
1.383695870053820665e+00
1.377657470992866395e+00
1.436001647310697127e+00
1.495136092699226982e+00
8.613388448589495150e-01
8.407725557750367340e-01
1.200668815388835409e+00
9.763587231334410754e-01
1.583312959613894844e+00
1.631484985964203549e+00
1.509218174933432799e+00
1.463999018725050449e+00
1.311770467958469411e+00
1.770881771764010182e+00
9.537600251381734839e-01
9.203703975558099604e-01
9.880818793280035095e-01
1.048365964859105048e+00
1.440344941776903198e+00
8.982241707953459997e-01
1.266463333113731604e+00
1.172377705752697841e+00
1.175047613285365333e+00
7.066987773100648074e-01
9.564924619837446018e-01
9.223611003675666886e-01
1.521843559880933672e+00
1.411017494278422824e+00
1.714681907236597525e+00
1.399076526620868455e+00
1.017841269149934558e+00
1.078234179225574296e+00
7.221146039084069823e-01
9.819358009477614502e-01
1.041837227608815919e+00
1.253643703730244363e+00
1.132343521381881324e+00
1.066092146893646841e+00
1.155492659938959221e+00
9.185927404361133863e-01
1.022056942314473860e+00
1.034963393218246042e+00
8.591376783487938429e-01
7.246451999902101537e-01
1.475020059746047441e+00
1.680044965211012542e+00
1.577834020462735687e+00
2.612340212079471868e+00
1.606309131453206529e+00
2.999347469555534662e+00
2.501998202708461516e+00
3.737465212569974327e+00
5.851533402718425592e+00
7.996121057009582422e+00
9.386659836677313962e+00
1.068254957301803820e+01
1.723592765371645541e+01
1.745524602398713654e+01
2.318749604990949820e+01
2.858574874468043703e+01
3.355625990824031391e+01
4.362915426376100925e+01
5.207627764921105040e+01
6.309667917954434557e+01
8.022905767594697579e+01
9.783337989371327126e+01
1.116185590347297421e+02
1.327226416389500514e+02
1.580596224222053081e+02
1.838728812524065859e+02
2.258681500469266723e+02
2.681420672015091782e+02
3.048803546149487715e+02
3.548440561472839931e+02
4.181970631023739315e+02
5.175124228852243959e+02
6.200444993439297150e+02
7.325043811497145043e+02
8.818724297451418579e+02
1.039498895712892590e+03
8.458062244577341744e+02
9.041173824243502111e+01
4.270931149426264284e+01
2.655986911391074656e+01
1.513606475599364387e+01
1.105716099139621633e+01
7.272498577335714920e+00
6.007100034138668221e+00
3.379086471966062710e+00
3.837631244583189716e+00
3.282518932331344619e+00
4.364373785150762686e+00
4.384763133216968534e+00
6.299364782320488132e+00
7.779960818687071011e+00
9.835163260138370944e+00
1.432094689007704957e+01
1.671640613524899521e+01
2.131888581788288661e+01
2.898230044507553771e+01
3.631396234935281342e+01
4.354143821484741750e+01
5.465604099394974469e+01
6.290071788138428133e+01
8.487058692638733248e+01
1.043725435547624016e+02
1.224293528447997801e+02
1.617699275306891877e+02
1.962308523260062998e+02
2.222085695039647817e+02
2.747407393641994986e+02
3.412494747478254453e+02
4.170568186413254921e+02
5.235088711181608687e+02
6.274476393943513131e+02
7.249123943895755247e+02
8.889332484939315009e+02
1.104178439446041921e+03
1.837055360555804953e+02
5.507437327459177823e+01
2.676702276375288037e+01
1.996736293393018258e+01
1.144534870416734407e+01
8.636680632927793866e+00
5.733287382795184683e+00
4.912453531304264764e+00
3.963986307292915789e+00
3.094470823211100452e+00
4.134196723850848798e+00
4.492747049403950754e+00
8.689223593401116830e+00
1.075219411978725148e+01
1.406240917296263326e+01
1.868101194512691876e+01
2.783749584090568518e+01
3.223378967746864987e+01
4.174475130184748650e+01
5.423031310544511996e+01
6.826544939455639849e+01
9.125866317963928509e+01
1.091722621872995660e+02
1.400639594374524961e+02
1.710134447075307094e+02
2.096722531526079933e+02
2.651410673297571634e+02
3.365602772031170389e+02
4.291054200737683573e+02
5.296169292253031244e+02
6.730273850347764437e+02
8.449748760359998414e+02
1.029715239651175580e+03
5.526549567117253901e+02
5.748738209993348391e+01
3.621249989746091558e+01
2.352297996185900786e+01
1.419770392304061701e+01
9.530814927654573054e+00
5.671984903106889853e+00
4.038328291744259779e+00
3.612577991966362312e+00
2.547769196592574836e+00
3.303005558578979262e+00
3.196718212049930230e+00
3.703684634531820841e+00
5.365919105004754108e+00
8.637330127352180753e+00
7.406499878218400390e+00
1.337442280515161031e+01
1.394292322708325571e+01
1.561258940274161588e+01
2.186934182903782542e+01
2.390921439490384870e+01
3.189953916195089079e+01
4.028188108289087666e+01
4.846248856706181130e+01
5.700414212631643096e+01
7.112526790690738210e+01
8.940520429333959385e+01
1.123941151023570200e+02
1.398584102098450614e+02
1.593955455300609856e+02
2.040213904306462780e+02
2.386746333142350522e+02
2.729468384828238072e+02
3.248125060253036622e+02
3.959311883716184184e+02
4.929286991435413938e+02
6.000263139475257503e+02
7.074977188914625685e+02
8.385769387473760617e+02
1.006186525093647674e+03
1.146648067663936445e+03
1.327354483282902606e+02
5.440745603045512269e+01
3.098900024925217522e+01
1.912740426287115980e+01
1.282620336564692920e+01
5.784193580427094084e+00
4.122090324223357527e+00
3.671398526822968744e+00
3.754296931456724717e+00
3.509958286362385493e+00
2.156661269701747319e+00
2.101414026689333081e+00
3.524876635929331314e+00
5.025143746805260214e+00
6.017312075985343789e+00
7.800752839625916479e+00
1.058176744299654182e+01
1.112977135905340553e+01
1.336872643706761288e+01
1.731105489414313681e+01
1.916981892627448758e+01
2.676394727508729332e+01
3.160105232834112599e+01
4.383356325341024018e+01
4.861347647553379403e+01
6.175764135797925292e+01
7.355679132334852000e+01
8.398333731120212065e+01
1.033417820798049434e+02
1.209027964556689909e+02
1.491377185403686099e+02
1.736740046254398351e+02
2.184064493448381938e+02
2.591361284047634399e+02
3.023214544621849882e+02
3.654323625800287800e+02
4.464758720072239271e+02
5.020419828797799937e+02
5.817785341430211474e+02
6.962248011368518519e+02
8.367418587530828518e+02
9.948735187151680748e+02
1.078346604594921246e+03
1.363265586087395320e+02
5.012404974864494989e+01
2.747953970958814196e+01
1.645696443463083014e+01
1.039576896522019744e+01
7.586802569054521328e+00
5.700478826095395135e+00
2.384413776863910428e+00
2.996640006766927655e+00
3.001498685273050526e+00
1.841136719445811254e+00
2.269777370961236773e+00
2.222885521606640769e+00
3.517316386470936251e+00
3.950611770190033400e+00
4.916153994336873723e+00
5.971310520866454752e+00
8.902323236623994163e+00
9.755058499525533833e+00
1.552925251645198479e+01
1.469707510474809808e+01
2.055764839454319315e+01
2.110440727934214067e+01
2.840280640067491547e+01
3.361444342269405183e+01
4.182921136934123751e+01
4.809950572263338842e+01
5.750299015921702761e+01
7.065216805252438803e+01
8.613025794799892765e+01
1.031594152281044501e+02
1.246127985780829590e+02
1.505185385642272138e+02
1.771522634142269794e+02
1.948043768907428444e+02
2.211488879233627642e+02
2.618412330750569481e+02
3.091789981179614983e+02
3.592955466082658518e+02
4.225332199648100868e+02
5.057075585942984048e+02
6.076240525177240670e+02
7.040605682715762441e+02
8.204069853813384725e+02
9.520728588246038271e+02
1.094575681336745902e+03
3.287809256393416604e+02
6.298940066511557490e+01
4.015777381786610079e+01
1.891487996904601587e+01
1.369517212303247966e+01
1.053673778799447547e+01
7.189310267723778125e+00
4.813898468862012336e+00
3.908971239592590408e+00
4.858036015191976809e+00
5.212594506762796343e+00
6.475084235823570289e+00
7.177507560331688907e+00
8.833753091285082348e+00
1.148835137207237267e+01
1.461273565108559680e+01
1.838564328533690784e+01
2.539298581109421349e+01
3.272959655583093763e+01
3.920421595451696106e+01
4.745567938209988057e+01
5.964347058708240468e+01
8.235202926180181748e+01
1.084770909845646685e+02
1.290598881967502791e+02
1.601358182427354109e+02
2.030821503387205382e+02
2.453050425117105817e+02
3.020273261347932134e+02
3.846117987257724735e+02
4.649277161070558009e+02
5.512890468975413114e+02
6.585045033089910476e+02
8.072904512018343439e+02
9.779126101148885937e+02
5.250909656609961758e+02
5.535248270447097241e+01
3.180539656586007524e+01
2.055917026703393091e+01
1.106267484211666563e+01
7.696913353950846748e+00
5.968042151166411458e+00
3.674722215128989333e+00
2.889938018290724830e+00
2.614619921635897626e+00
2.835776912988609677e+00
2.968109715739637444e+00
2.957872641912576039e+00
3.927162139103256067e+00
5.612930774539752754e+00
6.465503815274151300e+00
1.040875878698596146e+01
1.105022407455680344e+01
1.742615664627617633e+01
1.972767194008227420e+01
2.210677687309938477e+01
3.034062371260514723e+01
3.570575970326269299e+01
4.762582180702597157e+01
5.581746011263378193e+01
7.208664455359445355e+01
8.270100306993495565e+01
1.037226736651684575e+02
1.288043371927424801e+02
1.522560821427302074e+02
1.756731087859664626e+02
2.296202586066564777e+02
2.688327353247046290e+02
3.178373049512291004e+02
3.761361033554242681e+02
4.501349695975468421e+02
5.413645265020396664e+02
6.485125304236856891e+02
7.549231179977109605e+02
8.893647221189919492e+02
1.080278247212356291e+03
2.477775129551641555e+02
5.440923908470085735e+01
2.943607041130742630e+01
1.951751642172132151e+01
1.342055074444221674e+01
1.010413129884366690e+01
5.378524838068162062e+00
3.182939324955530225e+00
3.213202313592082859e+00
3.072223838302774901e+00
3.215868054386225694e+00
2.182897912806121443e+00
1.722876522114268116e+00
3.094451364890503875e+00
2.684351539055930491e+00
5.173225340607900513e+00
4.777572442447059586e+00
7.647221213601507195e+00
6.747362871762879521e+00
8.376583474618504610e+00
1.098426836571967335e+01
1.178905772451486555e+01
1.637478538294101682e+01
1.733412878375731481e+01
1.954359666173869314e+01
2.608451316406261355e+01
3.036883012038294183e+01
3.458622256779582216e+01
3.835850533067718970e+01
4.749417551433445794e+01
5.390659974586007053e+01
5.978844726706885382e+01
7.713839171228069347e+01
8.774530548597604707e+01
9.869852414848345745e+01
1.249674697752906383e+02
1.460892395608881031e+02
1.599320968760987114e+02
2.008870798841003875e+02
2.296559890282479444e+02
2.603235062519567578e+02
2.879147727383200390e+02
3.352748371705702652e+02
3.901488878287652824e+02
4.405151953879547477e+02
5.101923720879054258e+02
5.928985061222690547e+02
6.749569705776971205e+02
7.537881792487092980e+02
8.680147922988911660e+02
9.796830477168530251e+02
1.079377156208845690e+03
1.663038757599321400e+02
5.620982613302803799e+01
2.960696904711195288e+01
1.836515831053567993e+01
1.220034591288989567e+01
9.151113809852894576e+00
6.827642789116940669e+00
4.203693946468710863e+00
3.911994103285496571e+00
5.749082787890503532e+00
8.720320552030168315e+00
1.090085053723500330e+01
1.766245675296015705e+01
2.348668693659278617e+01
3.122900390601548182e+01
4.634548397406175013e+01
6.036551685997127237e+01
8.401176309938752240e+01
1.206312886594252376e+02
1.448362015571277652e+02
1.984874813267978482e+02
2.645687085966939094e+02
3.558356407657956879e+02
4.490678368554297890e+02
6.029142440509957623e+02
7.771736963941918930e+02
1.028244853635298568e+03
3.731816129667478776e+02
4.547094913026820961e+01
2.868104072844867147e+01
2.232244303490524118e+01
1.018448320919198657e+01
8.478835557117919919e+00
6.613025998896119972e+00
3.404889914978399990e+00
2.177325400276440615e+00
2.946743545305864576e+00
2.972605765418474100e+00
3.986649617558207126e+00
2.572068374114231837e+00
4.649559744880762402e+00
5.248758794127422966e+00
7.309722307516433482e+00
6.558284595732087219e+00
1.203062461956412754e+01
1.352180086957313243e+01
1.796880182814429006e+01
2.328721103746906707e+01
2.842543346817069860e+01
3.710079754606100266e+01
4.217294513515579268e+01
5.363000898271756256e+01
6.367323018404172075e+01
7.532541637633295295e+01
8.643251497687164431e+01
1.086913198203652939e+02
1.278720632741607801e+02
1.591703332838204403e+02
1.987628969870670517e+02
2.379257347953778208e+02
2.867428326374921994e+02
3.209669710752970104e+02
3.882841039705759272e+02
4.702119341644645374e+02
5.443272976505583074e+02
6.487990467882937082e+02
7.809905236482154578e+02
9.284558148049301280e+02
1.090726122522742571e+03
2.612637794521384080e+02
5.897244933701728087e+01
3.188818806738506595e+01
2.180832734437841935e+01
1.316263620445750604e+01
9.658883409307067680e+00
5.691648194172295838e+00
3.427473209221853612e+00
4.680933421753837642e+00
5.341241426472350007e+00
6.472480576010950060e+00
9.189578110684490042e+00
1.139264550248214292e+01
1.924228623852841835e+01
2.013760963768659096e+01
3.215887941501016911e+01
4.727685971005345067e+01
5.583315655469345273e+01
7.559344080222786033e+01
1.027967533526096844e+02
1.336688297684933389e+02
1.728593265086191195e+02
2.187806281454287500e+02
2.808433240605849619e+02
3.623023943242205860e+02
4.571888516484769980e+02
6.030020718795401535e+02
7.698046313840779931e+02
9.986087674177664439e+02
7.921529248900184257e+02
7.274273346618109315e+01
3.291157766379326688e+01
2.352465571815054091e+01
1.149084993414007272e+01
7.709655107640863037e+00
5.472862359373181995e+00
4.006350971385476356e+00
2.399552274183013534e+00
1.709071942308015624e+00
1.881703691081340946e+00
1.711503892973038621e+00
1.581707039324312447e+00
1.593250624891742184e+00
1.334626347395688528e+00
2.927716469319229464e+00
2.134238302273463006e+00
3.650670880208617408e+00
2.008463825955787208e+00
3.307379118197060208e+00
3.700791172324569445e+00
3.633748337015629382e+00
5.093050573191144181e+00
7.111753204940673534e+00
8.516869947486625847e+00
8.195232808620998455e+00
9.687440416687604028e+00
9.546732802471069590e+00
1.269423388424440446e+01
1.784773817070129098e+01
1.797505524607569427e+01
1.919914502796745381e+01
2.352555059142698823e+01
3.116898829481496946e+01
2.965205486658848244e+01
3.758651412880902853e+01
3.828676727122144996e+01
4.960505372592302820e+01
5.242165259085523132e+01
5.951527611410418928e+01
6.962215840221151097e+01
7.894727697475818218e+01
8.959704896034523358e+01
1.003287745380815323e+02
1.052166414575028028e+02
1.178232732876487461e+02
1.311392855990728208e+02
1.471328056566946429e+02
1.647123436487389654e+02
1.926185514721768754e+02
2.127144281857713679e+02
2.316679500794474222e+02
2.611264354715390823e+02
3.050729868459407612e+02
3.571846065256507359e+02
3.785404754438907844e+02
4.341331089456392078e+02
4.770534006857575378e+02
5.319510664837314380e+02
5.632727427846092496e+02
6.203255071263470199e+02
6.925737235597846393e+02
7.916053120045947935e+02
8.870101331664304780e+02
9.726341147407121071e+02
1.104043689654961327e+03
3.382477515264374688e+02
6.065269340906617401e+01
4.808821898740528411e+01
2.212415855530042208e+01
1.705107287287581030e+01
1.384081623041795872e+01
9.876508788955572271e+00
1.185617942949893688e+01
1.232859314166587161e+01
1.620235043932403585e+01
3.073545769044968878e+01
4.677159267465691528e+01
7.027660140457450666e+01
1.134636775233410901e+02
1.670684737839271747e+02
2.530176466630850030e+02
3.761462539573195727e+02
5.478561986305277287e+02
7.981850430881866032e+02
1.160509098320036173e+03
1.121985223886968441e+02
2.873621918209254389e+01
1.757639603902262238e+01
1.153682128390321360e+01
7.204843693995168330e+00
4.651692984321002200e+00
3.470263171548842784e+00
3.478426142737472304e+00
1.370240240779307506e+00
1.699630036149643253e+00
1.284108734121309547e+00
1.461506311050255302e+00
1.876343567461187689e+00
3.369273846258103333e+00
2.612238261211486279e+00
1.648521818271481809e+00
3.432432301986808376e+00
1.499267487241259023e+00
3.830185085855242644e+00
3.725416523315594475e+00
4.516974005286003013e+00
5.258519671109503690e+00
7.108853366106240301e+00
8.049771132365650672e+00
1.080641259695152634e+01
1.066357816403318637e+01
1.394941494961664397e+01
1.799558634002068658e+01
1.783800437233771774e+01
1.839247393690745369e+01
2.482182435903607853e+01
2.671361562245618160e+01
3.006966610297261155e+01
3.502629935716615961e+01
4.176718870826654495e+01
4.469560968096935483e+01
5.164926999962471399e+01
6.091484234535305120e+01
6.822839298479867409e+01
7.091286919872887040e+01
8.591516292388800480e+01
9.359132177077728443e+01
1.093304740424953962e+02
1.275084533847429498e+02
1.401852157848227307e+02
1.650741485053728184e+02
1.773592176378257363e+02
2.043620570494104527e+02
2.163373015618491877e+02
2.440126294221182093e+02
2.845232832230148574e+02
3.154192367180613701e+02
3.455846794187690989e+02
3.857061253344202783e+02
4.234185073727808799e+02
4.788378738053232837e+02
5.369645906091387815e+02
6.192358043144234898e+02
6.678144462053724055e+02
7.242809184324424905e+02
8.150332591247682785e+02
9.125259715378374494e+02
1.005343643473275961e+03
7.324040267958142749e+02
9.391973982467612814e+01
4.155384295324322608e+01
3.059264800107679960e+01
1.320830175735601486e+01
1.094915190082511991e+01
7.098496342364987832e+00
5.617697803045979654e+00
4.406966285574771547e+00
2.765728167152067929e+00
2.568962394967773566e+00
3.944074475744884456e+00
3.860268875790434429e+00
4.772679041710968129e+00
6.845636074348867339e+00
6.612721956740649887e+00
9.035096936717769367e+00
1.215221724948138160e+01
1.435399742288254288e+01
1.826754867481578515e+01
2.472953916115195838e+01
2.950167784429697448e+01
3.070232727680078710e+01
4.364992362888435906e+01
5.302978315282129529e+01
6.425777925997515183e+01
7.513516028380126954e+01
9.173876293453459141e+01
1.171407871047567824e+02
1.350403524883611510e+02
1.613266137185389368e+02
1.872698455440836085e+02
2.279069287455911876e+02
2.744425888245819465e+02
3.417338322361842415e+02
3.966775507198297532e+02
4.783078461865552526e+02
5.879490001400554320e+02
6.927946174341213919e+02
8.082320293895097620e+02
9.638389273121426868e+02
1.130783087660958927e+03
1.440358214408080357e+02
5.215400629090362372e+01
2.780322722830111815e+01
2.273175829928277736e+01
9.745143044741155336e+00
7.219610988786875794e+00
4.125830822183242930e+00
3.238147547939018267e+00
2.860797035259574184e+00
3.191044443953166443e+00
2.933097172834935762e+00
2.295780616233806803e+00
2.936480258069055438e+00
2.066034316893524014e+00
3.155758788839588824e+00
2.201631519207634557e+00
3.228901640267254791e+00
4.066690221000211380e+00
6.364136252573944219e+00
5.317766970426524686e+00
6.626700589891235893e+00
9.398474065370240993e+00
8.743426601131954357e+00
1.394060081435501175e+01
1.654584778314081461e+01
2.106265443684671368e+01
2.045521263877882845e+01
2.486325104514669349e+01
2.786089734964292219e+01
3.274356533544001024e+01
3.921439837220333402e+01
4.728474583412383936e+01
5.649287005193842504e+01
5.889783920637475489e+01
6.939299431308944577e+01
8.097213576549519587e+01
9.108336042327850635e+01
1.030104345581717808e+02
1.176817614652848647e+02
1.366781566586995211e+02
1.548163831644590687e+02
1.686125251472788591e+02
2.038480475971035730e+02
2.409904277175541836e+02
2.723986741474438418e+02
3.005939085858889825e+02
3.366291219983809810e+02
3.820226429393940748e+02
4.516886883554013252e+02
5.170310168457085638e+02
5.906566317513945705e+02
6.728269031254044421e+02
7.665726628375764449e+02
8.476861918528126125e+02
9.779988782784276964e+02
1.133840348939552541e+03
2.204097823966743590e+02
6.141715374822356210e+01
3.803444917389876423e+01
2.243648562031489391e+01
1.211724951787659066e+01
8.864878222331245894e+00
6.783987344095914196e+00
4.514406404594192068e+00
4.036150937849868114e+00
3.242951663910168758e+00
3.594516477050254011e+00
3.624619535206803800e+00
6.301933651321778740e+00
5.888343959948667994e+00
7.534373499297764454e+00
1.051096738905885175e+01
1.389795817756501783e+01
1.955515126374746870e+01
2.647809011689549763e+01
2.923162787990109734e+01
3.481914815476350356e+01
4.526963654112849156e+01
5.952621839777572887e+01
6.591032268429646024e+01
8.133473505556916905e+01
1.086829127115052529e+02
1.328626830924093838e+02
1.551775112795717462e+02
1.920589342745796841e+02
2.400775848300932580e+02
2.919310961344579027e+02
3.424008082902602723e+02
4.372556576071501695e+02
5.340413128262892997e+02
6.422409236237233472e+02
7.722743704839468819e+02
9.170186955687252066e+02
1.103411163888157034e+03
1.947280124060762319e+02
5.082310049885471415e+01
2.766587328713785254e+01
2.112406120794494058e+01
1.346903808892841070e+01
9.498453307375836374e+00
6.558318194635560872e+00
6.760688910406402741e+00
1.037323033654360316e+01
1.524843126000766169e+01
2.249268430773443939e+01
3.870894571730616462e+01
5.957872899493387564e+01
8.628953618343707888e+01
1.247276053521155461e+02
1.803802935096529154e+02
2.505539175560937224e+02
3.671522340885378526e+02
5.487314814821364735e+02
8.164437889354858271e+02
1.155028891503169234e+03
1.654128794481976001e+02
3.395859036795504693e+01
2.135605178101565826e+01
1.305182844719596247e+01
8.470500529313387261e+00
6.462498855693949551e+00
4.248375560717573940e+00
2.955619754364517071e+00
2.945204238909837180e+00
2.561256541986947521e+00
2.796760411931114909e+00
3.771195389761166972e+00
6.045543341473519128e+00
7.271219447302137873e+00
9.503914741223466578e+00
