4.340615941121506172e-01
6.273926576799542243e-01
7.803662935188131478e-01
9.812511591641412956e-01
9.214538136942000968e-01
1.010860858068677759e+00
9.342648751732294254e-01
9.633435077414518322e-01
1.115808662091796855e+00
1.082549325120378825e+00
6.587194230609594303e-01
6.209276682193847208e-01
1.021724835182740820e+00
8.072392092150845189e-01
9.984311496694746602e-01
1.133121841359518545e+00
1.507084087026685726e+00
1.048307139082504502e+00
1.011514481437815860e+00
1.099650817211684561e+00
7.877972311316867593e-01
9.874057286726036775e-01
1.034891627562371186e+00
8.486942505157447636e-01
1.078026127419240643e+00
1.032764734303910803e+00
7.604346689570204987e-01
7.565120887141365547e-01
9.336978185022185572e-01
1.046714204744620957e+00
1.228580810583746352e+00
1.230560700889004710e+00
1.159656925122724225e+00
1.227446800466904131e+00
7.090017794686235275e-01
9.249613719739843143e-01
1.229023965222556081e+00
1.395711781690426534e+00
1.649455786604075769e+00
1.505813193331599908e+00
1.090718664025905449e+00
1.188859789059982575e+00
1.107742767671067829e+00
9.519281360558097260e-01
1.086962282859088358e+00
8.062032185206167156e-01
8.972201990925798842e-01
9.865142211251863857e-01
1.454952527180833677e+00
1.087446640175358414e+00
1.582948412645324154e+00
1.756097119467934231e+00
1.389796310456326012e+00
1.224048608964353191e+00
7.427870653610451068e-01
1.265669459903790095e+00
8.438242912976203769e-01
8.880521191094994382e-01
6.697714895329446305e-01
9.346958765379427270e-01
1.068908478072957191e+00
1.110131623133703282e+00
1.168268940332744643e+00
1.000643754840163879e+00
1.363303173124963186e+00
1.324174658244804625e+00
1.526121361667239995e+00
1.375154360014096300e+00
9.748363663903780729e-01
1.019178102419141529e+00
9.776783196841528634e-01
1.107777401622400681e+00
1.151891400107190044e+00
1.139827113702970740e+00
1.118896464025715076e+00
1.250234984180640607e+00
1.167916841461342337e+00
1.177301153902559960e+00
1.296557629936835099e+00
9.446967773913090838e-01
9.302785247551736969e-01
1.249315905319651643e+00
1.196887772936868100e+00
1.456363727228108695e+00
7.445797491408667756e-01
8.151023556691190386e-01
1.252595716620349409e+00
9.668232098634709226e-01
1.241490253155546508e+00
1.064473158058900415e+00
1.500847618568775577e+00
1.230427136284219625e+00
1.147485488345005633e+00
1.012371755749450930e+00
9.653751898752880312e-01
9.216045021332708309e-01
1.277642544877897635e+00
1.227301344101625169e+00
6.956915262184315552e-01
7.152396405721446193e-01
1.380855535126878308e+00
1.102639395304377379e+00
9.541011509187967699e-01
8.269891789785531744e-01
9.861460360479834542e-01
1.001091227843686315e+00
1.137375562978358179e+00
1.206225656714461580e+00
9.143144813249620695e-01
8.844005337139579925e-01
1.175326823877999027e+00
1.278091072958966734e+00
1.560842712083840844e+00
1.028495670316842636e+00
2.030985091069293702e+00
1.595788276859612331e+00
1.234024647328248570e+00
1.045593488066131727e+00
1.335840045828724065e+00
1.230104043119268908e+00
1.679392434818847146e+00
1.211936617967008578e+00
1.384565041581695466e+00
1.165895468382254219e+00
1.139471308827109786e+00
1.065440605558433784e+00
7.281081327478917675e-01
1.050013680178510711e+00
8.619557968997137998e-01
7.796764299787444230e-01
1.209441293002089912e+00
1.213771176989574485e+00
1.075570290376275384e+00
1.012169185448867692e+00
1.141908968288821047e+00
1.442421515087489947e+00
1.922424612719948467e+00
1.617983552385506396e+00
1.395802620215630396e+00
1.136286909823682745e+00
9.625350496049918103e-01
1.051271037599363023e+00
1.142167975620061782e+00
1.052700651266496701e+00
7.065315692064494391e-01
1.305819535213752047e+00
1.183695894938548099e+00
1.159915851174727397e+00
8.390919019493345843e-01
7.684447519237904700e-01
8.548536148023520020e-01
8.500700933444109708e-01
1.324477810173276149e+00
7.298990691614506421e-01
8.039411377067164910e-01
1.016455966858800242e+00
1.591439408880868767e+00
1.591238349150916775e+00
1.696324920893095944e+00
1.145272046096968532e+00
1.270370650488803044e+00
1.206866776964228283e+00
7.436055321627144110e-01
8.882536835705997502e-01
1.038601285779425787e+00
8.860531422080635267e-01
1.521577897154052117e+00
1.571797518291172313e+00
9.193979194056453030e-01
9.014349377296468901e-01
1.160170452589348589e+00
1.182555355251364571e+00
1.003479980350471479e+00
1.059129206856257666e+00
8.235969667806610772e-01
1.108121260180521261e+00
1.289085329266570046e+00
1.271519318802535103e+00
1.086754477759590998e+00
1.196507480906442433e+00
1.101908999298940151e+00
1.111876907888778465e+00
1.350909892377458510e+00
1.254535802942213785e+00
1.156394883118710082e+00
1.207599419565226651e+00
1.606763256734702328e+00
1.046476382237619962e+00
1.119759977817746055e+00
1.162180521578504155e+00
1.564719245941828429e+00
8.352292668531300368e-01
1.192138166866006488e+00
1.208992822800003530e+00
1.128007678949020542e+00
1.373309547588546842e+00
2.054367490832819776e+00
2.722033187859779435e+00
2.932965383155635486e+00
2.209984084477903732e+00
2.944874981135045200e+00
2.958648337689276264e+00
4.319531458200925655e+00
4.646177110991726700e+00
4.094669696009368920e+00
4.973475487365444536e+00
7.022812670042004157e+00
7.179488361275332409e+00
8.308899263368378030e+00
9.170934909831329307e+00
1.177712472312548186e+01
1.144885822957107280e+01
1.092910740308461470e+01
1.142275606571538837e+01
1.211795317158428809e+01
1.465977231837903894e+01
1.265242495261544420e+01
1.596084445977540689e+01
1.576703653472341848e+01
1.687538806904653654e+01
1.575957800369511119e+01
1.744589367308621064e+01
1.815677802572479038e+01
1.811781120241221998e+01
1.627533031439850930e+01
1.693045149213687495e+01
1.733199838450655150e+01
1.736161184946254465e+01
1.685273642244492720e+01
1.511962819072683573e+01
1.796765129609529765e+01
1.749225196935534754e+01
1.831089863706583287e+01
1.651969127722123432e+01
1.822905872840680175e+01
1.543193559717734331e+01
1.489981318142048217e+01
1.467764800516863843e+01
1.625022607010883391e+01
1.510587329609283103e+01
1.541917301153036846e+01
1.369540641316698348e+01
1.314659415126664044e+01
1.425728745577826651e+01
1.467985822246717298e+01
1.417708877510249366e+01
1.496834174101699055e+01
1.679025885180610445e+01
1.534438724849240465e+01
1.775784438395115217e+01
1.669855238855962654e+01
1.968339022458070531e+01
1.948836542395666527e+01
2.237136493930709946e+01
2.174325135924286201e+01
1.869656912530848558e+01
2.141284562095462718e+01
2.079462325512482224e+01
2.415347588275453816e+01
2.484480777301920540e+01
2.595446307583008050e+01
2.825642299341783570e+01
2.764954570322694138e+01
3.027736082122876127e+01
3.027250656724211098e+01
3.079312369223670842e+01
2.843310617047083255e+01
2.922462591103005281e+01
2.853298506299278614e+01
3.042701937728279304e+01
2.829450377873075340e+01
2.938625967675369921e+01
2.881596813355265496e+01
3.008709311558664723e+01
2.708112886459765178e+01
2.663022505570019050e+01
2.738577140800085274e+01
2.625222824635723384e+01
2.609730607987123463e+01
2.691609605731117227e+01
2.172636838683293448e+01
2.192541720185732501e+01
2.008657342999497786e+01
2.036466422288759048e+01
2.066828487630818501e+01
1.853359773960837131e+01
1.800228839834836592e+01
1.610889575955299335e+01
1.552488504267761726e+01
1.509767597326518107e+01
1.502792776849452672e+01
1.464719198389598454e+01
1.259921588224811373e+01
1.270155318600297534e+01
1.072811176601518923e+01
1.065505266583522825e+01
9.684676017356332878e+00
9.250258878733646384e+00
7.926374662755293343e+00
7.389219366991790494e+00
8.051284964236849362e+00
7.391928131701748228e+00
6.716319178187715622e+00
6.833423022422046245e+00
7.237391989703425565e+00
6.623576290671381983e+00
5.255648089654683552e+00
5.432113382663552592e+00
4.991101857575959144e+00
4.789250563844126063e+00
3.919000293717801675e+00
3.951214531044754175e+00
4.457407309320024602e+00
4.454786603354902397e+00
3.849623533475360126e+00
3.815413960398198689e+00
4.160060419758629280e+00
3.737702870312824999e+00
4.214918249501049985e+00
3.964469642363734003e+00
4.377172155562050193e+00
4.242820718464719754e+00
3.998810431191720749e+00
4.993812865619132069e+00
5.171224021940725279e+00
4.601790810188841618e+00
4.435630862247021966e+00
5.139821286850635218e+00
5.441441374846458956e+00
5.696066967492215305e+00
4.148477884635401125e+00
4.900412825476141876e+00
6.090045713793464266e+00
6.664713194361392645e+00
6.707041735246259684e+00
7.356536904870705662e+00
8.050591424043950894e+00
9.366457833863673699e+00
9.125766198885411740e+00
1.028268353792538470e+01
1.182115349278398320e+01
1.288577279447354051e+01
1.430585105115600619e+01
1.578712354358149561e+01
1.875391006533414284e+01
2.131337492696043512e+01
2.195416195715692353e+01
2.750234456479455147e+01
3.214297154964970105e+01
3.446872309803374890e+01
3.299652672747621551e+01
3.712546059961096745e+01
4.546122457219900070e+01
4.750856251884421511e+01
4.909748720064515481e+01
4.859583807866096805e+01
5.259127665112049499e+01
5.326971975379003510e+01
5.443573347642774252e+01
5.926701084394163388e+01
6.087704327266957449e+01
6.325417471108433176e+01
6.241496511817740611e+01
6.253884315043650588e+01
6.181165605947100516e+01
6.513058715554019784e+01
6.204917630152412045e+01
5.743576072378711928e+01
5.605705437817477588e+01
5.351774133483652207e+01
5.319016807658495338e+01
5.468440204448803144e+01
4.920744999283427035e+01
4.856688578293258729e+01
4.794189030040687527e+01
4.215803628439491035e+01
4.425987628512586980e+01
4.281963902629215113e+01
3.555183151337649861e+01
3.528216089424758906e+01
3.559632378122807950e+01
3.492243803375225042e+01
3.214556197346305311e+01
2.817854289864488493e+01
2.664010609743800018e+01
2.697218208410848561e+01
2.589000756571631712e+01
2.494107614630301128e+01
2.342092052156606741e+01
2.289543990313487143e+01
2.538798806122098028e+01
2.373703108861663935e+01
2.209659389732336265e+01
2.280132345732037891e+01
2.322042569217789776e+01
2.364347752990681428e+01
2.102853250251515504e+01
2.171117383116566302e+01
2.325812047211104172e+01
2.255487977739793948e+01
2.131230351126524880e+01
2.183543922048019681e+01
2.186040043021116830e+01
2.348597939690921521e+01
2.121669071976645427e+01
2.059977001294970833e+01
2.106637141837515514e+01
2.200244827085247934e+01
2.192044904084242773e+01
2.272521352135423456e+01
2.051769069093001718e+01
2.090692820297140031e+01
2.242852222050454714e+01
2.313686496837504691e+01
2.394547436252235428e+01
2.110604156519447372e+01
2.191251447630429183e+01
2.472025073843006027e+01
2.253437551638269554e+01
2.583809136449198007e+01
2.229665560814514436e+01
2.287299305621210621e+01
2.095372670914552771e+01
2.146502560658901260e+01
2.380757220362977478e+01
2.582054440807654672e+01
2.243614295580416140e+01
2.395673742580822818e+01
2.533021498777345215e+01
2.608806546600869680e+01
2.494036470032519404e+01
2.763643233380825137e+01
3.267617468077392573e+01
3.181768341055273908e+01
3.120076633710423764e+01
3.112509813766063260e+01
3.580633854903845048e+01
3.652609304048089456e+01
3.818865158946332627e+01
3.749945952260240745e+01
5.120057071458357711e+01
5.422084441920637943e+01
5.912774821913246370e+01
5.618841147775545863e+01
5.333285026731753931e+01
5.697320049127728225e+01
5.156145654077555918e+01
4.866401167892259139e+01
4.546629687839443790e+01
4.205809902159514024e+01
3.716972822710270208e+01
3.515581310576144602e+01
3.470501624942002650e+01
3.190695235903380933e+01
3.306259247874677953e+01
3.045839549263869372e+01
2.714477608348333604e+01
3.199066690616656672e+01
3.391302942309916801e+01
4.164337570244325093e+01
3.494806604089072977e+01
4.108167155991765895e+01
5.306874879223637720e+01
6.096109227993707691e+01
7.027334495884478827e+01
6.837867385541643728e+01
7.618217277320711389e+01
8.200438290160332144e+01
8.968030003162158437e+01
9.375722543989823521e+01
9.056381639621113777e+01
9.151321728867878846e+01
1.001635382500215314e+02
1.030904187459591270e+02
1.046582288302821269e+02
1.051153565857923127e+02
1.026526906391695917e+02
1.038470293663468880e+02
8.949679646775555852e+01
8.570135760929011326e+01
9.475035120373779307e+01
8.961939059682293873e+01
7.551513142721947247e+01
7.481294002555935663e+01
6.939008982915687795e+01
6.034282734597612574e+01
6.134228695197270298e+01
5.786885347887443487e+01
5.368524100694408219e+01
4.768180928772292049e+01
4.031519731814456975e+01
3.574141683459386343e+01
3.532694660139124920e+01
3.049842630209389327e+01
3.005493749987765284e+01
2.974969760673735664e+01
2.923365724797004717e+01
2.424911384052139596e+01
2.033930371265938675e+01
1.850140133780228524e+01
2.066998294317119189e+01
1.770427291757651389e+01
1.689222833102298438e+01
1.480549808847753823e+01
1.506052828274115640e+01
1.295721185130618025e+01
1.189361130617616880e+01
1.173443406729763794e+01
1.105646374968267764e+01
1.065655971032402860e+01
9.869778098399022426e+00
8.870673540255525680e+00
9.520067641805670888e+00
9.544945639576919660e+00
1.066032540021025099e+01
9.461659680842362974e+00
1.045019853112005670e+01
1.060621393082831965e+01
1.155048773186054945e+01
1.231841246767200637e+01
1.026421298763100332e+01
1.004154504652276181e+01
1.018470853369456464e+01
1.137219305516648582e+01
1.216536039545148995e+01
1.007349840838810984e+01
1.187687513423750119e+01
1.271226849123957692e+01
1.255182078635608001e+01
1.466808098761950063e+01
1.349917509810995142e+01
1.481008924108036418e+01
1.454020809761377464e+01
1.713836428780895815e+01
2.132887635696891948e+01
1.580686330992432787e+01
1.602762549344281950e+01
1.879406171063044440e+01
2.258623028358245222e+01
2.393118134439931310e+01
2.117426806647084447e+01
2.279416022214501325e+01
2.238273666254563921e+01
2.468456638246131973e+01
2.452552460476154295e+01
2.557182719757655320e+01
2.686498116086239918e+01
3.053759959783929645e+01
2.970447851365428349e+01
3.218299226307091487e+01
3.188913540330155882e+01
3.455950536763029390e+01
3.154866845106414175e+01
3.340774341587400897e+01
3.402133731973360398e+01
3.453609382443978149e+01
3.513981346240704795e+01
3.584417003603195440e+01
3.798437830253691061e+01
3.650831836571346400e+01
4.212551428039281376e+01
3.658763694321134352e+01
3.987879569551827075e+01
3.819561022546557894e+01
3.887524992227011467e+01
3.709179955780296467e+01
4.084358977613852915e+01
3.649502696946066749e+01
3.974336601739128128e+01
3.381192360721038881e+01
3.697271233588816131e+01
3.293516658453564361e+01
3.354063657242519270e+01
3.108847576044010808e+01
3.038639446044232173e+01
3.010742066213499868e+01
3.187094357747004736e+01
2.877424851068305145e+01
2.479715031367259925e+01
2.297659704151798366e+01
2.426164125149918149e+01
2.241767694214766138e+01
2.121174134938473443e+01
2.013973845519543104e+01
1.774236970295158144e+01
1.937504231704874513e+01
1.888599150506115265e+01
1.905686904182407915e+01
1.883650178476363379e+01
1.947454948529711771e+01
1.952378844842601779e+01
2.443573265775774672e+01
2.463222985046814273e+01
2.838791051134335675e+01
3.071470388808631213e+01
3.750922378566048110e+01
3.916765824600412316e+01
4.139359738024065649e+01
4.512049155433437164e+01
5.023014609064894387e+01
6.151024358669879888e+01
6.626178427946150862e+01
7.325208812631265687e+01
8.241973627132840363e+01
8.806648291465478451e+01
9.644628363643235502e+01
1.080468123202866764e+02
1.178711213688526414e+02
1.284814049126386806e+02
1.284420936296718878e+02
1.492392976969780989e+02
1.510817749470614331e+02
1.585018596979506924e+02
1.568012052158385359e+02
1.568454892442269966e+02
1.671241358263721395e+02
1.674603907383309433e+02
1.619238945122999951e+02
1.660776799370132153e+02
1.592319330250098233e+02
1.728695601683320149e+02
1.670679132912692353e+02
1.536669871860758860e+02
1.503022831886602546e+02
1.395147429383910946e+02
1.466119709450736650e+02
1.334797342162468681e+02
1.273870536897537136e+02
1.309943348849325275e+02
1.212204784730858904e+02
1.187829918251407832e+02
1.179188865417884244e+02
1.125242672856155224e+02
1.100853336685933357e+02
1.061720192550538968e+02
1.002281202329338186e+02
1.051333001160253957e+02
1.053227232421325823e+02
1.097990088560600981e+02
1.194014917061080752e+02
9.664535700417974340e+01
1.056742318225220885e+02
1.113409623264098229e+02
1.197899894015943971e+02
1.272461493387158100e+02
1.252979099526639573e+02
1.438877066365478754e+02
1.573987233617599770e+02
1.822880553391292437e+02
1.931745559010088584e+02
1.953448763472715086e+02
2.112713039519460381e+02
2.194701251224784642e+02
2.276460922519583789e+02
2.354903572196145660e+02
2.369833723517678834e+02
2.497273120131964390e+02
2.417343272014232411e+02
2.387800998981057035e+02
2.321270531422006798e+02
2.347203505317692986e+02
2.288848446713946032e+02
2.129315391252503389e+02
2.028455673967520738e+02
1.944898533781872914e+02
1.865759317695649600e+02
1.610705340409876953e+02
1.552284401294953966e+02
1.313559288211633600e+02
1.208345920057519294e+02
1.123223762146377993e+02
1.061037176194523823e+02
9.301312381040513344e+01
9.056644958854427330e+01
8.054130794408042959e+01
7.962427785023882620e+01
7.469394078538864790e+01
7.023026186538970705e+01
7.132229176041467156e+01
7.195145682175646584e+01
7.345253874321585386e+01
7.158973532671359408e+01
6.867009525090338684e+01
7.072776409038462475e+01
7.367571535049739850e+01
7.348133833386937397e+01
7.817579780038583692e+01
7.441774129643066260e+01
8.071426611535237328e+01
8.731664134381379938e+01
8.674241444849853622e+01
8.457838806598098813e+01
7.735877067263665197e+01
7.444665932516538476e+01
6.767316608169223002e+01
6.040072117428142207e+01
5.813190492403452936e+01
5.361090652989842908e+01
5.017480229388952750e+01
5.055777897841484503e+01
3.728737908399011047e+01
3.764305834119330996e+01
3.357893828011268766e+01
3.265579180753164934e+01
2.667463750557117308e+01
2.551271737096774928e+01
1.979431954311455755e+01
1.945784255006976338e+01
1.725567524754626803e+01
1.900047770880413367e+01
1.391155709188360490e+01
1.635440141109634382e+01
1.590036007935628604e+01
1.583458077027648869e+01
1.979952010036250343e+01
1.734558633948244477e+01
1.764113388247413283e+01
2.331982606505785327e+01
1.911568211754287816e+01
2.634142383539541044e+01
2.516868375974050309e+01
2.747600745126458932e+01
2.982284335730431479e+01
3.539610253663835238e+01
4.022671469431995916e+01
4.872802372699414519e+01
5.221408126715418518e+01
5.662810098784900958e+01
6.050891144524569398e+01
6.447825296490262303e+01
7.098904529415904108e+01
6.983872872142018196e+01
7.903440442632276586e+01
7.979396726042179466e+01
8.021578568682302546e+01
8.776394457612602196e+01
8.519771918562376811e+01
8.462783623226042096e+01
8.207496957924783487e+01
8.704572598553080809e+01
7.654649692004667827e+01
7.717969635447256849e+01
7.772111232228088795e+01
8.145583470024357098e+01
7.984892021396477446e+01
6.646644541581143528e+01
6.362816002669313775e+01
6.851881425170063267e+01
6.264759922597945518e+01
6.312558669052030069e+01
4.857563489190759043e+01
4.962190544403578230e+01
4.823229439369830374e+01
4.976940116334298381e+01
5.032787091996888762e+01
4.477489608922606834e+01
4.345748999097894227e+01
4.680256607472227159e+01
4.501594908650612581e+01
5.092931579105260198e+01
4.709208021795318189e+01
5.077659781559735563e+01
5.948327920076172859e+01
6.560536358479288310e+01
7.008044527318109829e+01
7.367832515497781287e+01
8.156040709675039579e+01
8.873135119571045948e+01
8.899895761607429279e+01
9.615505741561352693e+01
1.025407649515128838e+02
1.074687924764704974e+02
1.059556344929156637e+02
1.150007315414722200e+02
1.263748536195802501e+02
1.292668751688472355e+02
1.254006485844608534e+02
1.319228742896144695e+02
1.378148947919430327e+02
1.355574812048812987e+02
1.433812387836365758e+02
1.419347995697267777e+02
1.336381958338888296e+02
1.337152473223332549e+02
1.347167304233404650e+02
1.316899365070917725e+02
1.254453440704331939e+02
1.202344957773028682e+02
1.153826666175464339e+02
1.142387638986978402e+02
1.142662144959074908e+02
1.072801149458240957e+02
9.781630050611215665e+01
9.261322061080329604e+01
8.868198586498748170e+01
8.419905134511543565e+01
7.665310028769260953e+01
7.722758097648585363e+01
7.609103102901282512e+01
7.504861625435366079e+01
7.205329201420640572e+01
7.083024263444460189e+01
6.751167638701586782e+01
6.575908900400938251e+01
6.689518262048035524e+01
6.535492701909183211e+01
6.764353851976042620e+01
6.703399359179944383e+01
6.591083514007154065e+01
6.549737663573866087e+01
7.043346144558556432e+01
6.906243325797350963e+01
7.308048279917233003e+01
7.086006444879217270e+01
6.791730149331014843e+01
7.231969869766467696e+01
7.691913142121107683e+01
7.533300857454966604e+01
6.520049286593250315e+01
6.468875931431236381e+01
7.276963298503829947e+01
7.223534206649669898e+01
7.607652404080938879e+01
7.355727724499921294e+01
8.779297713440450934e+01
8.045868039191142884e+01
7.970108086015177662e+01
8.224487150894501042e+01
8.650045940121943033e+01
9.167382832741073173e+01
9.732660516583722199e+01
1.020394349052241694e+02
1.106593269013592788e+02
1.162826691095388583e+02
1.307448670307528005e+02
1.204966958119221374e+02
1.279428213488674544e+02
1.266903336482023832e+02
1.288281495496068771e+02
1.295044976363491855e+02
1.331376447008246942e+02
1.258753174243625068e+02
1.162048389955041614e+02
1.102765458372188476e+02
9.948652328214777185e+01
9.833940219398540705e+01
8.641877116914064061e+01
7.845020200378073127e+01
7.191617095524051706e+01
7.272212007197562400e+01
6.343775437074725687e+01
6.498800987371716076e+01
5.046187137688608004e+01
5.115289558358365696e+01
4.555519788628485855e+01
5.341228421699887008e+01
6.044225599676202876e+01
6.346863741276361992e+01
5.978287915371597450e+01
6.652996762116971752e+01
7.163009673916454290e+01
8.758374265702619255e+01
8.376391182438686656e+01
9.492723627528843622e+01
9.794156200973380066e+01
9.801860417632930478e+01
1.034796494842596246e+02
1.017374947934683007e+02
1.100772520654345072e+02
1.165676137126103953e+02
1.194624932469164662e+02
1.236339218378441558e+02
1.150598881897899872e+02
1.079933601053541139e+02
1.078356643563560624e+02
1.040544729917184839e+02
1.023437143314150717e+02
1.009149542805467377e+02
8.362170149533694996e+01
7.743432944492525394e+01
7.977111044656662386e+01
7.327182221334345513e+01
6.765279552354158454e+01
5.898691398573696887e+01
5.257767579999138263e+01
4.623561668840383732e+01
4.292701286384513537e+01
4.064787480658694818e+01
3.730069609196136327e+01
3.274208105452122197e+01
2.787299097761580313e+01
2.602417005986449894e+01
2.091430514408224184e+01
1.973355014772213423e+01
2.384080652208260531e+01
2.200720968614769646e+01
2.426787530535294835e+01
2.460933046119490442e+01
2.156516397050554801e+01
1.985397914002274433e+01
3.190318562522131884e+01
2.688632671651583195e+01
3.082837243702856966e+01
2.587863706655435081e+01
2.987535097081944713e+01
3.691983974923798684e+01
4.285293017700450235e+01
3.922006764817749058e+01
4.186704267274346591e+01
4.134516231618568582e+01
5.389523159178454392e+01
5.237315826909186711e+01
6.147843009924835656e+01
5.939453946772011506e+01
5.647521492981194058e+01
5.530983185269537472e+01
5.687425049089270601e+01
5.886724134259790731e+01
6.209749514426577832e+01
6.593463661843118473e+01
5.899223216569196637e+01
6.330363407698688150e+01
5.882279870508126862e+01
6.300412491762488543e+01
6.891242290357543254e+01
5.141002715699544723e+01
4.800843721849209800e+01
4.774087113287344408e+01
4.734371069010981614e+01
4.769439158888721408e+01
3.253180268203685443e+01
3.213466515048057204e+01
3.501995046712399784e+01
3.763951143955591760e+01
3.841384268966823612e+01
3.206966149323170612e+01
3.336256910102764550e+01
3.634196033664619563e+01
3.306663680043389064e+01
3.831827658546088600e+01
3.847557294890177104e+01
4.060975593081620616e+01
4.307528109278197803e+01
4.712407761830745301e+01
4.926850350915602661e+01
4.586459307048300360e+01
4.995692095991795156e+01
4.787609694748975642e+01
5.457773728226543142e+01
5.121447299832324518e+01
5.262895713784361362e+01
5.038228308748885809e+01
4.708589171189554889e+01
4.357235539971627247e+01
5.063135649978702446e+01
4.681731136486946809e+01
4.111869347144820352e+01
4.093895492176562101e+01
5.220869341712689504e+01
5.172345746201210659e+01
