4.191040818148548119e-01
2.386917483883662650e-01
6.209582347096723742e-01
5.686743354183882992e-01
1.108915297473448636e+00
8.809335967357178054e-01
1.449007950742168704e+00
1.536945882863010926e+00
1.126977483815270409e+00
1.318011174667507390e+00
1.137398176552159690e+00
1.140258361114329322e+00
1.120440861966333301e+00
1.377097361194086877e+00
8.306254489114749395e-01
9.682565205366160388e-01
1.372655905229875906e+00
1.425982447692416333e+00
7.425924533694985286e-01
1.052032178715167632e+00
8.491496482315037397e-01
1.073913717683590452e+00
1.157844490321786379e+00
1.562596215118032150e+00
1.576056016366451207e+00
1.466503269423421241e+00
1.900341382118539091e+00
1.452965392607140416e+00
1.339819182788112517e+00
1.794287652140813094e+00
1.079599880628690833e+00
1.088799981746599421e+00
1.263033784710569929e+00
1.295725318604284970e+00
1.149532369909644247e+00
7.249701681654630026e-01
1.105221695876410282e+00
1.300858710091231663e+00
1.380887671335316647e+00
1.299768458604772414e+00
1.461999113243372950e+00
1.487308361422559511e+00
9.696817772328484297e-01
8.718508473222154054e-01
8.660278294062697668e-01
8.692309066543231211e-01
1.082397967091792701e+00
1.105050505813956363e+00
8.256304783031307437e-01
8.462966419285700148e-01
1.817424118703945712e+00
7.573659815802586959e-01
1.217708802606671803e+00
9.084002214355677562e-01
1.194998506158364338e+00
5.852162738654183016e-01
1.007926348580046483e+00
8.610605600186292952e-01
1.097505816300536008e+00
9.563840565055196086e-01
1.173167011130177517e+00
1.088135496832384863e+00
1.680974900943928763e+00
9.782183202703298441e-01
1.066477760062313207e+00
8.423438768451100289e-01
9.539568041473092119e-01
9.366445454705634166e-01
1.017180329577428655e+00
1.033781706539832035e+00
1.575412163009258570e+00
7.841319980464093176e-01
1.206061476323442738e+00
1.000814183689438863e+00
1.219841699759453002e+00
1.577459093863134099e+00
1.796935188877045064e+00
1.271227537173229560e+00
8.110943816016183971e-01
1.103172092414449246e+00
6.619752716787614677e-01
1.143414897432284416e+00
9.578825000279901358e-01
1.248478328866682752e+00
1.084911668974501975e+00
1.403529334330629652e+00
1.557153130074961478e+00
1.193471692789198180e+00
1.253619510928358327e+00
1.668216610625934848e+00
1.008769836384498797e+00
9.768724947970929273e-01
8.233636838110915956e-01
9.589129520733508105e-01
1.051973763992053446e+00
8.764108606611700214e-01
1.988938678756302370e+00
1.957693365403737173e+00
1.577057890343420699e+00
1.349652459235310520e+00
9.374993041707594399e-01
7.423737124569240731e-01
1.227599846836952446e+00
6.829841402499208236e-01
6.985030958322280270e-01
9.852681189238488013e-01
1.158447074994543913e+00
1.357818117028911642e+00
1.367855086386838170e+00
1.211609310858409394e+00
1.547224294308687353e+00
1.766725667063747451e+00
9.394181236170591198e-01
1.127995020432122297e+00
1.230624402894669789e+00
1.061656830834911469e+00
1.042706699000637949e+00
1.158696904628184310e+00
1.324747881275201156e+00
9.441498697948259577e-01
1.580261624897443928e+00
1.654140545500821791e+00
1.385884328918327135e+00
1.276907425859932887e+00
1.543264874757283689e+00
1.957895719333441198e+00
1.230577659592346551e+00
9.462663053415827363e-01
1.194592817111129079e+00
8.937616953080786963e-01
1.013008272215016436e+00
8.888403304104199876e-01
1.050450032050576299e+00
8.897642660964648620e-01
1.482727359190587180e+00
1.067809470874174549e+00
1.771025943651598933e+00
1.233597423613790767e+00
8.474272293808542411e-01
9.813937569183275311e-01
1.173634559351402373e+00
1.103598483805793506e+00
7.708008262685236422e-01
1.438904408680226066e+00
9.108464262524232913e-01
1.122821654192029950e+00
9.564931641266091189e-01
9.057606222171956656e-01
1.002095590080990251e+00
1.011078736001742362e+00
1.201275499679962167e+00
1.662459647006635066e+00
1.303087496483081420e+00
1.509573733008219509e+00
1.469044036774057371e+00
1.361172771860717834e+00
1.663168248192588017e+00
1.567359548209737774e+00
1.494244114298474813e+00
1.241702050363657106e+00
1.324415517251411600e+00
1.476191822854836300e+00
3.748946118308741582e+00
5.477519107804548426e+00
3.761231834637456029e+00
2.365896414293997552e+00
2.617527238435191528e+00
4.400008998364185686e+00
6.355081405267040573e+00
5.785616044957453852e+00
6.068007884724092804e+00
3.378097853318331900e+00
5.130856520632805839e+00
4.144954828603964359e+00
2.986192186782926861e+00
1.818619532056805266e+00
1.775884008304783102e+00
1.722159559350940228e+00
1.362429394017699913e+00
1.215451580637455731e+00
1.492311655354022104e+00
3.108456602522111201e+00
5.483183742257670801e+00
6.311222313541601459e+00
6.141003345631291133e+00
6.201015468167840439e+00
5.508821084999686590e+00
5.998423157473535383e+00
7.104052209561281472e+00
5.545486096342306936e+00
3.629189375331411505e+00
4.474780881697490109e+00
7.443926152071066227e+00
1.366177168168534450e+01
1.841535890406419185e+01
1.502744499661946875e+01
1.304406186455960182e+01
8.088960248695380884e+00
6.802959324400525531e+00
6.908704018830050586e+00
5.239186151992130114e+00
5.311170495817865600e+00
5.695721027393989999e+00
6.990319527004017708e+00
7.867607714478801917e+00
8.362825576976883113e+00
7.126472754132109344e+00
4.649236709773673759e+00
6.636655477754678678e+00
9.289919869524119633e+00
1.035692515563771465e+01
9.443872693695556819e+00
1.032200137386094596e+01
1.310296555205284363e+01
1.276243222671336497e+01
7.465630735936557905e+00
1.284405966088540296e+01
1.140252462648593834e+01
6.117068101182350226e+00
3.536346693486652093e+00
3.549987500565361387e+00
3.003058652648388005e+00
2.046122991022276238e+00
2.132497177342036920e+00
3.056536333214722845e+00
5.379667492818397179e+00
1.059516668818122120e+01
1.304753161124282279e+01
1.203059368161506626e+01
8.381461840168089594e+00
7.014447098308179918e+00
7.519294940169912067e+00
6.210098776614145777e+00
5.684834995611946162e+00
4.295611576719762681e+00
4.591429133371484284e+00
5.285590795774846029e+00
8.612415173291871895e+00
8.493486261198112786e+00
9.957170303591823313e+00
9.917898824807132030e+00
7.323246554751898785e+00
5.766627154264414301e+00
5.181177769734459204e+00
6.928519282630762888e+00
7.997828553543946839e+00
6.268013763023505547e+00
6.354124740903885460e+00
8.492886383214603541e+00
8.393969018982808450e+00
5.993934909526294597e+00
8.229493010158808630e+00
1.260631241002016978e+01
1.154478524580992982e+01
1.568011335771145198e+01
1.175501179077402014e+01
7.613711632337937019e+00
7.088334705083449094e+00
6.895099551637366986e+00
7.372477653391376506e+00
4.262900487631346991e+00
4.433100576033977447e+00
4.697557794543633314e+00
4.397857532250569079e+00
6.920138438237577461e+00
1.292874185194513714e+01
1.696850102941025540e+01
1.694077099990745339e+01
1.377771253448052491e+01
1.170630314600137467e+01
1.179903022097732190e+01
9.898229555407597857e+00
8.719344342698235550e+00
8.091182759499682575e+00
7.379227631588394232e+00
7.276544768451710610e+00
1.036121088837209747e+01
1.114220553410051195e+01
1.004283958575674518e+01
9.518024521998409426e+00
8.634018928894359846e+00
9.041674184195555242e+00
9.977861582308797495e+00
1.085325248436119239e+01
1.098068172328277115e+01
5.350074904010364563e+00
4.895169849590024214e+00
5.228967202194676922e+00
6.077865176833873839e+00
5.161307062829330938e+00
3.351150850056512809e+00
3.898765285777965772e+00
2.723014583723943893e+00
2.504997551050568205e+00
2.934727762577309385e+00
2.067569205956059086e+00
2.764340555902937702e+00
2.823202975493826372e+00
3.119749021055791438e+00
3.679603976910597041e+00
3.947059041355619247e+00
3.559866267085769920e+00
4.151276160764614254e+00
3.897413499437274886e+00
1.125664680968877462e+01
1.965989243042041323e+01
1.914555002393352723e+01
1.301016758590030520e+01
9.167047646004688133e+00
6.503425426547369881e+00
6.307080680410928508e+00
4.751327991718612864e+00
4.264241001010987908e+00
3.547285181513109009e+00
2.666992428710440066e+00
7.020796740255093482e+00
6.971412264803288572e+00
8.104723424612483740e+00
9.896254185091223121e+00
1.129849474733687309e+01
5.582600872578927564e+00
5.073599512821159507e+00
4.894782957777072951e+00
6.144966116173269377e+00
8.429346889171018375e+00
8.354231502752718086e+00
8.279067161443332878e+00
6.344423646443379639e+00
6.060370818477094801e+00
5.960599030811790655e+00
4.770323981427321058e+00
5.205779285982335303e+00
5.180490046870490417e+00
5.599311638424551596e+00
6.984695208446980885e+00
7.162222728482829481e+00
7.333668963219142967e+00
6.736417285383503817e+00
4.822343899952632462e+00
4.762105436868064423e+00
4.126938064008741414e+00
4.281818093049848173e+00
4.975090449871506060e+00
5.293131627957246010e+00
6.008173300365813319e+00
9.559391218251072075e+00
1.086176349707135635e+01
1.030701336213206254e+01
1.025839056906914237e+01
9.200426538902283013e+00
6.591418397064089163e+00
7.224536401341053349e+00
5.158284194455749372e+00
4.652357908661649333e+00
5.901769273268891780e+00
7.287515666630087097e+00
6.871888907093331333e+00
4.857081743322857470e+00
4.939280839673934942e+00
3.733705722392604898e+00
3.908118880782578408e+00
3.481924229028218409e+00
3.044846691448193976e+00
3.019338715413816487e+00
3.455868766014627447e+00
3.197195128821150867e+00
3.764180391073900900e+00
5.028767705379483033e+00
3.883591123254125144e+00
4.156969198006443378e+00
4.804229358527678073e+00
5.285964824759433078e+00
4.267973239745305847e+00
4.528532326379611561e+00
5.610912562626604760e+00
6.339069210181383696e+00
5.181865511106619415e+00
4.574570182136453944e+00
5.933393025909088792e+00
5.110864577930211539e+00
8.861473950250932319e+00
1.006772899650782449e+01
1.091787621739561587e+01
8.508471686176793725e+00
7.979734664523707721e+00
6.567077551380414491e+00
6.431704146452107196e+00
7.727643028128522218e+00
6.024629990727840223e+00
5.905179167003982599e+00
3.284807572478682047e+00
3.440591950291020495e+00
3.525143890024432292e+00
3.672211808133625244e+00
3.443817744990500529e+00
4.460071686623578557e+00
4.097405471152985257e+00
4.022182949138189301e+00
5.314876392708672626e+00
6.744931148203533233e+00
6.590219911567879230e+00
5.357881115607344924e+00
5.011348760591678442e+00
4.522445128114564561e+00
3.534046929139111448e+00
4.516613434180164255e+00
4.963662426598263622e+00
5.454307966006227915e+00
4.980330618558445721e+00
4.806448562882717823e+00
6.397580603244922060e+00
6.821931540549897477e+00
1.018133468019439647e+01
1.377896623226026129e+01
1.692475940271737755e+01
2.008408813182917285e+01
2.666170517453144839e+01
3.218057343060431208e+01
2.610428212788063718e+01
2.545559489422736377e+01
3.741330371666803245e+01
4.337546808728658476e+01
2.962102054063030465e+01
2.459722540962472692e+01
2.128097595894941563e+01
2.704371596416704193e+01
2.746903803799554566e+01
2.710061065706304362e+01
3.041945107154485584e+01
3.100336626552071095e+01
2.515995844350331723e+01
2.312255727585748488e+01
2.294271832098155528e+01
1.966546272012780250e+01
2.045389178345623193e+01
2.055604733453929356e+01
1.904837616109989895e+01
1.793534125516534061e+01
1.408272013132561007e+01
1.542814589234274791e+01
1.987008985354361101e+01
1.717046545742488561e+01
1.453229737643025743e+01
1.302637016466998610e+01
1.249902910400322931e+01
1.143451981843566934e+01
1.078779661967937464e+01
1.123485096961250207e+01
1.282795014140555168e+01
2.182199420397061118e+01
2.639342752976808271e+01
2.915266932512873055e+01
2.243769888183625127e+01
2.003784174167574150e+01
1.567353826709216236e+01
1.481033139419892564e+01
1.275931479204027319e+01
1.053971084608401654e+01
1.026974847257014645e+01
1.172179816793438256e+01
1.122502742239263007e+01
9.222139032462688846e+00
8.612730896738405306e+00
9.606154765043955379e+00
7.577583689697330982e+00
7.036912997536163061e+00
5.326976648144031046e+00
5.552536417043191008e+00
5.721933909694756792e+00
7.247320596315925734e+00
7.611836441242706641e+00
8.917550475181702296e+00
7.837229070435899558e+00
6.296361554899521096e+00
9.846045787621115153e+00
1.197783612792042796e+01
1.757271271649863920e+01
1.914764140236342627e+01
1.606648999597758376e+01
1.322648228228723255e+01
1.872397060335936914e+01
2.654422321649765593e+01
1.965453357138193269e+01
1.212067932717983965e+01
9.986153083739928604e+00
1.035761692667496980e+01
8.023265084515415424e+00
7.751701660642547509e+00
6.399346708026996566e+00
7.221084266561812903e+00
7.342971298453988105e+00
1.379057646525710723e+01
1.766164478505225688e+01
1.755060698898449090e+01
1.688753808402280399e+01
1.233495985242455006e+01
1.051244430156935650e+01
7.830615212741179221e+00
6.770382704590865330e+00
7.120230165939919864e+00
5.605745809583195793e+00
5.165108213270323212e+00
5.830872000640015429e+00
9.205255332472432883e+00
1.736150658218864606e+01
2.027723636902090476e+01
1.898005391570109168e+01
1.292726808556549756e+01
1.098997395474835592e+01
1.083913698222762534e+01
1.111095581713045988e+01
1.292042190451661732e+01
1.217788619127980709e+01
9.773071669167928022e+00
1.272864007986374091e+01
2.060232466854217392e+01
2.720279150585055206e+01
3.330463739937283663e+01
3.112428732278379329e+01
2.608097075349650851e+01
1.850687430198864547e+01
1.766366416635938563e+01
1.963804835632042867e+01
3.449062700235266732e+01
4.586014316585650619e+01
2.650303553305374749e+01
2.159154902324939584e+01
1.460321891900058944e+01
1.482656673224069976e+01
1.506446062504895345e+01
7.306195563326214781e+00
8.232104904111153587e+00
6.767020473281014858e+00
6.327307032858353608e+00
6.546450061126960485e+00
9.626767541517734728e+00
1.266841334190599966e+01
1.243054808353780416e+01
7.902998988834037064e+00
8.305118255853226827e+00
5.452050143241516267e+00
6.938658481016300783e+00
6.423294540428128307e+00
6.099705766357839565e+00
5.134937722480809263e+00
3.600125887808724556e+00
3.928640225398953412e+00
6.840624785373897510e+00
1.331735427209868305e+01
1.429759109366972503e+01
1.188163347156346461e+01
7.633315036669678477e+00
8.230521577864060134e+00
9.080909796893632091e+00
1.054354982569696197e+01
1.011730299152014290e+01
6.937975358636704115e+00
6.222045020157725759e+00
6.073653313612872751e+00
8.626461997579784935e+00
7.934106887136899822e+00
8.092314188363493699e+00
6.435181408015822058e+00
5.090298877685230039e+00
4.464573378976230522e+00
5.837808119535819351e+00
6.234489590967664085e+00
7.579891128403870582e+00
1.342001000156970392e+01
1.526199714463457902e+01
1.556465863289584561e+01
1.062313928074140534e+01
9.588116650740261093e+00
9.497447858293073253e+00
7.772918827614249793e+00
3.475511329261440352e+00
8.490432852369169225e+00
1.299117887145401795e+01
1.334694642262880748e+01
1.167525335950836407e+01
1.332509221545283751e+01
1.582292887988759666e+01
1.211917038634394217e+01
1.541639487778170192e+01
1.531904817328321400e+01
1.311799175486862978e+01
1.442455629779327708e+01
2.601897403265591890e+01
3.063561827463722409e+01
2.320089699912856673e+01
2.065960744197928634e+01
1.495678238117526604e+01
1.371601864800162573e+01
1.328178385359031743e+01
1.221709290655440050e+01
6.486693701453600802e+00
7.959702332456897622e+00
8.578018811973667113e+00
1.286961771370560115e+01
1.233745350908465355e+01
1.108169927927619547e+01
8.787146748897876947e+00
6.946531330552999428e+00
8.461943132243428423e+00
1.151117622232029980e+01
1.452708966311351091e+01
1.385159224223651897e+01
1.189076004179708512e+01
9.672959012060530881e+00
9.906110488976715089e+00
6.183013584732238499e+00
7.161552462638164585e+00
6.738932659386508206e+00
6.317414050121865188e+00
5.331369623509989886e+00
2.196179395196207196e+00
2.295824995140871572e+00
2.456750068410278764e+00
2.472450324722884840e+00
2.515013421845657682e+00
2.780808081461815906e+00
2.547801689925697222e+00
5.478551668969522837e+00
1.335478340653190088e+01
2.039535208636945640e+01
1.627389139039420840e+01
1.149579458216194894e+01
8.862176325500783491e+00
1.599726586768271019e+01
2.083139428255621084e+01
1.562533948708428255e+01
9.229149775220570007e+00
6.351734095173718231e+00
5.632356644595485129e+00
4.275738885582019755e+00
3.651775431209879130e+00
3.750460573924994989e+00
2.892172649613352853e+00
2.653987982596322404e+00
2.876329532954917667e+00
3.643580211205397212e+00
3.821130465885500982e+00
4.691077746453780506e+00
4.691402098028545353e+00
4.972385599279961710e+00
3.687161949190915333e+00
4.526611726181798190e+00
4.174240788133321445e+00
4.501710477522027354e+00
3.879582167953981475e+00
2.983198099248115742e+00
3.045722093765373728e+00
3.285086849741028825e+00
3.006388609028283199e+00
2.529738324874097444e+00
3.606976385471782898e+00
3.313193796988437967e+00
3.747633864261992631e+00
4.494916806275708332e+00
2.890724078577787459e+00
5.875113342403172290e+00
9.837770039986949655e+00
1.387008451526186903e+01
1.170244349221554003e+01
9.813915424426323142e+00
6.946414622512722126e+00
5.950281642399291471e+00
6.825047343400480138e+00
4.241191850198213764e+00
5.641852322940403397e+00
6.034354767984941859e+00
6.861445036920710727e+00
1.108772437306559588e+01
1.019524036221962326e+01
1.302240374110900056e+01
1.452665379556559344e+01
1.852288104550579817e+01
2.031707818327251047e+01
1.833691662764631403e+01
2.123082839726476934e+01
2.427887786984931751e+01
2.822921880262116900e+01
3.326961659369028723e+01
4.085377914625978946e+01
3.925142337622649791e+01
3.290222076430222842e+01
3.052788688041519194e+01
3.146161416138076206e+01
2.945816968289456739e+01
3.008821639830983941e+01
3.124694659531266794e+01
2.734472807975666342e+01
2.568654256501517708e+01
2.548652420647222527e+01
3.347614231355149883e+01
3.649051123439752331e+01
3.126198384457066126e+01
2.654006615098793986e+01
2.105199207017921026e+01
1.981047313946479704e+01
2.264315737574748866e+01
2.812625779504647738e+01
2.234095025102069343e+01
1.930284537473382045e+01
1.753254589714673628e+01
2.098720569764810762e+01
2.065095235499533999e+01
2.533430241820338580e+01
3.316126565580916008e+01
3.554344462095149026e+01
4.101388736344975428e+01
4.498387608275876914e+01
5.552967050793612458e+01
6.728013209444105769e+01
8.134921261306162421e+01
8.587077311847373551e+01
1.152876085006304976e+02
1.280542480024948588e+02
1.410971001414083617e+02
1.460193577807726513e+02
1.450697601355145423e+02
1.560830133808611890e+02
1.683288474999409061e+02
1.923771366821283380e+02
1.999010650812581957e+02
2.012861761486241505e+02
1.831280867888970647e+02
1.664660565034829744e+02
1.597346345097553808e+02
1.568512514016409796e+02
1.435575672865811612e+02
1.373797178753528954e+02
1.369553068607014552e+02
1.229570327434052359e+02
1.092207661011234165e+02
9.697903332935452170e+01
8.136136524491010391e+01
7.757366934238011424e+01
7.177454193226823520e+01
5.719294788230535431e+01
4.659816195364182079e+01
9.006125898292955867e+01
9.632865629194552071e+01
7.853840013608193260e+01
5.764721575746266780e+01
3.943992025624916664e+01
3.066476527719517264e+01
3.850001642469251095e+01
3.097314476708046627e+01
4.073767509945685106e+01
5.010303807635628459e+01
5.402081310194159869e+01
7.058905874781885359e+01
8.372912948074562678e+01
1.078097384988083860e+02
1.117825791356817433e+02
1.033297709946072729e+02
8.595861833717930267e+01
9.378633116849943008e+01
9.672078905324208620e+01
1.166539762836652017e+02
1.140742772122408439e+02
1.293567867532857747e+02
1.322217880583670251e+02
1.871325018417197441e+02
2.016112018518910247e+02
1.662530043325152747e+02
1.453031557890917895e+02
1.531228665383646614e+02
1.581632210391483682e+02
1.423777577722932222e+02
1.450440492296709465e+02
1.314637261457135651e+02
1.261047945087050977e+02
1.022229232681596898e+02
9.718912752828394730e+01
9.963813686016457893e+01
1.022327370486535045e+02
9.104367810206146316e+01
1.030858907666250985e+02
8.458851664113609559e+01
8.093678786119008350e+01
6.568195017121075807e+01
6.452779499390041451e+01
5.805846337603555440e+01
4.612541268196689259e+01
4.758437009859893152e+01
5.031954656184832686e+01
6.215213783260357872e+01
6.181464496176587176e+01
6.834839177126399079e+01
8.246020834147226708e+01
9.237183720416705057e+01
9.113235176817295269e+01
8.113733852184059003e+01
8.311641038651264068e+01
9.568316163995739032e+01
9.507680345465871596e+01
9.702321200962047953e+01
1.048010951734340495e+02
1.171352748693196730e+02
1.239408745386662787e+02
1.272033122682090607e+02
1.190085221335865100e+02
1.017795616839959081e+02
9.602166330523843385e+01
7.916574817383697393e+01
7.279403731067790773e+01
7.038304469395708907e+01
6.397260727122200308e+01
5.487207366237711170e+01
4.984503549699029179e+01
4.378319730525293352e+01
4.070563809293395252e+01
3.287974876023054804e+01
2.961893107269954228e+01
2.134600651194603316e+01
2.215695162739843482e+01
2.109853872454100809e+01
1.843766214661303238e+01
1.796807325972018532e+01
1.623674849943666842e+01
1.676544988417418125e+01
1.927384607292142960e+01
2.185777264034845047e+01
1.540004089364664353e+01
1.929339483900885810e+01
1.915401816379475264e+01
1.999615067299901483e+01
1.963688532018738186e+01
1.786018065270090460e+01
1.565482522824883560e+01
2.057966538132042800e+01
2.320637485437346470e+01
2.594906630973185813e+01
1.782924858923490774e+01
1.775923292080802796e+01
1.447535189350224805e+01
1.856014427963247115e+01
2.732375639392313715e+01
3.046554341818280776e+01
2.818289154653353634e+01
2.849819903893234851e+01
2.612387670728103828e+01
2.435316440380870517e+01
2.553680442672443007e+01
2.076395398274734916e+01
2.066800176583444326e+01
2.149693507822985694e+01
2.113634805760345614e+01
2.222251218069436973e+01
2.243383070435783111e+01
2.464892329231270196e+01
2.644634260708571105e+01
2.258730834686879874e+01
2.105814248364539054e+01
1.579377376100527464e+01
1.551452783807798141e+01
1.357678827388526344e+01
1.459913490881625009e+01
1.349170867818961739e+01
1.557007168705428057e+01
1.783821899714279624e+01
2.093800642755745756e+01
2.228923260244105720e+01
2.028713001222085666e+01
2.144466485885214624e+01
3.341904405637369280e+01
4.513526038481242608e+01
5.503977544292038004e+01
5.129999829058498051e+01
5.006574659509921332e+01
4.530135074403530382e+01
4.700956070102807871e+01
4.140832353101889396e+01
3.633397228429095094e+01
2.840158011013143735e+01
2.882215876604749027e+01
2.087534890631227569e+01
1.971323180057664359e+01
2.114494980308122152e+01
1.865593497791504873e+01
1.833929094100113844e+01
2.211452994537731698e+01
2.913256377815535814e+01
2.779816691426798769e+01
2.793725465783528605e+01
2.003026179423052255e+01
1.659421252854882312e+01
1.720596573242486471e+01
8.074763995304287789e+00
8.989040313400156634e+00
1.037295834539131789e+01
1.292080123965284066e+01
1.424567332870782899e+01
1.797115703356028504e+01
1.650739735592904722e+01
1.293190633817319934e+01
1.186352781196828765e+01
1.082994645115840626e+01
1.127695080606430622e+01
1.303010257349007439e+01
1.161199403300784816e+01
1.174195265784152653e+01
9.696500261018925926e+00
1.146025918645488595e+01
9.329358938377968258e+00
1.016278746818493062e+01
1.165869175816581205e+01
1.450373182440175412e+01
1.818913053819251857e+01
1.520701084576728945e+01
9.320904732831335693e+00
9.075443963153189131e+00
1.050412570303510229e+01
1.345242484118966253e+01
1.461114685166399418e+01
1.509963722087121596e+01
1.326525118605582776e+01
8.699842402819328413e+00
9.256065322040694099e+00
1.604421699782528776e+01
1.766380455701996155e+01
1.663524143503407871e+01
1.644442142552204444e+01
1.897431243257808475e+01
1.763187340228290267e+01
1.691119593870900673e+01
2.291609470525574821e+01
2.250824038574693731e+01
1.641110571102748139e+01
1.652496886250006369e+01
2.014997615407552445e+01
2.329055366329420451e+01
2.798735226303403323e+01
3.494450877263670208e+01
3.325683019459301448e+01
2.868556428430945715e+01
2.539766052211609093e+01
2.514369991786875858e+01
1.673815805087134834e+01
1.667726510350901847e+01
1.729507740596513088e+01
1.732319791159315869e+01
1.925307035344892270e+01
2.588892124821727947e+01
2.740789356829085222e+01
3.234505859844469455e+01
2.853397158434069780e+01
2.715436462625082115e+01
2.422770344985105950e+01
2.261091592872814005e+01
2.566357868009587051e+01
2.888522552932303000e+01
2.935875725580208950e+01
4.120846149521231894e+01
4.656043239620380092e+01
4.353914040205494729e+01
3.807257908356005771e+01
3.149268625205706940e+01
