5.204539295427039747e-01
5.416503235615635070e-01
7.664062494131063108e-01
6.892210870823272106e-01
8.486426771823707416e-01
1.102341207010531843e+00
1.427450804104975601e+00
1.187051800862686690e+00
1.198839843926562621e+00
1.197179157661768745e+00
9.616522635746656000e-01
9.484677648739530120e-01
8.975190467002179817e-01
1.819988546136765084e+00
1.161705515975221426e+00
2.189402581465368591e+00
1.401602246063337720e+00
1.651623515430771238e+00
8.080665663314630098e-01
8.799235291700979733e-01
1.106015650177743392e+00
8.204871852390807074e-01
7.054577148726637326e-01
8.590375246405039800e-01
1.270650569191504209e+00
1.274753046857512562e+00
9.337325786326897692e-01
1.006544064879161704e+00
1.045719977229453423e+00
9.255499052851137165e-01
1.583245624097573190e+00
1.727336099245883272e+00
1.193306368253098215e+00
1.185229579524887278e+00
7.644038697722329578e-01
9.206741403127909340e-01
1.716979490930353736e+00
1.289936747817840290e+00
9.175879700252415061e-01
8.355888326024945023e-01
8.090769998280512576e-01
1.190163836730439240e+00
1.007769050222711904e+00
1.337254040010051215e+00
5.357180376477457262e-01
9.996064917411202622e-01
9.556269344241358210e-01
1.081107329136864026e+00
1.661853533193073718e+00
1.543965152829248400e+00
1.638694404074914512e+00
1.726052764299483400e+00
1.362915082111344489e+00
1.062773744090590222e+00
1.143113656296730341e+00
1.532553564712564320e+00
9.575227708193938536e-01
9.813821731167483575e-01
9.747017186753421658e-01
1.058424875597486770e+00
9.404390070736505791e-01
8.078281241495428588e-01
1.282546316779545892e+00
1.350590068400063348e+00
1.194444117275852202e+00
1.418164324222623174e+00
9.946430589084919172e-01
1.004638044617199855e+00
7.378587156386051671e-01
8.467092414387057397e-01
8.553321048624528133e-01
1.260847156239380151e+00
1.006996646049444166e+00
1.422936165174226275e+00
6.979367688124804570e-01
8.427809863430032467e-01
1.668845068430329093e+00
1.484913126958703478e+00
1.036031038792479153e+00
1.045520873946556017e+00
1.791233697214869247e+00
9.033160371359481022e-01
1.787326213483132253e+00
1.497144702038734287e+00
1.114519587880169027e+00
1.225597970443703222e+00
9.424953841761932738e-01
1.497379551980871248e+00
1.387448441321498471e+00
1.014991517601744109e+00
1.781328149730163179e+00
1.483809487662416160e+00
1.243740725099260924e+00
1.253539499116791411e+00
1.077794846364534820e+00
9.833065278378242402e-01
1.199947300186882782e+00
1.500803727062561377e+00
1.311830404088696778e+00
1.097376378153189780e+00
9.019958573396331669e-01
9.933910257896616525e-01
1.141771757054729886e+00
1.006561334714197509e+00
1.572832218050357778e+00
1.593858802872485381e+00
1.309125725351578229e+00
9.960558906343947028e-01
8.677273688801244722e-01
7.434502073669738698e-01
1.233052717375138219e+00
1.418765339064992581e+00
1.508053809259375599e+00
1.387125179844648670e+00
1.301883988954233073e+00
8.125469051552585142e-01
1.179938916972356200e+00
9.083916213505665027e-01
1.056679734044476238e+00
1.422538067989105537e+00
1.338973873460810982e+00
1.519558463812047178e+00
1.643364504848458640e+00
1.066238872964928586e+00
1.930427013455689123e+00
1.420279978854346314e+00
9.380717612501723313e-01
9.401594633205742069e-01
1.099629887362754355e+00
1.339181770785634384e+00
1.304177361481792641e+00
1.011697849408462524e+00
1.604683039234210185e+00
1.450692643878137122e+00
1.598925266506172393e+00
1.465591629848713495e+00
1.190546796576667177e+00
1.324134170527472509e+00
1.104453614693668317e+00
9.384607231414987538e-01
1.681888733955761550e+00
1.147161470242602288e+00
1.781518258409436228e+00
1.213836652717923625e+00
1.354073682263051914e+00
1.510935292599180357e+00
1.135283426406915597e+00
1.082941002614861148e+00
1.524081400792258734e+00
1.367927495204396271e+00
1.403227925812270183e+00
1.601514385077704272e+00
1.033815177572620536e+00
1.250981587815657825e+00
2.001434035307683601e+00
1.667459788295360568e+00
7.713979121629260804e-01
8.484680234417978362e-01
1.085422210717898128e+00
1.393185486415939200e+00
2.225635171820168789e+00
5.663290461105188633e+00
1.251914553983662515e+01
1.333575655042210961e+01
1.615154520463367405e+01
1.536312105887661339e+01
1.697574611051993188e+01
1.789590924452314979e+01
2.004355464801265896e+01
1.717812937973894094e+01
1.537658216130258104e+01
1.654942863917211682e+01
1.658348943258559416e+01
2.002800442382648782e+01
1.609463832828993191e+01
1.437931310287197029e+01
1.523990156889856706e+01
1.535119735267247520e+01
1.831403376233248892e+01
1.673048644828017473e+01
1.486241206476300647e+01
1.482403696021970774e+01
1.390931807099984141e+01
1.349340394490135964e+01
1.457321736919669419e+01
1.830837925156868806e+01
1.975594160480667227e+01
2.035027628463828719e+01
1.640182308881579587e+01
1.572929704206845614e+01
1.477002044386317792e+01
1.522558868840161139e+01
1.805941935470990245e+01
1.695222297913655751e+01
1.865232779230358773e+01
2.225427328759467827e+01
2.441197901447621632e+01
2.584484796279498653e+01
2.752878890422099545e+01
2.254058908117413651e+01
2.398955006496252906e+01
2.001448649646522426e+01
2.220254424121101167e+01
2.001047439271054529e+01
1.912986785725012595e+01
1.932664798301891906e+01
1.744927071494669235e+01
2.194918009938426096e+01
2.657976489402583908e+01
2.617374901980056734e+01
2.138139913301228745e+01
1.913289311830804706e+01
1.791932952111376665e+01
1.724162668135574350e+01
1.780170974428366293e+01
1.501937367991432737e+01
1.514464433715582459e+01
1.584281150770155477e+01
1.593109590814258425e+01
1.465121612189888012e+01
1.914483598317185908e+01
1.653342684320979927e+01
1.503118347151453094e+01
1.420104154697348875e+01
1.225210336672721567e+01
1.593034859631655564e+01
1.646272523334971538e+01
2.029986389861087304e+01
2.019383433550315843e+01
2.020930808769843168e+01
2.045036747677353617e+01
1.922919789127589496e+01
1.555968914039289075e+01
1.812226823068725423e+01
1.934110374802128263e+01
1.534325711484594734e+01
1.835915653617008303e+01
1.580031406366431312e+01
2.231962843022204623e+01
1.998801093914865845e+01
2.391977560687898574e+01
2.181380469632558317e+01
2.324472582456768066e+01
2.221839680924132665e+01
2.265738200152234683e+01
2.072211523790845789e+01
1.838399107941017263e+01
2.308334994804035034e+01
2.236625155995019654e+01
2.850828090992924047e+01
2.403098779262971618e+01
2.149895150309534841e+01
1.750007204000899463e+01
1.825344870597774261e+01
1.473821399283696110e+01
1.646773312152434698e+01
1.626976128094122842e+01
2.004708404886184780e+01
2.284825136302598381e+01
2.205603273345034765e+01
2.321915435796472593e+01
2.215786352361526212e+01
1.969562708255271488e+01
1.971100684466385289e+01
1.918527379852219639e+01
1.892634278736962017e+01
1.585476072200202857e+01
1.893922742723664143e+01
1.487866407742962593e+01
1.919631552814421482e+01
2.056059799777979435e+01
2.080004535357628015e+01
2.071382818960770322e+01
1.847963729972738633e+01
1.849249683588515580e+01
1.927082274962529240e+01
2.061425624870001982e+01
1.995703634117413827e+01
2.077032905420574593e+01
2.014414651926059463e+01
2.661771767653186060e+01
2.348675396853566610e+01
2.298647894358091293e+01
2.213806237464300253e+01
1.812041353060246962e+01
1.833557264771460638e+01
2.323693842939762533e+01
1.910387881365657847e+01
1.971698326348223063e+01
2.008126274020483848e+01
1.752350135049641011e+01
2.034215441852261819e+01
1.986465582529050522e+01
2.614307110807315482e+01
2.568797151198934614e+01
2.269498505585154646e+01
2.208816315003975461e+01
1.989784596789819560e+01
2.060264842186376910e+01
2.027080336175965414e+01
1.862745970879114665e+01
1.843296207137075626e+01
2.807156935198793946e+01
2.561818673305539917e+01
2.890477291520146608e+01
2.906265596273065199e+01
3.021407675374668855e+01
2.637045814197688642e+01
1.883202457754941506e+01
1.902116561827353891e+01
1.851014156060620408e+01
1.588724186450400744e+01
1.814478805490557889e+01
2.007536666475022713e+01
2.416762688085886879e+01
2.481367879564011147e+01
2.148312153144384951e+01
1.554651688620203842e+01
1.892748095899931826e+01
1.694788412905070629e+01
1.698161631924514836e+01
1.750815954749284842e+01
1.688535902430880498e+01
1.634818937616525858e+01
1.913841300270819801e+01
2.118716265172530555e+01
1.868197830205359367e+01
1.497979311974966876e+01
1.690515197937254399e+01
1.802782672974876732e+01
1.753827654802313063e+01
1.327107511271182361e+01
1.717909955647801112e+01
2.267087533367033814e+01
2.369206070262784181e+01
2.059615527354915088e+01
1.470677407901280276e+01
1.785717002400260967e+01
1.787311827814486875e+01
1.992835273972997356e+01
1.924073490068067827e+01
1.814316132119623859e+01
1.850655345403488283e+01
2.059765988291491468e+01
1.874047227388901860e+01
2.446252001393241216e+01
2.332543218113968919e+01
1.502998427915620994e+01
2.335078195370680021e+01
2.022049581121538608e+01
2.433563682866639155e+01
2.122894116985568758e+01
2.001907446090238807e+01
3.266897497832604813e+01
3.576303499061991431e+01
3.936459351335257395e+01
2.745124760781179063e+01
2.359660990583414275e+01
2.041227205302672587e+01
2.042135293695011455e+01
2.281166484933762462e+01
2.452345630886715000e+01
2.113039875768702203e+01
2.034080549389195625e+01
1.934690161714236112e+01
2.023219567092251481e+01
2.480567578911077575e+01
2.346412035717136035e+01
2.530327005964554132e+01
1.908385954741909529e+01
2.061202060745088005e+01
1.996015657725173753e+01
1.747578394490045994e+01
1.859651879041520317e+01
1.435934015825541721e+01
2.222354768272580117e+01
2.473802472290019949e+01
2.488254293942454609e+01
2.401351674887809295e+01
1.898185903039215816e+01
1.838179366606580345e+01
2.003344981357189880e+01
1.663356771281655710e+01
1.814585949980683921e+01
2.012144297138090465e+01
1.884227791633314197e+01
2.255173844082788648e+01
2.308418675832350075e+01
2.057527129126054533e+01
1.764982170532672967e+01
1.747875623056759053e+01
1.602583496929459983e+01
1.468777473014867319e+01
1.603731562980836145e+01
1.475766516820502261e+01
1.912956345279647508e+01
2.021222870107017044e+01
2.595789821903691674e+01
1.963960433229411606e+01
1.854577825233350552e+01
1.937159926603658988e+01
1.642744550738328257e+01
1.768438661897272013e+01
2.098327713653973703e+01
1.986113684461229667e+01
2.214496198609289479e+01
2.850609049851285448e+01
2.575590678533739464e+01
2.692709720027757925e+01
2.308134930332847645e+01
1.607602428762612590e+01
1.459754431939906105e+01
1.487881687979243495e+01
1.544283253469634332e+01
1.250275863980205315e+01
1.831672880561037431e+01
2.161208899444109832e+01
2.242541944136974763e+01
2.007657309462044282e+01
1.708178010487667819e+01
1.411174123964207894e+01
1.751906228650931752e+01
1.677365940701512415e+01
1.870692895294761726e+01
2.164159394632331868e+01
2.387272334786558758e+01
2.377721431176149025e+01
2.630993498081291193e+01
2.091300658507960719e+01
2.068280493648899920e+01
2.020935529850838464e+01
1.914617771729871265e+01
1.440256648532015582e+01
1.967313273651199523e+01
1.955781583043217609e+01
2.375481174168536214e+01
2.272769225059369802e+01
2.371791214386261970e+01
1.965015303044276962e+01
2.271904852225517857e+01
1.764191944934577805e+01
2.291996025608551690e+01
2.269126385542008606e+01
2.082762415866590189e+01
2.062656414122808002e+01
1.986950070773946209e+01
2.321615299910762076e+01
2.338646811792343527e+01
2.494254115811231287e+01
2.389619724566471248e+01
2.032387551211242283e+01
2.015830492100722893e+01
2.061115672203817795e+01
2.030574916145593178e+01
2.181210624233138162e+01
2.152578282694882006e+01
2.018735584481457579e+01
2.100211685127820260e+01
1.872491087102396889e+01
2.262514764886054408e+01
2.087963591427157084e+01
1.701469026224403791e+01
1.712634009048787220e+01
1.788796965559599528e+01
1.570762010463124803e+01
1.454167171324836616e+01
1.647460095665127966e+01
1.762703142121670297e+01
2.003683010537193354e+01
1.728956685139190697e+01
2.604549655430179200e+01
2.127661587991218184e+01
2.171320595033472856e+01
1.704206511433478966e+01
1.779332970557094740e+01
1.680452770940977558e+01
1.510516172187430151e+01
1.623609876594901991e+01
2.134757618701981841e+01
2.295716756110625312e+01
2.353646594534920311e+01
2.475735094383119517e+01
1.994474577500772483e+01
2.261758499236149689e+01
2.313073295161544607e+01
2.190428619954296607e+01
1.887877417937002633e+01
1.839777723273174814e+01
2.268302540863786732e+01
3.231637691520523958e+01
4.174149422697554712e+01
3.180232559219901844e+01
2.640542882636469102e+01
2.522507067259651592e+01
1.761705337999437049e+01
1.673687205966787062e+01
2.150834743857247489e+01
2.061921217076284307e+01
2.354799413354754734e+01
1.929179573849280871e+01
2.021940423310779877e+01
2.450420227337914270e+01
2.709460081918342311e+01
3.529685666622838625e+01
3.364754592233867214e+01
2.929820866644796240e+01
1.795560402109244791e+01
1.980886489296101516e+01
2.066022733119064725e+01
2.224816801034754121e+01
1.605834495997720524e+01
1.613118359579776495e+01
2.146811798268604576e+01
1.781877073955894630e+01
1.856538002695848633e+01
2.233073678416698016e+01
2.132266280138373915e+01
2.033519347466230442e+01
1.951489674154234422e+01
1.870901160240982719e+01
1.910382058047044751e+01
2.090991779835540143e+01
1.882745555048237662e+01
2.368669402236218602e+01
1.650519696972243722e+01
1.518893174392086109e+01
1.203243400504587868e+01
1.442646318548381501e+01
1.877047575634621879e+01
1.550877087665158527e+01
1.572349759303284777e+01
1.612619628026759955e+01
2.006593317266982979e+01
2.067021730959702097e+01
1.780560750191878583e+01
1.609977713048736803e+01
1.866233739175384798e+01
1.697720520670223010e+01
2.409729369297999568e+01
1.599830790180390316e+01
1.616267880319806238e+01
1.911101319403273635e+01
2.245017091231055417e+01
2.063308373554749053e+01
2.007150497917234588e+01
1.859438724756808980e+01
1.959345814496014526e+01
2.351345196596873777e+01
2.641780883421402137e+01
2.276903181744241778e+01
2.117302315766663412e+01
2.032593287216954536e+01
2.410535966039923750e+01
2.942651692835691435e+01
3.910321989716525337e+01
3.307074310020412611e+01
2.304405993518623674e+01
1.999382324889500140e+01
1.763522034636295643e+01
1.958985378501414232e+01
2.085062691791266687e+01
1.959808425719607783e+01
1.610680621760723596e+01
2.282731993916442192e+01
1.875737673509927816e+01
2.799151508163711100e+01
2.113155376492800031e+01
1.540425081652333006e+01
1.896616976031206292e+01
1.713390035042806403e+01
1.666375486478747447e+01
1.684646322218728542e+01
1.587717126277689061e+01
1.643514862141109489e+01
1.485228613914340379e+01
1.314819069789210815e+01
1.646670364431807343e+01
1.430964513005420713e+01
1.796041575859087658e+01
1.850387016258221706e+01
2.049344437727942037e+01
2.192109509818795487e+01
2.072549039756218292e+01
2.677731219657115957e+01
2.453767099230097060e+01
2.842263191390317800e+01
2.600636591157315536e+01
2.767811589602369082e+01
2.071659626763252859e+01
2.137589702237449885e+01
2.074949826689082855e+01
1.905839230179552501e+01
1.814729481316449622e+01
1.850220465071975440e+01
2.574006121540649161e+01
3.019821592479699746e+01
3.209911456253485085e+01
2.391729935359709458e+01
1.628111795822690766e+01
1.449889687483767275e+01
1.674030594193903809e+01
1.707289321187193565e+01
1.660458265653942078e+01
2.072066009871188186e+01
1.833949443912592869e+01
2.576914183507684442e+01
2.404885874377078281e+01
2.469125398274174188e+01
2.136126331814323365e+01
1.835724882453378015e+01
1.562042079244080028e+01
1.800363883779143848e+01
1.690534143863934702e+01
1.269598331233536825e+01
1.432099251893735925e+01
2.517187638145853867e+01
2.315457471294195102e+01
2.006223224072792277e+01
2.381248731827306742e+01
1.674576151277609881e+01
1.468546904762372840e+01
1.435526762417933710e+01
1.496506505563020539e+01
1.620267270469174292e+01
1.698037277068323547e+01
2.891165701680697708e+01
2.660969536924371681e+01
2.177694581154655395e+01
2.135683024681098985e+01
2.354428165305905907e+01
2.291357910268738607e+01
2.323974004963321960e+01
2.254164940221613023e+01
2.439168257596929124e+01
1.952248599548341090e+01
2.010590241919922150e+01
2.794721304471129741e+01
2.321555144756866440e+01
3.066142274289734360e+01
2.497433966443894704e+01
1.953109795532402870e+01
2.212063888271527290e+01
2.111708694249996299e+01
1.681860404174813084e+01
1.400756035457275317e+01
1.342615451820529771e+01
1.243054107901723881e+01
1.904971101877591622e+01
1.652162328334382835e+01
1.854801068618917981e+01
1.975547706745814835e+01
1.826070906093689317e+01
2.038542320920759110e+01
2.035498442043441614e+01
1.689514955110869110e+01
1.803839826428206550e+01
2.093003285378190625e+01
2.124161892414674568e+01
2.125931824696671413e+01
1.920569595989837453e+01
1.942714575572117752e+01
1.981058619571120261e+01
1.942276719090116543e+01
1.835723690715311918e+01
1.515668163683347380e+01
1.533083558685618186e+01
1.372650865608942539e+01
1.982887028388496731e+01
1.592127021083334348e+01
1.431398503788474308e+01
1.337388868330868519e+01
1.474305620410717488e+01
1.463644798202604846e+01
1.993254053652894342e+01
2.544415334888079983e+01
2.262515482348371165e+01
2.116910378880377408e+01
1.416138249139278926e+01
1.802253163798943447e+01
1.537094571179925317e+01
1.791198196501733264e+01
1.679688574754523245e+01
1.844584864728503959e+01
1.341590568601361255e+01
1.516669397205080116e+01
1.977134357077178350e+01
1.410569639650063678e+01
1.757813483497626450e+01
1.910830274300703024e+01
1.582383015933908510e+01
1.833538173756684131e+01
1.642250201081381888e+01
2.092899283248505071e+01
1.750072820443492461e+01
1.698357021425581337e+01
1.533479697754724036e+01
1.620030436579839872e+01
1.658519588111591503e+01
1.753361831005822324e+01
1.639035306295065908e+01
1.648958081745941939e+01
2.838862309804796880e+01
2.713727179331107209e+01
2.844596361396160233e+01
1.982316852410863817e+01
2.355928595729621833e+01
1.699241755805410037e+01
1.740126411716304844e+01
1.643821110450935663e+01
1.458003022801136339e+01
1.415432894706151856e+01
1.628025146901244824e+01
1.950782380580025688e+01
1.592273736230998793e+01
1.648265980100075723e+01
1.893217597995054291e+01
1.837784305046307765e+01
2.003792253997117712e+01
1.889631756117916339e+01
1.949987953338857594e+01
1.510380527209135337e+01
1.879884897961379409e+01
2.317586398550533033e+01
2.808165992441194447e+01
1.948453674994821583e+01
1.701225363469485785e+01
1.864227048051577285e+01
2.004332845817438624e+01
1.753508179952723367e+01
1.500244694880593244e+01
1.350661363175326457e+01
1.481141193267116662e+01
2.152617831180971564e+01
1.682754785012052068e+01
1.903512039481640272e+01
1.834600830292803408e+01
1.497118539528548986e+01
1.765250877766009552e+01
1.347630831527479245e+01
1.302686611649731852e+01
1.552786523419003117e+01
1.861459464366996741e+01
1.922470660004545095e+01
1.884329489974664895e+01
1.920791678433248251e+01
2.053588335019602340e+01
1.786388382535651331e+01
1.767383021386445208e+01
1.943745574129192022e+01
2.198970127372645678e+01
1.641958787024051958e+01
1.695644360566657127e+01
1.976280225915456867e+01
2.082639450234435685e+01
1.994923178515783491e+01
1.704992411094194793e+01
1.758860206691274541e+01
1.777361486611279418e+01
1.988685340195398865e+01
2.077420116441934894e+01
2.191126090210401500e+01
2.141627126326820729e+01
2.082534692635085349e+01
2.331322199713477161e+01
2.093154683742633537e+01
2.611044324813151718e+01
2.491761627703869664e+01
2.744431479337691826e+01
2.059691360009223260e+01
1.952210788318771861e+01
1.776079177560535527e+01
2.127108618248698235e+01
1.975506863907815713e+01
2.011990636293676715e+01
2.601720673487199775e+01
2.759477511578310072e+01
2.775760141584914464e+01
2.481096077552656709e+01
2.029800855770829315e+01
1.823559564292580504e+01
1.687854068860692536e+01
1.965718281901121145e+01
2.027799744542666360e+01
1.667204690345531759e+01
1.901769759115533986e+01
1.804470033024101383e+01
1.823949661387526078e+01
1.511733734682341179e+01
1.581611015074697768e+01
1.753939892483052176e+01
1.770409681999294094e+01
1.712433011568531427e+01
1.762003111132449362e+01
1.510949604513833933e+01
1.965080623257601644e+01
2.505669586538509819e+01
2.124092816397523364e+01
1.893061849828068333e+01
2.058623135703385643e+01
1.851670139036387752e+01
1.975575889994405543e+01
1.840210551138790152e+01
1.284883518975330929e+01
1.355284850778381944e+01
1.631813390509880080e+01
2.031980204774853860e+01
1.200300853448107219e+01
1.156568601568689658e+01
1.350090621493334453e+01
1.370502521899826220e+01
1.653724933410668996e+01
1.596310550114831628e+01
1.913020109996119089e+01
1.699688788607937084e+01
1.773585361351754841e+01
1.729600558550592737e+01
1.683288855122728123e+01
1.732245505338605795e+01
1.511235697283171753e+01
1.789314671309093896e+01
1.838911775503062884e+01
2.513628353096163437e+01
2.370105374404621656e+01
2.373772915515979776e+01
1.966204752526908095e+01
2.048064390469045648e+01
2.109783055181831202e+01
2.282118408045016267e+01
2.597013712693104281e+01
1.904259283297789906e+01
2.249356491591673546e+01
1.954190982414823097e+01
1.788152233491205223e+01
1.644420396299962306e+01
1.858834005960126845e+01
1.702044679458654031e+01
1.969331816451082062e+01
2.004065644592354190e+01
2.221949233480592056e+01
2.157651723750873174e+01
2.487561698128008203e+01
2.942848020018908528e+01
2.852992693536637603e+01
2.182396599703598383e+01
2.010575249032352474e+01
2.175039712714453799e+01
1.687139677148442374e+01
1.756266452575533066e+01
1.813634748069473090e+01
1.267445473367043896e+01
1.347364543692588867e+01
1.502510521181758563e+01
1.847356562535775026e+01
2.138789385686207822e+01
2.117891102246987955e+01
2.125007119769327346e+01
1.733476339904034802e+01
1.614548734220755222e+01
1.516179673099743752e+01
1.758349090371188339e+01
1.959562730900663396e+01
1.773189939613010679e+01
1.596955314184710062e+01
1.946364005855036794e+01
1.604069870280633836e+01
1.812642812192158814e+01
1.707487768114359028e+01
1.522553405880215038e+01
1.325827474120442062e+01
1.515542767125501911e+01
2.361340495706222598e+01
2.195397565640923077e+01
2.151507243437806594e+01
1.837817061021920040e+01
1.902123585832147157e+01
1.557116548316385085e+01
1.463960181977083863e+01
1.912315574442564170e+01
1.705234350797768172e+01
1.717571679685871544e+01
1.972159266789406473e+01
2.333667366751298644e+01
2.104553392088977404e+01
2.037271928639483676e+01
1.984333314386554292e+01
1.999609839320922688e+01
2.049692912571051551e+01
2.209818453636682278e+01
2.056819198040321695e+01
2.133467244796138118e+01
2.595574278441473126e+01
2.201371598544662334e+01
3.402518089615486474e+01
2.867874791066149953e+01
3.088781689777066219e+01
2.525236509454011014e+01
2.276363661907352665e+01
1.981080674806605302e+01
1.969295367214478532e+01
1.604389217293610059e+01
1.511257276000080907e+01
1.625294108519291214e+01
1.281097699195647621e+01
2.114830577075366591e+01
1.700700269867479264e+01
1.821515682636742639e+01
1.803305333659967147e+01
1.697692340844995229e+01
1.825596992656756967e+01
2.147120423756592089e+01
1.800199193682133725e+01
1.773278332570682636e+01
1.964986452258986560e+01
1.735671674737702475e+01
2.362438047936110408e+01
1.402789065003793922e+01
1.147155670756222889e+01
1.390258648793825458e+01
1.375976845036571561e+01
1.103039497328571450e+01
1.006184193437982799e+01
1.769166349449795916e+01
2.005882803389924973e+01
2.495114469195193152e+01
2.164875538101480146e+01
1.886363646537218131e+01
1.962802315533774689e+01
2.057503782735715347e+01
2.024231515357959665e+01
1.783931778234514098e+01
2.119419696375866735e+01
2.354831817513313652e+01
2.425360314947610263e+01
2.223003250790284113e+01
2.250572929926416776e+01
1.681537876970371315e+01
1.932601359827557985e+01
1.870648080950101644e+01
1.574866684046858900e+01
1.461217474822195683e+01
1.136578448777480688e+01
1.696144803667199596e+01
1.640020001307256692e+01
1.749338856291778654e+01
1.340488031533499935e+01
1.582945363255745619e+01
1.354974154862105173e+01
1.565045988542124888e+01
1.937099131009358643e+01
2.354227765394683658e+01
2.838183431257791511e+01
2.748493439070723454e+01
3.167370551683721658e+01
3.408053093415042412e+01
3.621285145248668869e+01
3.007747948908725277e+01
2.376858996884870834e+01
1.985699992726877738e+01
1.896413578320893478e+01
2.042131851625000039e+01
