4.136330491039483248e-01
2.434527724390383729e-01
7.550827952751932859e-01
1.044525719747045667e+00
8.621693645914341175e-01
1.898152345008782271e+00
1.462555322173096251e+00
1.233621236040622682e+00
1.261202193086166101e+00
1.562545341387667319e+00
1.168007856934925925e+00
1.434583399596242925e+00
8.776665085776906849e-01
1.051695900194834721e+00
1.000857579522763441e+00
8.414220255807098869e-01
1.432466540053037196e+00
1.597108872031953286e+00
1.504235933480395637e+00
1.243513273337374603e+00
9.037894510558359684e-01
1.533828765570643959e+00
1.509446398734015204e+00
1.447291486810625472e+00
1.820651561634799132e+00
9.801793439645367645e-01
8.736767205505907574e-01
9.829952697219194180e-01
1.815997094574045123e+00
1.511295969188943378e+00
1.352347196012458452e+00
1.273966709362971184e+00
1.002861056857741850e+00
8.842283424504220335e-01
1.121667883126141962e+00
8.664984045652283084e-01
1.242586213875846557e+00
1.203796510933618835e+00
1.350295389524017953e+00
1.102021331513774349e+00
1.328618403759914912e+00
1.394458769385718222e+00
9.196069936112520882e-01
8.739751611001955744e-01
1.082578546991440405e+00
1.227132854501514547e+00
1.281497014866283646e+00
1.348409012934110640e+00
9.011397354885095634e-01
1.025208507042270067e+00
9.261598115284865873e-01
8.815550077257422457e-01
1.219680213348919740e+00
1.390391061880347889e+00
9.622323061307791470e-01
1.552874514544435591e+00
7.056910362156586514e-01
1.264920321580825124e+00
7.071510187899026079e-01
1.025051706466286516e+00
1.142452849148564598e+00
7.348200024696451838e-01
5.235774265712838105e-01
6.127342035773080120e-01
9.837804109645247319e-01
9.340842395404366227e-01
8.313647236922860895e-01
8.427068906650931890e-01
1.569193250482407986e+00
1.428413269561163546e+00
5.359548861165912559e-01
8.685865573770804593e-01
6.279665612495300975e-01
7.982400795946760219e-01
9.294982905878215185e-01
9.191402488618498623e-01
1.493236300490900614e+00
1.508255597291884520e+00
9.027669930149041511e-01
6.637289129132361021e-01
9.003952568360233943e-01
9.848546108251582387e-01
1.183334690305695158e+00
1.353996179569226577e+00
1.142340995726935926e+00
1.082436931454697104e+00
1.083122920625066765e+00
1.118342177183481168e+00
1.441375015613175936e+00
1.296465591805747941e+00
1.028285819341907770e+00
9.932188661897899395e-01
9.581483473067933243e-01
7.833580865685245698e-01
1.238519968045908026e+00
1.162142719763015641e+00
1.145947802116113579e+00
1.238060957696367037e+00
1.821971101720230024e+00
1.430312147244861221e+00
1.178089248533018329e+00
1.215260704672782355e+00
1.345318530648295097e+00
1.122422573535653889e+00
1.637973534031079925e+00
7.457002928872280556e-01
1.109557832811995715e+00
1.344620236603578656e+00
1.562159328690354343e+00
9.874325199232906192e-01
8.693133658733803726e-01
9.170643912089104788e-01
8.290005220122305118e-01
1.200093304717009923e+00
7.590869329654283959e-01
8.331369683281950600e-01
1.099587036340393675e+00
1.148614225041171055e+00
8.283642273764031394e-01
9.790701321225875331e-01
1.177194750005722712e+00
1.144127386615235498e+00
1.079900865621007178e+00
9.907505371148409568e-01
9.179872583023962473e-01
1.204773839929304646e+00
1.116434501380267452e+00
1.324787927118409314e+00
1.368506258352566674e+00
1.262690164839225915e+00
1.019482749674893718e+00
1.045885080277335843e+00
1.313372798638020367e+00
1.311891488305810816e+00
1.850614294626826029e+00
1.434178496368183175e+00
7.996618205887846553e-01
7.011606301480375336e-01
1.408873496557736971e+00
1.152873934611633899e+00
9.909198447550340294e-01
1.138802946916084302e+00
1.129934556800852974e+00
1.047807983688819444e+00
1.563353390679582677e+00
1.446535847546219333e+00
1.285142470970666251e+00
1.018542943405929435e+00
1.439689947414210636e+00
1.102896139231481776e+00
1.480091644387929728e+00
1.350172065252094766e+00
8.625205109991608277e-01
9.306222312854681711e-01
1.102280649048889671e+00
1.195690517097747207e+00
1.387044210812827139e+00
1.614015342131540631e+00
1.281403133623265633e+00
1.444632342463309627e+00
7.977317099554709579e+00
1.207889689946633460e+01
1.601470025602488079e+01
2.018776778035051578e+01
2.091505323489656121e+01
2.208795115903914308e+01
2.165254431548067515e+01
2.784730502388073248e+01
2.601279336827548860e+01
3.641282178672834391e+01
2.850401897497741288e+01
4.029768988593488643e+01
3.409056753698042996e+01
3.556618502414345784e+01
4.714583163478675232e+01
4.308431948347817553e+01
3.431719697466795083e+01
3.405348228693196688e+01
3.938533334839070221e+01
3.303908157949604174e+01
3.207865430795808237e+01
3.006455140478588817e+01
3.192192325645588724e+01
3.120629633239368061e+01
2.423762180341580574e+01
2.808250510064685912e+01
2.725358318573945127e+01
2.500687339999962688e+01
2.050051373020625078e+01
2.520375294572284020e+01
2.356217802004126582e+01
2.242387240621050282e+01
2.829805161246056855e+01
2.564863578565200797e+01
2.439131607019060155e+01
2.872340968931272087e+01
3.203297444081167100e+01
3.092450345857298544e+01
3.156083178840574277e+01
3.085158300619191607e+01
3.175302736433392070e+01
3.387438988402158202e+01
3.605506055389125208e+01
3.688426809646603033e+01
3.920698890296225869e+01
4.135441625292644119e+01
4.762220602138357606e+01
4.963793756394480994e+01
4.324523286585037596e+01
4.572145111663742512e+01
5.104740903180581313e+01
5.337258191916812677e+01
4.760125944834260281e+01
5.016096964501215894e+01
4.965283169800048313e+01
4.926408980441873098e+01
4.994147082474031407e+01
5.138043897582814878e+01
4.972561646021222970e+01
5.236910883513226622e+01
4.831107640844973616e+01
4.905293564115552840e+01
4.754090905701343672e+01
5.006608858357535752e+01
4.541646294678028539e+01
4.591015407350127475e+01
3.680024429253234075e+01
3.652153664220649887e+01
3.377053728180009529e+01
3.189156110410267075e+01
2.917127934738825701e+01
2.925563782496567100e+01
2.504541900576537827e+01
2.533988087469383998e+01
2.036285121606200477e+01
2.374719779156183463e+01
2.103200800891266908e+01
1.958833384510786502e+01
2.464509680271738645e+01
2.286414542956497087e+01
2.273972517584605413e+01
2.397281061409240621e+01
2.374744029036280324e+01
2.165768231615580675e+01
2.395703953861007207e+01
2.677947290731995622e+01
2.769126914662854233e+01
2.855705556458246264e+01
2.533835095510178448e+01
2.570992122125405999e+01
3.202511817178324804e+01
3.079303620573958966e+01
3.204821433930705865e+01
3.231589218840849753e+01
3.449538313293228242e+01
3.843647318150870973e+01
4.094592200975187524e+01
3.974755836468875714e+01
4.295228872332397430e+01
3.981086324096520457e+01
3.764700646691530039e+01
4.017822341597064195e+01
4.026167774044331082e+01
4.362778342577563961e+01
4.729152358023945624e+01
4.590762206462912332e+01
4.623418137615334444e+01
4.758089893084683553e+01
5.060810200996527897e+01
5.481556620021927273e+01
4.377242460203123642e+01
4.755624865944944446e+01
4.916151398218583068e+01
5.056230199880089060e+01
5.467929202581644432e+01
4.683745761995193391e+01
4.552599111028254697e+01
4.948910470540776174e+01
4.701553912306734162e+01
5.047650002929687219e+01
4.493610760139648619e+01
4.975038138379530039e+01
4.379315138782809669e+01
4.771898995548615829e+01
3.880260058885656349e+01
3.822946872599807477e+01
4.640007801703129076e+01
4.141633545763488655e+01
4.182392978218364732e+01
4.323385674105172427e+01
4.210816142572162590e+01
4.387353869421906438e+01
4.011781386733150612e+01
4.374192188113064361e+01
4.468235402898813646e+01
4.076453075768326073e+01
4.525742182771583089e+01
4.600351460836616013e+01
5.014821347215819003e+01
4.671891402985754382e+01
4.476407627890480256e+01
5.228626823226653642e+01
4.022783662492036427e+01
4.019967271043061885e+01
3.714223718020990361e+01
3.611756350808214933e+01
3.573922093870712047e+01
3.732040980427029808e+01
3.154895433390095860e+01
2.930008710301649089e+01
2.742478280872921559e+01
2.667411941370023953e+01
2.300547702297163966e+01
2.123404753262527578e+01
2.225708649882387746e+01
2.006493712789466244e+01
2.079690504970544040e+01
1.783645438627929636e+01
1.526784637117903465e+01
1.390924359574372104e+01
1.346981573596704962e+01
1.219290241994545454e+01
1.192726887518063883e+01
1.349068708730663246e+01
1.352399538690688985e+01
1.075430528453320456e+01
1.077582678557149620e+01
1.076067413307215048e+01
1.001569658162426357e+01
1.156800620502239596e+01
8.926924807932369532e+00
8.890308415321737101e+00
9.178153315723067251e+00
9.020914453503667829e+00
9.949685758767497390e+00
8.265373169079708759e+00
9.424596813741700885e+00
1.119339417510120960e+01
9.817900927402817501e+00
9.853216598740310417e+00
8.715307926054487453e+00
9.291203837492343354e+00
1.139823081367438107e+01
9.308963614824250499e+00
1.017850492303991672e+01
9.214776357217216329e+00
6.477141593269475806e+00
8.401095903464803172e+00
1.019657113818428407e+01
7.459959699976774772e+00
9.323347670719773106e+00
8.908405183942971206e+00
7.645372129770162672e+00
1.251523317636696753e+01
9.220527640468596076e+00
1.337615297995877661e+01
1.114995653449846813e+01
9.884200717658162105e+00
1.038919736874593802e+01
7.998656293597200317e+00
1.010614979949846237e+01
1.332575758185992676e+01
1.197374609921329913e+01
1.038968692227799195e+01
9.340264562497759826e+00
8.759052190328819876e+00
8.911474518783121468e+00
7.122242520512038766e+00
8.809630938547812207e+00
1.202732337515199390e+01
9.593810294419951035e+00
8.476248265067468424e+00
7.469636458035907367e+00
8.684576132099419254e+00
8.616087475416357222e+00
9.066729005254579477e+00
1.133591250564384900e+01
9.100418691160529150e+00
1.100167157026609566e+01
1.150439049121670010e+01
8.867839676763873413e+00
7.974303329136452234e+00
7.715120275353989143e+00
1.105739632625453517e+01
9.366837721244394288e+00
1.136010923088409186e+01
1.003886603504255959e+01
1.020831036967041072e+01
9.111313143843798201e+00
8.337188189813220518e+00
8.715850371367448446e+00
1.091989979840004032e+01
9.907186464120382396e+00
9.614254756224690723e+00
1.158028848613671080e+01
1.222263721511223267e+01
1.157406100282097405e+01
1.028865204805266309e+01
9.104608811844943972e+00
1.149321332268804419e+01
1.049647072024553829e+01
7.636749482328012206e+00
1.008988050622790134e+01
8.108799413647878040e+00
9.659793207835015494e+00
8.800708296204014403e+00
9.302288654073484153e+00
8.040135105742633570e+00
7.405841266803449230e+00
8.417056777111946886e+00
8.252026126877343160e+00
7.812979882403848997e+00
6.794284979684125148e+00
7.310901205553161475e+00
8.085848776738943755e+00
6.426838959197930912e+00
5.682007823602155838e+00
6.547397261838266758e+00
1.059836524953780135e+01
6.846929657925750590e+00
7.413344392035368102e+00
7.353204720984821918e+00
5.697301667126579261e+00
7.797411405643918769e+00
7.533813794335310732e+00
9.731410593530661401e+00
5.837784068854126929e+00
6.449507258681341781e+00
6.504455804805264307e+00
7.466479722788500695e+00
1.009009773381837327e+01
7.052816439921224756e+00
7.231011868670272236e+00
8.124194869890040138e+00
8.080472705992178817e+00
8.290721609249525059e+00
9.213861369773264087e+00
9.444089567306843236e+00
8.235267389582908493e+00
7.478268441836707581e+00
7.419206044283471968e+00
7.738492650982321308e+00
7.468521346446900466e+00
7.650200684258348538e+00
8.852519835557924210e+00
1.122338963819786883e+01
7.997281150777613590e+00
7.324436029553587524e+00
7.572050899916045630e+00
7.950900735447502754e+00
8.551786071475380169e+00
1.014415988917448175e+01
9.469397343558867419e+00
9.414323892060329158e+00
8.338100611253121741e+00
9.330308665682268909e+00
7.737469367914660445e+00
7.262793767495397290e+00
9.373510014896483611e+00
8.251593301060985652e+00
7.880904605038526078e+00
8.739121607934105640e+00
1.024084698654302805e+01
9.002128932489481983e+00
9.660956672273488977e+00
9.683115760973974417e+00
1.136555125859571014e+01
1.095245213887862867e+01
8.886308692264046627e+00
9.344115051439006336e+00
9.668342893000000160e+00
7.525765841975407433e+00
7.901785067305800325e+00
8.093868519079796542e+00
1.145324992452289870e+01
7.607336632327295511e+00
7.980314983097708037e+00
8.678150286810907943e+00
1.243762477356698071e+01
9.877807648759471704e+00
9.570577842495790577e+00
9.080053054736463736e+00
9.785949738492385919e+00
9.867979894576780708e+00
1.029734378426386776e+01
9.652210998440651224e+00
8.988552715063011789e+00
7.459093554679281368e+00
8.603808448153763777e+00
9.479539512716542049e+00
8.253031390649079313e+00
1.028364114987831712e+01
8.528493637152863016e+00
9.483235489590324363e+00
9.146072976521121944e+00
8.340957325070494477e+00
8.932493074990686566e+00
7.294002141656550364e+00
7.253776271243456364e+00
7.491012378159108920e+00
1.089645628942136035e+01
9.064389570838761401e+00
9.663198468266706698e+00
8.646681862155995546e+00
8.400391148748347803e+00
7.073034966153684877e+00
7.249880197792453629e+00
6.933592556564480702e+00
4.623811033120759362e+00
8.407654543096146682e+00
8.092435029513099565e+00
6.894739143682433458e+00
7.199531701079568080e+00
6.558924592467905157e+00
7.465227403144503171e+00
8.623991270233361206e+00
6.599563163417500711e+00
8.108017403933740042e+00
8.825804643984191955e+00
1.053258686474602435e+01
8.611161866053016922e+00
9.321877610161486416e+00
9.349677424223386879e+00
8.451220393063051617e+00
9.469579956013731703e+00
9.538396527299846994e+00
6.796899853138612002e+00
1.053159133599350028e+01
7.906266248387696649e+00
7.139023485051107620e+00
6.536817248359627186e+00
7.147136942737475351e+00
6.001592308010771148e+00
7.212490829276384297e+00
8.713774191928346013e+00
1.028808921301164681e+01
8.393633804083911798e+00
8.084450313034594160e+00
8.151611927660255219e+00
9.233085007428103452e+00
8.361260673450386705e+00
7.459875564138110704e+00
8.596121415284407874e+00
8.157810592889731538e+00
6.723275260772456186e+00
6.762673342663969578e+00
8.684528977275530082e+00
7.672313708473302185e+00
8.146973431159437951e+00
7.640238047409589228e+00
9.339414326941158251e+00
7.389238764165168227e+00
8.564542642860377697e+00
7.566264309199110194e+00
9.205568675984579841e+00
9.455281147811337661e+00
9.735308100088049699e+00
7.774975644919432938e+00
9.061782204913017225e+00
8.446001151469911150e+00
7.888432031119910093e+00
6.532254827737780545e+00
9.032678396878665694e+00
7.451147358267546039e+00
8.680386919205716367e+00
9.945037305557717033e+00
7.423499354793891669e+00
8.853227568333558395e+00
7.539998250660291390e+00
7.110240911773674455e+00
6.586195942855949781e+00
8.427254026101794082e+00
6.887493063722065934e+00
7.792453656993599154e+00
8.802366313362600891e+00
7.530656869930575148e+00
9.067373454548507183e+00
7.103226900233600816e+00
8.719936521991547451e+00
8.099847725513262375e+00
8.772960823669299302e+00
8.166744528133367709e+00
1.026156172227540431e+01
7.206081967489039286e+00
8.605114682173873319e+00
1.063831536434665104e+01
7.071830549413716582e+00
7.286046158051854960e+00
8.321920930965072571e+00
7.359504595904075686e+00
8.978744236845560778e+00
8.775352037756416479e+00
8.304620645163073078e+00
6.519453631301436403e+00
5.537067154787544965e+00
6.837877626304786460e+00
6.130055306502462997e+00
8.694634313348252874e+00
8.243250850654314732e+00
7.159915033996227862e+00
8.270885614414064335e+00
1.025127410425819718e+01
1.154611840157201286e+01
8.846063060553568391e+00
1.042517928021691098e+01
1.017207123486663534e+01
9.973595787765994203e+00
9.036971493119494880e+00
6.985966229879181810e+00
9.286262515835783660e+00
8.148385270352520138e+00
8.928446051837537922e+00
9.192063166447777434e+00
8.702081848163796707e+00
6.977721774245198461e+00
7.537841137652584678e+00
9.565023686020023064e+00
7.248623434347988947e+00
9.024961584272091386e+00
5.178127206757840106e+00
7.614803838296808181e+00
6.551235933797065591e+00
9.412501417435926498e+00
7.827477876979131111e+00
6.071405349421372222e+00
9.089528206509248420e+00
8.600447126860345293e+00
6.251487991579448789e+00
8.298996639869820058e+00
8.651510543063112735e+00
8.971313253008277755e+00
8.950039470588270873e+00
9.201537972047534097e+00
9.440048057473529042e+00
7.478284406438517884e+00
8.352448285239423953e+00
7.573920517866472579e+00
8.094700009472273194e+00
8.745425049355425529e+00
6.554383826453074491e+00
9.680418014479151623e+00
7.940712708535524911e+00
1.095112777160708895e+01
9.501955729963103892e+00
7.362657040245395024e+00
7.499603220861157382e+00
7.563783403244395132e+00
9.993381842029705808e+00
6.805741369123913032e+00
7.809497266482912536e+00
6.642357373719050884e+00
7.401179539245225314e+00
1.060169799539359659e+01
1.032149107690430156e+01
9.515363502824769171e+00
8.929571994021515025e+00
8.427727206671942639e+00
7.693396253340191393e+00
1.090399597532873699e+01
1.017073624107645458e+01
6.922309564246504898e+00
6.669591761409924047e+00
8.599061468476275394e+00
7.916057777366752646e+00
8.179425325388105961e+00
8.210334034919196000e+00
8.487197968127032865e+00
9.854584260919258654e+00
8.053025333944301423e+00
9.274297652930510338e+00
7.494776180837281920e+00
9.179481940769560921e+00
6.432561080527498198e+00
7.026996521600368695e+00
6.412385173225120916e+00
7.183513536187653870e+00
7.612741634235339561e+00
9.368450306849339881e+00
1.051988096112473947e+01
7.975689329996157539e+00
7.796824986554430126e+00
9.082785425089417330e+00
8.595361405543997080e+00
8.712901130613452949e+00
7.171738036001858774e+00
8.155786933375422265e+00
6.281710897719804620e+00
8.049909284539420895e+00
6.924233303570655806e+00
6.765702408246994537e+00
9.460239317399432579e+00
6.316926347400647401e+00
9.849346850759609140e+00
1.000951195043018949e+01
9.556761715360044818e+00
9.573634393596126557e+00
8.314510203119763077e+00
8.466502055521463177e+00
9.047523886004055882e+00
9.357160943491068750e+00
6.188186615999316409e+00
7.616663065539281519e+00
7.458780419284531504e+00
7.670734190861901780e+00
8.003051182896530946e+00
8.639842353993618218e+00
9.153575973448930370e+00
7.911971069144522417e+00
9.486628640626227238e+00
8.394793370037280766e+00
1.048876239682043021e+01
9.116729405176814183e+00
7.879885432317998095e+00
7.780736416408108980e+00
6.510520200015988301e+00
6.579584474552415685e+00
7.996689216084511109e+00
7.963283871474629905e+00
7.719299758065245598e+00
1.050472818024637078e+01
8.702156420177386664e+00
7.990312037119936761e+00
6.594065857558967458e+00
8.825165366471416917e+00
6.544408978462600501e+00
9.576106198219559218e+00
8.862753829734064226e+00
9.583845794961623810e+00
9.092229277782710284e+00
9.899162292598751023e+00
7.625205747632744391e+00
8.358559834254869259e+00
9.279719611011115532e+00
8.024089857924725067e+00
7.189899118391947397e+00
8.570567931318864296e+00
8.656826960485705769e+00
7.261961608116015654e+00
7.586065194449754578e+00
7.408926322499359785e+00
6.030546339297747416e+00
8.471460315920593231e+00
7.660333327966062811e+00
6.591047472701372811e+00
5.780111709683708909e+00
6.881687199093065033e+00
7.000296716117253126e+00
7.117181255498923775e+00
7.663222997881058873e+00
5.991988752762343218e+00
8.323988862055626825e+00
8.665349917508688549e+00
9.516263290800624830e+00
8.028371817766975838e+00
6.635878301988498151e+00
7.632132656780960644e+00
7.740839070024647661e+00
9.369597469660361000e+00
8.781469067522547078e+00
8.118621109904859523e+00
1.080668273378062416e+01
1.003667839274418583e+01
6.923625687177421995e+00
8.190901433771671236e+00
7.807356298694443808e+00
9.350430118498540111e+00
1.011618950197992639e+01
8.402445449775909125e+00
8.620753372635302725e+00
8.845290469469647476e+00
8.786848426943040025e+00
7.751388957023795712e+00
1.011755222662283771e+01
9.372146944957400194e+00
8.145741535209506168e+00
1.034378823401352676e+01
7.635193154387380332e+00
9.011586000742425995e+00
7.465731928395427985e+00
1.001206864006662833e+01
7.325941484409808524e+00
7.353991816417314809e+00
1.144987394493723798e+01
9.583749362015302253e+00
6.433982802536283074e+00
8.842804682769576985e+00
8.017645968429821579e+00
7.097494231131515008e+00
8.132704120770910095e+00
7.446912769368204010e+00
9.315908997832977434e+00
8.564301889531833467e+00
8.204934914465592755e+00
6.881176125154555123e+00
9.480851292633081684e+00
7.873372600050672077e+00
7.837981815387914608e+00
8.208811888591807104e+00
6.917386691974455104e+00
8.213666404160562706e+00
6.963319176194261217e+00
8.072445058360885994e+00
7.810662088349833887e+00
9.534447509479722527e+00
6.369828317952647367e+00
7.070321634467571670e+00
8.146364943305718143e+00
9.317178011258361536e+00
5.694751307544576591e+00
6.837381793269837971e+00
7.515432153336734089e+00
9.597050766192419147e+00
7.812119139842298665e+00
8.971000868835199427e+00
9.036232359919898371e+00
6.405288416372018290e+00
8.905982228589909511e+00
7.461627256069545133e+00
7.930101942657429959e+00
7.314684626726332795e+00
7.200443673795053456e+00
7.999569037096881274e+00
7.625101448673936133e+00
5.871921164817385019e+00
8.302301223796810348e+00
8.074269564360225360e+00
8.093175159246410288e+00
7.346406329621342657e+00
9.416797888336104094e+00
9.477650082282044863e+00
7.647406552259806034e+00
8.061538403142217035e+00
8.745567444284915837e+00
5.298977196603422257e+00
8.199731947036134727e+00
7.960818285511688686e+00
9.152442947097124915e+00
6.568324336285865428e+00
7.076888984204399158e+00
7.114807443313921453e+00
7.451350448575515983e+00
1.009969399794499267e+01
7.466393149726242129e+00
7.865873183430688087e+00
8.010613122999295399e+00
1.017160671291114404e+01
6.926419317317750846e+00
8.804468741111403318e+00
6.682560155233022492e+00
7.993295429657104378e+00
4.204948710830137770e+00
7.723355766559750535e+00
8.181405376486557302e+00
8.467782371373981931e+00
7.587464407557955148e+00
7.239387472505965704e+00
7.655853000882432369e+00
8.170281823745177974e+00
8.902186288482148768e+00
9.215944487694265774e+00
6.819792127832133843e+00
7.298398536582006990e+00
8.558465691426690114e+00
8.754937386176866454e+00
7.309939388442177943e+00
7.099673092279292774e+00
9.611071070293839114e+00
5.682412643517404938e+00
8.476429423178936773e+00
7.462396216371120161e+00
7.535783875642955820e+00
8.874621307797884384e+00
1.036578639922614720e+01
7.184618537379111380e+00
6.963333399407376056e+00
5.799584843580030125e+00
7.258164836191671299e+00
6.369778698651353821e+00
7.576649386045962942e+00
7.484907520858367747e+00
7.581542382159712545e+00
7.136554917295518052e+00
6.325117466945908262e+00
7.189479417120198335e+00
8.980876547170545621e+00
6.797980059695280630e+00
8.221745049935876182e+00
6.867663956544568293e+00
6.741243527506318500e+00
8.158532067829828094e+00
5.825983728992969901e+00
6.773843965158793168e+00
8.684859896020126868e+00
8.701588752972288177e+00
9.050159944194238193e+00
1.058391022282009963e+01
8.681129570364936043e+00
1.012830954364444302e+01
6.197488512188803256e+00
8.871748971575465603e+00
9.773840739035581038e+00
9.847151073165171908e+00
8.878938722361057856e+00
8.701553519951353621e+00
9.295873157818688171e+00
9.614250474547727521e+00
9.959102633019828232e+00
6.946433657743886769e+00
9.620997244479818633e+00
8.767822303726461541e+00
8.190289264055515162e+00
1.137456013784879971e+01
8.307583635210974649e+00
7.434776883996911501e+00
7.711148958221851757e+00
9.168787898955990556e+00
7.187199674732198673e+00
7.460809775290432988e+00
1.063518278506285242e+01
8.078035316566285928e+00
8.306340758705550442e+00
9.143671077754493837e+00
9.358938864058030660e+00
1.120176783795803210e+01
7.592692847211022666e+00
8.911796148460409128e+00
6.994147931363195347e+00
8.736617358290001079e+00
1.138327690244924995e+01
1.028544666002034624e+01
8.891655998062409694e+00
6.488305715844408184e+00
8.153158633135769051e+00
5.803279595448463724e+00
9.210758381039427789e+00
1.000778441432330190e+01
7.178334135865931387e+00
8.272672926185917319e+00
9.075495694889720966e+00
7.633922862200313908e+00
7.718992863279714456e+00
7.721767914476126649e+00
6.727966661844426710e+00
7.235150091133790262e+00
6.827981112701390742e+00
8.365483559774352429e+00
7.463678803209530699e+00
7.806186696651631785e+00
9.317232890036475368e+00
8.424659452621307665e+00
8.678700935137158012e+00
1.010862745310249267e+01
8.322047642809367929e+00
8.147415195289962497e+00
7.868517915379665162e+00
8.228184942922853295e+00
6.132284940125483530e+00
7.467941856301324677e+00
7.151524225765850673e+00
8.110372580626082240e+00
