5.450341197982241370e-01
4.030641793399803441e-01
1.052900446773169740e+00
8.123215617773464903e-01
1.429817277196869352e+00
1.582000953721408365e+00
9.096297299249651580e-01
1.317526894003051563e+00
1.038562726051753593e+00
8.795782302068207992e-01
1.231710386974051108e+00
8.908440835439150884e-01
5.419093188041739229e-01
8.614107694973908158e-01
8.827161260854398117e-01
9.225440094614570929e-01
9.045502524763404661e-01
5.665490888219978372e-01
9.479471231441534140e-01
1.056224710604761752e+00
8.781611802071498385e-01
8.330766271972038783e-01
1.083627274952623676e+00
1.031525278297164894e+00
1.128175005508748052e+00
9.476141076184183554e-01
1.011322274694040235e+00
1.078303990193471229e+00
9.200694484827085518e-01
1.164881942544852444e+00
1.325669348424388438e+00
1.226117534516172558e+00
9.544359062389560222e-01
7.589048498652316566e-01
1.498714964659232152e+00
1.214387557005937479e+00
1.197244472559793271e+00
1.063350954147952887e+00
1.057753872290830621e+00
1.315233623736522972e+00
1.173621909195130097e+00
8.791690307371939905e-01
1.242153241963176669e+00
9.112457596683181116e-01
2.041581998989328017e+00
8.751020596815162200e-01
1.458602426881890679e+00
1.307255626994852982e+00
1.105477036320709594e+00
1.199967608047205481e+00
1.083995218973083263e+00
9.253205211423423115e-01
1.339966240776806039e+00
1.143168880962658562e+00
1.525026742962664716e+00
1.733220087188239944e+00
1.452004987296686478e+00
1.399887426103059163e+00
1.121309611273903384e+00
1.276270495546255823e+00
7.373745950793436643e-01
7.098227928400661080e-01
7.856891571044624101e-01
8.586453638807491906e-01
1.446906629964828550e+00
1.478699155844869662e+00
1.721287866536425515e+00
1.777342675766811597e+00
9.263248592463684261e-01
1.296999523329417148e+00
9.818007880350458905e-01
1.222123637452687372e+00
1.588239537983501926e+00
1.529955983238381556e+00
2.027345858361331299e+00
1.487614820051119224e+00
1.099767685821681162e+00
1.156201558460668632e+00
1.137740842541229647e+00
1.208289247872739836e+00
1.621058732356437826e+00
1.178047184065268205e+00
1.495476574632543798e+00
1.974080044630493802e+00
1.079941511781883801e+00
1.034898298388639448e+00
1.124988059924015626e+00
1.344960111945488812e+00
1.341767709696964017e+00
1.238190286817877794e+00
1.316192114568067950e+00
8.930664537973455053e-01
1.429226299086749918e+00
1.546077733337148263e+00
1.398700345445794468e+00
1.560840280669797409e+00
1.688071746114299554e+00
1.240903262195959256e+00
1.197325040144568753e+00
1.186491013175820175e+00
1.115074090967937304e+00
9.868806051117253730e-01
1.022446378339890494e+00
1.636777913051873590e+00
9.259391242852255122e-01
1.178181123644075790e+00
1.303837284029787602e+00
1.456856447721857073e+00
1.643440494730901813e+00
1.268694853060511996e+00
1.911024373262475651e+00
9.447139524565222324e-01
7.596713992413703931e-01
7.591303731045797587e-01
1.528082286657182154e+00
1.188734940820884267e+00
1.435464776537773268e+00
9.244561590749316160e-01
8.841106826835533061e-01
1.059810641597836334e+00
9.987413464020079568e-01
1.007908087109707473e+00
9.827735021864489884e-01
1.180909689432754206e+00
1.194560400110318277e+00
8.552686786783079143e-01
1.402046308834997923e+00
1.456534747730112045e+00
1.306529594693198071e+00
1.201021824807820160e+00
1.521693556091959554e+00
1.719134952310916287e+00
1.494068138646960975e+00
1.598183227216996460e+00
1.138714378284972684e+00
1.106922454295503844e+00
1.216527127772989658e+00
1.065651246876884839e+00
1.264011280003473958e+00
7.160487471620133881e-01
1.243248394533203349e+00
1.402640816201689677e+00
1.731455090391721408e+00
1.304611203978867762e+00
1.419504544242042865e+00
1.143320574673027501e+00
6.642901509326679665e-01
6.631597137013063303e-01
9.256657707700430837e-01
1.094120282169847469e+00
7.418774279454676268e-01
9.053220667692770673e-01
1.213608466941256347e+00
1.313719954664835710e+00
1.021472766878863236e+00
1.384051456264736579e+00
1.301597407047184740e+00
1.369555900555019523e+00
8.149641863595080693e-01
7.947513861009871672e-01
6.685772768318331671e+00
3.208878757826043149e+00
3.558243625394322596e+00
3.368429757826566728e+00
4.320639464038519506e+00
5.264634784118682020e+00
3.731211326321918431e+00
4.849140070368211042e+00
5.082587292330046580e+00
4.705554518003082443e+00
7.267785559223560732e+00
5.326119202292090016e+00
5.833231731873851800e+00
5.015423163754096691e+00
5.438553989894304053e+00
4.680915960994012082e+00
5.834955927726261926e+00
5.998006343076779601e+00
4.957140769574049699e+00
4.386091334618647863e+00
4.176522362633093621e+00
4.693600385697139110e+00
4.376937297437349272e+00
4.926404273921176191e+00
4.557181790716082759e+00
5.668888810861628436e+00
3.266861589822447343e+00
4.210523548759750767e+00
6.323958209606826308e+00
4.581323198342269976e+00
5.033678218494894274e+00
3.268991779896040839e+00
4.408257560755879823e+00
4.842884019052783984e+00
5.532741558344924648e+00
3.925897402272565451e+00
5.107798065191755832e+00
6.261851027274865089e+00
5.108810221798221640e+00
4.426034357587622203e+00
5.325909654119608483e+00
4.256644039354831044e+00
6.179035815465701020e+00
4.680923271915130357e+00
5.602511565521758996e+00
4.248955582220542482e+00
4.230948195721342842e+00
5.808268134354350742e+00
4.380463567123816127e+00
4.294742481154612435e+00
5.805359631421051603e+00
4.554451320488245081e+00
3.830916606485189391e+00
4.926400596628228712e+00
4.547689594486393538e+00
5.181532765784327310e+00
4.478979233519902792e+00
4.691319840765634908e+00
4.492930581588071348e+00
4.037810934270434693e+00
5.448111314185032583e+00
6.077926616545216376e+00
5.013686722741203639e+00
6.170719934104028859e+00
4.547469288659367059e+00
4.257187030238801739e+00
5.151686943149065279e+00
5.246344638017424344e+00
5.860127626436142378e+00
4.854041785956374255e+00
4.777936223343632882e+00
5.555776288924393569e+00
5.722343360589432493e+00
4.723106193866251523e+00
5.439525810002419526e+00
3.710018532941027125e+00
5.378011857796682449e+00
5.883025459440027305e+00
5.935691051765055626e+00
4.319808325092716395e+00
5.019819529665176638e+00
5.746499370568139753e+00
3.684787916702680910e+00
5.173155629223469276e+00
3.778080790470474959e+00
3.778358721898082084e+00
3.219737920236497519e+00
3.488335466965929665e+00
4.992621906331374149e+00
3.821656552798855522e+00
4.360103188772177951e+00
4.361546252593109685e+00
4.585720411589741197e+00
4.136776398281160283e+00
5.602392740696843454e+00
5.713824115581166652e+00
3.492698358381855606e+00
5.390145902914095011e+00
3.667543863532713111e+00
5.876920067070627418e+00
3.836489692254238637e+00
4.373936285854339800e+00
5.791897456826695212e+00
5.059440730224162408e+00
3.643258350466538342e+00
6.047650630317834342e+00
3.751316827463327286e+00
4.356154620129618849e+00
4.703073004690777381e+00
5.724525722825610785e+00
4.249592199777247892e+00
4.929786824255369737e+00
4.770528165588633129e+00
3.758218495612774657e+00
4.232076634516462654e+00
5.274608024653866245e+00
4.644754912943114711e+00
5.030756200997646310e+00
4.530496862007893810e+00
5.206491661379436309e+00
4.843734017560648475e+00
6.164468359762350858e+00
4.487357018335279335e+00
4.256502138848989425e+00
5.060533853790056824e+00
3.959508984070175153e+00
4.973287178383914764e+00
3.834227838586648840e+00
4.703165470545955351e+00
4.257717899017948504e+00
4.306102702262677440e+00
4.786617605950247878e+00
5.691178592748826759e+00
3.899412405153656724e+00
4.096046416176066352e+00
5.275528208271767383e+00
4.275600064516789089e+00
5.581701179542553071e+00
3.608022836513116616e+00
4.248884474620616025e+00
4.934822983708893496e+00
5.565555049216232675e+00
3.613093463057998278e+00
4.643412488482516309e+00
3.719849838188506119e+00
4.334124554771831228e+00
5.753411157809715348e+00
3.592746425477784999e+00
4.187727888133871090e+00
4.586458227039614144e+00
6.833290644894856491e+00
4.307931690482337928e+00
4.910035362482518373e+00
4.203525015064662362e+00
5.299123337378330412e+00
4.888963799710722924e+00
6.492446338288560881e+00
5.901851500281884100e+00
5.966796579596023165e+00
4.598049046089444758e+00
4.588482990941097128e+00
5.112537904267508537e+00
3.866680967573142169e+00
5.722043957766254962e+00
4.943518671191061031e+00
4.221078989045638608e+00
5.442944742529733482e+00
4.739319743317144784e+00
4.590757361700733341e+00
4.498864720627215874e+00
3.182110016813240350e+00
4.618675110929315153e+00
5.314422272928748470e+00
4.624390075732669914e+00
3.674975337257595509e+00
5.123750789244280845e+00
4.214779625433709320e+00
3.243949990400990302e+00
5.408478460466534798e+00
3.771405164813686817e+00
3.594749714979746269e+00
4.423297087608645484e+00
4.308286673498566088e+00
3.916191697880505806e+00
4.893524479667156868e+00
4.399997172448879112e+00
4.897669302080178255e+00
5.056009258319722477e+00
4.606867774505749580e+00
6.121010879481923794e+00
4.470748376007672498e+00
4.982395150470801504e+00
4.165282256251448878e+00
4.676045511749721939e+00
4.447225223722483634e+00
4.487090215247762082e+00
3.827592811891114888e+00
3.745931948364414676e+00
3.697692879684320033e+00
4.018473389278788943e+00
3.767880333016285554e+00
4.914249797302472800e+00
3.915985092928504496e+00
5.167521374620642760e+00
4.814303335131865147e+00
4.979027098456160871e+00
4.422723404007832926e+00
4.523326431554473004e+00
3.432807438090456298e+00
6.124506870927592495e+00
4.666329803324765102e+00
5.424492680439557901e+00
3.618694757702292542e+00
4.389103409619421470e+00
6.349998874182108288e+00
3.938494205940487269e+00
5.109647869552276234e+00
5.142458947176567818e+00
3.707603802561469486e+00
5.401431093481814827e+00
4.016919033080045942e+00
4.848645969602246808e+00
3.760816117600331410e+00
5.846027551412825929e+00
5.018643968676167688e+00
4.726877104601403090e+00
5.132547155022203711e+00
5.681461404211386679e+00
5.325584291579740892e+00
4.989341659658194317e+00
3.246236228770023935e+00
6.759428829972866204e+00
5.630149761942378817e+00
3.809593076883619922e+00
4.003260975672239930e+00
4.244623847206350220e+00
4.353975583316332276e+00
6.343766603422825057e+00
5.117118414846899555e+00
4.782308296200423747e+00
5.601437750760211998e+00
5.522749215809857226e+00
5.098584449270846086e+00
5.405661758106617754e+00
3.719135956887428929e+00
6.263927804145881240e+00
5.785348348400495055e+00
5.071871183942167072e+00
4.210624265313919423e+00
4.054509626277123857e+00
5.324816972182675912e+00
4.175188397695948517e+00
4.174419382940672385e+00
3.622916744624820939e+00
4.480650098741569387e+00
4.131255479880323378e+00
4.017912717071464357e+00
3.863925595534964064e+00
5.749858875886156184e+00
4.488995984847319320e+00
3.324377527193640436e+00
5.251142620902008673e+00
6.254206443671074034e+00
5.914396035619642333e+00
3.965860192165232778e+00
6.065478515668900172e+00
4.266351835733918740e+00
5.766765457252692073e+00
5.618588721862277424e+00
3.739319197668773853e+00
4.572130142960083354e+00
4.449992528324178132e+00
5.448594323239120740e+00
4.582499584763566780e+00
4.235457862665348294e+00
5.597171106636386284e+00
5.283302848990402367e+00
5.199715421100336243e+00
4.627114557179257126e+00
4.184929020069068528e+00
4.027137771514836651e+00
5.813672492290299587e+00
4.072395564714548222e+00
4.135835751297214813e+00
4.215863132055783780e+00
4.684661995854694894e+00
5.459787684216077963e+00
5.450533922707689882e+00
6.221226851350937892e+00
5.072100025914100918e+00
4.518922496943350353e+00
3.556340157205895913e+00
4.439926503640715616e+00
4.550165722454908135e+00
4.425724978335260573e+00
5.298395346349250801e+00
4.586007191209440670e+00
5.211912318333288496e+00
5.926887023549809896e+00
5.226165178525191912e+00
5.373451886559195145e+00
4.262220684943706317e+00
4.784429529564246941e+00
4.546874105187438175e+00
5.493715657195323843e+00
4.729039386089868735e+00
4.562414124698221940e+00
6.049809532870368933e+00
4.360435602994804150e+00
5.030158430194934027e+00
5.519570197912804232e+00
4.893561879825226058e+00
5.794682968130123513e+00
4.541699770004837156e+00
4.234749153475698691e+00
6.109246648050167927e+00
6.490715591471460932e+00
5.054217909016052168e+00
5.196198726143427926e+00
6.179606619510586540e+00
5.843997236356482716e+00
4.472866637240525023e+00
5.809412869137143609e+00
4.483309674124764221e+00
5.537174261828748278e+00
6.386775185960491541e+00
3.807739917497459103e+00
3.876361738679908964e+00
4.764524521283485470e+00
5.145844207413183824e+00
5.115677025191844862e+00
6.354197938110938360e+00
5.988827466230914887e+00
5.625090444637658393e+00
4.550237925255142812e+00
5.240374208830924196e+00
4.041010389974982076e+00
4.463364716975232405e+00
3.584063566226665110e+00
5.155718349533684020e+00
5.510914911134079830e+00
4.326067571089650343e+00
4.796198326545288992e+00
4.612543843546268008e+00
5.980868203891828827e+00
4.570459643442611686e+00
5.791008263327306338e+00
5.774210054471490494e+00
5.105553352870700223e+00
5.499918134475497489e+00
5.010810745369688846e+00
4.382564863972307379e+00
3.730988046053345109e+00
4.623650153218324732e+00
5.821451388938148952e+00
4.988382900681760823e+00
4.045520933190951851e+00
5.086378456029506445e+00
5.783818535820579143e+00
6.376823674610842652e+00
4.076463162662239625e+00
5.658408021582491898e+00
5.850709757178302439e+00
6.259309720138597655e+00
6.064231340481002874e+00
6.067209874242043277e+00
4.095666503939022540e+00
4.880654376661220262e+00
4.131263601293817089e+00
4.977404144809257858e+00
5.357110089898002414e+00
4.833341236154550913e+00
5.156690814506072584e+00
6.066259321273237859e+00
3.844493852180533189e+00
5.739564419814318086e+00
3.969532057783952794e+00
4.696449840476022430e+00
6.604602373442947538e+00
5.248895478964165306e+00
3.571021979606428864e+00
3.869405785815679621e+00
4.202478221740856057e+00
5.435323338261778048e+00
3.833369461405634393e+00
5.531007879764672452e+00
4.204939327122973580e+00
4.493108604850631238e+00
3.984610073276456887e+00
5.112147613093076082e+00
3.796939552414182462e+00
3.830893317265270603e+00
4.460123022957385608e+00
4.934211413595074092e+00
3.545781488023311390e+00
5.855909774235825260e+00
6.533774563913677724e+00
5.089340074576528927e+00
4.692936338463042922e+00
3.701201836904816744e+00
6.037063299803058669e+00
4.254246701223149074e+00
4.706359426326930162e+00
4.739196554951194074e+00
4.780603695517490870e+00
5.149471382120171192e+00
5.228330892572713218e+00
4.933965545281617793e+00
4.268428966341163644e+00
5.028757097675297771e+00
4.468090482932277396e+00
4.832839273107861544e+00
4.304436676238691639e+00
4.655680224235539733e+00
5.717895335895639697e+00
5.436628144218753178e+00
3.633625449920323103e+00
4.011320152610050371e+00
4.853805216085768315e+00
5.584154294164150656e+00
5.916981984359019897e+00
4.652232640862543178e+00
5.367994027483116604e+00
6.234185101260390383e+00
5.144875108134926656e+00
4.135957042582232290e+00
4.277365018860015411e+00
4.402312633108042661e+00
5.245230245145977577e+00
6.213370564036965860e+00
4.722372594477426411e+00
6.185298982931206169e+00
6.293123723050109142e+00
4.763428309801414962e+00
3.685691614330165233e+00
6.070382384206555848e+00
4.095674751096429311e+00
4.378017611027622991e+00
4.153524103194415673e+00
3.427300414411683427e+00
4.340316636685882301e+00
5.231678232811908025e+00
4.429037127250420092e+00
4.375505685282176316e+00
3.620600714807349796e+00
5.151127464205732309e+00
4.723864220547602244e+00
3.636536541007594714e+00
5.700609240763696128e+00
5.496153466324651404e+00
5.860990422351356699e+00
5.874293420876745664e+00
5.028855295597965736e+00
6.151976315316440846e+00
2.915132178842628097e+00
3.375215439634887904e+00
5.062798137796833409e+00
3.382620064293673234e+00
4.221693630157593802e+00
4.195021414050597031e+00
4.438721983396455961e+00
5.225155453214644474e+00
4.623589202311492841e+00
4.744729017804590221e+00
6.074725944235036756e+00
5.562267764965898920e+00
6.084689580799524045e+00
5.153680136384075183e+00
5.581029010949186464e+00
4.458783991901688282e+00
5.985730041328055862e+00
4.135223930014234384e+00
3.630945363321412600e+00
3.781544001292316715e+00
5.107486391685990057e+00
5.169364394809887742e+00
4.807694892591706903e+00
6.147089936829678081e+00
3.357587530651348739e+00
3.263805086061331906e+00
5.591558426810768978e+00
5.945739482270974818e+00
3.585609119992835048e+00
3.161978455500953800e+00
4.575331086000405278e+00
4.256955478005870930e+00
4.216708744103171647e+00
4.394884278278126111e+00
3.872251445659700586e+00
3.642502912537687987e+00
3.932232587800883028e+00
3.556367337462993383e+00
3.853730674515267296e+00
4.252970956321900253e+00
3.029588725864662102e+00
5.219944729461304611e+00
5.264201366288961736e+00
5.387487858084990755e+00
4.285706432735931770e+00
4.893838692043951610e+00
4.893931961985783730e+00
4.123359231135456326e+00
3.551421100364737349e+00
3.934201994160955618e+00
7.589609757115100663e+00
4.503035243901031492e+00
4.905687178423011829e+00
5.030998021417836696e+00
4.742162738439430925e+00
3.231918842737864672e+00
4.826420457544625009e+00
3.976505626239578817e+00
5.581780342722090005e+00
4.491706049218984198e+00
4.276723129068833451e+00
4.271587305507019039e+00
4.897625277794570131e+00
5.303176770377163507e+00
4.396586889042039203e+00
4.358745133085379031e+00
4.787567978225649057e+00
4.781759053394045722e+00
5.289718944553501778e+00
4.094107186703101142e+00
4.780460192782518547e+00
2.868561164425750043e+00
4.280637033914697298e+00
3.998093818928204701e+00
5.603842963029295632e+00
5.153041778088079283e+00
3.375072138603563143e+00
5.438158036825423203e+00
4.368697678053859335e+00
5.392425445047903665e+00
4.591491959752186602e+00
4.245555892590251901e+00
7.736109720936562795e+00
2.869302662364722423e+00
5.728146303027485509e+00
5.437121448272318247e+00
5.829320745462741371e+00
6.962865294061135302e+00
4.735545054182374258e+00
4.465228962678241764e+00
4.605898251110108532e+00
5.156833298351732431e+00
4.738706096607923968e+00
4.701818045184048778e+00
4.835198933856923453e+00
5.108659493692996989e+00
4.199714533328347876e+00
4.378872194570673670e+00
4.744226219385090815e+00
5.141249305967223293e+00
4.808922985374326942e+00
5.579356158751204831e+00
5.141374940901827451e+00
4.190438662745455289e+00
3.285388657153602843e+00
4.415148704438887073e+00
3.407123869436301966e+00
4.536347529819663826e+00
3.834189433709209283e+00
4.120858991236497459e+00
4.512989894635009769e+00
3.629845808031053611e+00
4.849955895538713868e+00
4.498396542488151795e+00
5.723933101995337225e+00
4.096529053214200466e+00
4.679594777172253472e+00
5.125655069688994203e+00
4.111750889563660749e+00
4.711538194348995567e+00
4.368177217709301452e+00
5.367356189320489079e+00
3.974902248129989601e+00
4.496883179314162149e+00
4.413111987593309138e+00
4.829466609769736962e+00
3.859274393187376972e+00
6.147344773375136739e+00
5.223582683514989888e+00
5.151295253885057157e+00
4.033683588476753457e+00
4.302506779876728693e+00
4.318669567578234947e+00
4.378755996182886356e+00
3.376584049464129489e+00
4.892285681034774569e+00
4.115065196683339366e+00
5.290409869072218996e+00
5.626177242758022778e+00
4.486123473944734208e+00
4.071388699663319066e+00
6.480721560744725274e+00
3.974683372786661728e+00
5.192802122325128167e+00
3.496510339459104166e+00
4.379596047783318902e+00
3.874405038327799033e+00
5.307615087191170034e+00
4.439583661884869414e+00
4.322048958238153382e+00
3.773291762896950452e+00
5.386343821853733616e+00
4.059284324705902947e+00
5.789741642666093036e+00
3.540631082316886058e+00
4.736839116955065876e+00
4.757937878450493763e+00
5.886160270176643117e+00
5.052366368116548045e+00
4.050106078473821647e+00
4.419761348565912407e+00
5.447334994991454238e+00
5.353757845501156964e+00
4.447432799897003797e+00
4.038389712040344470e+00
3.569038573602431264e+00
4.100128184634486139e+00
5.114447454514573721e+00
4.640126840317416956e+00
3.870253946471190254e+00
4.403071500470285393e+00
3.850362890418266737e+00
5.323888392703824302e+00
5.035390748032044783e+00
5.735239745676567580e+00
3.227582865106131127e+00
4.448073054071774557e+00
4.753072965261540439e+00
3.899093782304619005e+00
4.814429270205468292e+00
4.079237706259504215e+00
3.561375839256948339e+00
3.240507204380392636e+00
4.178768627944410063e+00
3.819884432535171737e+00
4.725348851869238587e+00
4.645373119780487059e+00
3.908135559083504074e+00
4.697114859382027774e+00
2.913153331479465091e+00
4.774710620721130283e+00
4.519873820256866459e+00
4.315409715529726853e+00
4.279299647175262677e+00
3.885323930541739301e+00
3.833856517658305485e+00
5.476173838873454436e+00
5.032808860889174341e+00
4.148363468070083826e+00
4.467523970174291925e+00
4.257875733348805980e+00
4.703223835232591910e+00
4.406622454846679027e+00
4.583227332480637628e+00
3.904596113085928799e+00
4.169820954823568293e+00
4.779604794078754715e+00
4.751318767350058536e+00
4.547891706303953896e+00
3.701140835752690705e+00
5.290690657378544159e+00
3.912309711380143717e+00
4.466986640243449713e+00
5.312897147602096304e+00
5.091276260659401309e+00
4.931944319489782735e+00
4.047865892115794395e+00
3.913487619047488764e+00
3.369536717339866705e+00
4.290507541285609960e+00
3.209766910154185027e+00
3.691657378257620081e+00
5.393954117438936713e+00
4.512900744270323727e+00
5.297533542573738430e+00
4.673619914821261823e+00
3.518569319774795368e+00
4.138274499537029527e+00
4.552532893470043973e+00
5.455003846519497657e+00
4.298040586824741993e+00
3.945965545595673696e+00
3.023848619062588394e+00
4.915888149892476022e+00
5.044657875101835387e+00
3.536564252863974911e+00
5.426275623844074580e+00
4.236998889338116747e+00
4.314541230174810060e+00
4.252741994820770977e+00
5.037605162087136712e+00
5.236172628486015057e+00
3.967161870231277199e+00
5.008300715434417683e+00
4.671333248068620492e+00
4.100006170806700823e+00
5.884232430058700558e+00
5.750531006537858758e+00
5.022922345263053145e+00
5.206452573766920722e+00
4.969078813271381456e+00
5.680875129301062643e+00
5.628545190307717938e+00
5.079811875451562209e+00
5.007952754538900209e+00
3.540388359347799607e+00
4.835057847407540521e+00
4.307356766063244358e+00
5.595501146176298235e+00
6.509873107607708320e+00
4.891418622613191935e+00
3.750397548539621262e+00
6.406722129484515804e+00
4.609474374576070232e+00
3.583014609858676369e+00
4.760425884189255719e+00
4.433608925788727007e+00
4.712846358333293573e+00
6.503723638561930365e+00
3.976085330780840810e+00
3.937598962257980340e+00
6.207426377612220492e+00
4.631815854996528259e+00
4.806211040999700757e+00
4.387065135300950658e+00
3.173771058437914405e+00
3.927935065631023015e+00
4.080413855577432969e+00
3.719449018074175051e+00
3.384072358500210154e+00
4.427692601346420176e+00
4.142282216091366820e+00
4.941865567186050967e+00
4.833943540917732484e+00
4.398986441394966640e+00
6.091443822358244553e+00
6.007214991064290466e+00
4.610922866191993208e+00
5.559557366252958488e+00
5.351107014418149177e+00
4.375123084354411773e+00
4.385871127473768283e+00
5.890693016020858153e+00
4.663591833005897413e+00
5.242964065242822436e+00
4.873920361620365682e+00
4.042578288233890760e+00
4.164673669860460059e+00
4.393973326850397321e+00
5.616358191340003359e+00
5.615060876639512699e+00
4.133666707091818715e+00
3.468387921894550807e+00
3.820061075953423035e+00
5.826655018146297493e+00
3.227922862147642569e+00
4.386939945808015828e+00
4.872328681528495409e+00
3.868803130362207909e+00
3.878655118204436647e+00
5.370975121926720774e+00
4.898551694499963638e+00
4.772132579627861304e+00
4.768703276417112669e+00
3.546088639859874547e+00
3.848543942479358382e+00
4.378081705078011865e+00
5.055379269556711463e+00
5.854213628585526408e+00
5.039768957146345763e+00
4.848309996797675936e+00
5.381256621501014692e+00
4.866425593806153138e+00
6.009819747338875473e+00
5.632335019675686283e+00
4.048374260981312922e+00
5.847843643558297444e+00
3.816609322442042984e+00
4.001040149602910212e+00
4.010786272147242038e+00
5.772220784238560221e+00
4.501996312812749146e+00
5.829399873389002451e+00
4.478941453444475584e+00
4.890413710553945137e+00
6.419649540565389501e+00
4.074955773383686086e+00
5.181574113426462347e+00
6.463359584317537987e+00
4.359097848569659206e+00
4.283151659310864723e+00
4.793713650171865126e+00
3.605715109011290664e+00
4.550230754594216442e+00
4.478211082009887711e+00
4.246859147731663953e+00
