3.252681542152602301e-01
3.699161642661833449e-01
7.984831272634566046e-01
6.619999779665397543e-01
7.027933404993039757e-01
6.912416947572812553e-01
9.533289132150291056e-01
1.362621624572437184e+00
1.072658859894932704e+00
1.134310520419699486e+00
8.023086875128697670e-01
1.238798163448066258e+00
9.956621381190329245e-01
1.043272589586594634e+00
1.624814251628368567e+00
1.360385467682101446e+00
1.167883901018494486e+00
1.442518335234533433e+00
1.624855996816636061e+00
1.602100058066707522e+00
1.419439501281316574e+00
1.420754008539132585e+00
1.506754730818907095e+00
1.862571571356732125e+00
1.388642450847409338e+00
7.729607396547990561e-01
1.050919302015342671e+00
1.137990286081142832e+00
1.177270915531009265e+00
1.125241375352215467e+00
8.111245115121212823e-01
1.159188834828636328e+00
1.166237300745660344e+00
1.013557431190826197e+00
1.441967767262087641e+00
1.155762013265154708e+00
1.103587038283251331e+00
9.947108765559691257e-01
1.144381037424875958e+00
1.091123619431562108e+00
1.348067056837818356e+00
1.527146284533388965e+00
1.206194069722197337e+00
1.664841852927792853e+00
1.742860392718458495e+00
1.541850671784908311e+00
1.479179377564014963e+00
8.671398675437429482e-01
1.252398684065411771e+00
1.248195651108350734e+00
1.509597113007290714e+00
1.281623278971506297e+00
8.049595817952024390e-01
8.491712582805697185e-01
6.824567594544055371e-01
6.160081206238369189e-01
7.820602778316616543e-01
1.061756202406939131e+00
7.718261643824944063e-01
1.264264790713446995e+00
1.215927752761725600e+00
1.389681596073120584e+00
9.581106494427604758e-01
1.085707006220233861e+00
1.250920581702861689e+00
1.024881714363708562e+00
1.183109245476462679e+00
1.194856045644524301e+00
9.061844982325939490e-01
7.112114216410700962e-01
1.002147200812502748e+00
1.066735511465254582e+00
1.401258078990768707e+00
1.495006021079472891e+00
9.424603565972438091e-01
6.467626016868477379e-01
1.045831637013544535e+00
9.991040730357938493e-01
1.243988652009107909e+00
1.048710658576493149e+00
1.311655860799987305e+00
9.208287182548454686e-01
1.291509500438009050e+00
9.805564310534149453e-01
6.476535927715669771e-01
1.019672874553785968e+00
8.901229177957736827e-01
7.977817893333598587e-01
1.178173834344337312e+00
1.117315002058568041e+00
1.367085743204869086e+00
1.338427538747497536e+00
1.347454950506333793e+00
1.156484777864760893e+00
1.350180091915090141e+00
1.556382353062390589e+00
1.277688748929994844e+00
1.498439919214006100e+00
1.971615345613981773e+00
1.910479530250480007e+00
1.374613638026177309e+00
9.317490274837321174e-01
1.079117253609756188e+00
1.346901327466724307e+00
1.307104861410433472e+00
8.240824368929970944e-01
1.126332331253057761e+00
8.461093884062617088e-01
7.806753954944161134e-01
1.095542221514606673e+00
1.055585769815781783e+00
1.131143897038212831e+00
1.340280053006952965e+00
1.015932031938138191e+00
1.152057406923604255e+00
1.222651806921092099e+00
1.045392314977661608e+00
1.092663639145510679e+00
1.112117617607268016e+00
1.181746480914927844e+00
6.564240777089288548e-01
9.930052983040442705e-01
1.506284482467902697e+00
1.003026335459169749e+00
8.858652435894367461e-01
8.775115256164267574e-01
8.801506637985568871e-01
1.009416176375314000e+00
1.295077998736981595e+00
1.099671740949408338e+00
1.356419494376732260e+00
1.228985117106543123e+00
1.563674229177903552e+00
1.291541938702307935e+00
1.887324256790190891e+00
1.415686013657739384e+00
1.042415597103814040e+00
1.318867785653793145e+00
1.730887337290457406e+00
1.323266181025313015e+00
1.220672009301934757e+00
1.422437960097745702e+00
2.094643101139273433e+00
1.811943492896272101e+00
1.234310406145053385e+00
1.115239135813880900e+00
1.568334005103879658e+00
1.266074254876143890e+00
1.388157240839829498e+00
1.350532880718165352e+00
1.371762375865630990e+00
1.603705568993858854e+00
7.384332513973679291e-01
9.721396093193039878e-01
1.337852131482939688e+00
1.259875662297050170e+00
1.192754923190195493e+00
1.172314460616787457e+00
1.190139586720212694e+00
1.256177176918753524e+00
1.252580650871013113e+00
1.289398763334173914e+00
1.157390963901746339e+00
1.319193626747100279e+00
1.833817473668457598e+00
1.268986636207409147e+00
9.802086358478696582e-01
7.348492985361309016e-01
8.375068205995210846e-01
1.081544242187030713e+00
1.119296435588968075e+00
1.180030055075362849e+00
8.221659635387743581e-01
9.750605542118363500e-01
6.686637667605404012e-01
1.174092111090538459e+00
1.255201715785972727e+00
9.061150249507299304e-01
1.509516937127412195e+00
1.077970978633761012e+00
1.110919940700680453e+00
1.042733566003803070e+00
1.258137038476095482e+00
1.202249261202477104e+00
1.324055688210033832e+00
1.130016357419629802e+00
9.321517044050611212e-01
8.073810498612931097e-01
1.062751537206495733e+00
1.134347969152297075e+00
9.737727418759803966e-01
7.465890868707252270e-01
1.245196274569631889e+00
1.106989009475570551e+00
8.422930858651236363e-01
8.896983510719502775e-01
9.183848393476139460e-01
7.383886567449352567e-01
1.278496026908633620e+00
9.558364744636326238e-01
1.005031826773555403e+00
9.486580660877441673e-01
1.295787457082701266e+00
8.908618921175142091e-01
9.605920074646443485e-01
8.320358743042832739e-01
9.277466458421343987e-01
1.084010297860754868e+00
9.568101258265111486e-01
9.475187121583323879e-01
1.007646713476518796e+00
1.052901459997354738e+00
7.346204868631982521e-01
9.314021311023802374e-01
1.575076784219443304e+00
2.056059665217429000e+00
1.457898996648406165e+00
8.772395318058179292e-01
1.384350606561733477e+00
1.005459422639255251e+00
7.992478402360928547e-01
1.001660135670334739e+00
1.182403842091404922e+00
1.392202455603860134e+00
1.007823063638890293e+00
1.532761221781826944e+00
1.643699228839606619e+00
1.184776819913010426e+00
1.302502151801941288e+00
1.075903097258069652e+00
1.245288625141110828e+00
1.169293292075290536e+00
1.410933958503525432e+00
1.484228672320210496e+00
6.587008964530076671e-01
9.100973140052905919e-01
1.000758685988270669e+00
1.281767591290335018e+00
1.439092868411678383e+00
7.587839171586731046e-01
9.619212708830218173e-01
8.441872651638522296e-01
1.111216604189143364e+00
1.205715307235530886e+00
1.263570784885719611e+00
1.174956947678535757e+00
1.120756969760090094e+00
9.814404342450093743e-01
1.051431712540492613e+00
1.171876889545770739e+00
1.447493686024222681e+00
1.529338635536948487e+00
1.066348209529585311e+00
1.373471536427278261e+00
1.706012689503778379e+00
1.674614990788551472e+00
1.533496671068713013e+00
1.237463989058044334e+00
1.199610048991352595e+00
1.352670144468156588e+00
1.677663792351193894e+00
1.185416537418167549e+00
1.376298483616227752e+00
1.416945092713822296e+00
1.098641929803073847e+00
8.199410756962477453e-01
1.817346277222351425e+00
9.955024230173219468e-01
8.406054846599508856e-01
1.125406515471658375e+00
1.359568964255805312e+00
9.282056689998607890e-01
1.455346534461281482e+00
1.676388394596519671e+00
1.352356506937866465e+00
1.164574493499711316e+00
1.018870869419887581e+00
1.246376408960774951e+00
1.403645105462044906e+00
1.256089799791863859e+00
1.257100976651340574e+00
1.035459173202513572e+00
9.475778470679119270e-01
9.880565324845168584e-01
1.205540671154665677e+00
9.629292180580470983e-01
1.177965675302227622e+00
1.128896048933543783e+00
1.058266544165541889e+00
9.430567949633468228e-01
1.221824510441394507e+00
1.560539933747489227e+00
1.550186393695914155e+00
1.443531615920745637e+00
9.741885192393029413e-01
9.958345631996178282e-01
8.296356350146446568e-01
9.012254699066877262e-01
9.679159873074818510e-01
1.173639062324439486e+00
1.070142732309712130e+00
1.344707320854388488e+00
1.460045739096627715e+00
1.180807062696537235e+00
8.807473565267870397e-01
1.358609642820997943e+00
1.235935861543949743e+00
1.096745649775083375e+00
1.245614558459419152e+00
9.875322321733686071e-01
6.764616149176985171e-01
1.338766400469078466e+00
1.153397684513493227e+00
1.129882022775372530e+00
1.226414756169350140e+00
1.185274401464001759e+00
2.056327614946981353e+00
1.332961128264542161e+00
9.100949306278824924e-01
1.334463695761609836e+00
9.824160333715299398e-01
9.069956990692753518e-01
1.685878616703221144e+00
1.298079407017847187e+00
1.231955051580191363e+00
1.257633644351471958e+00
9.442749736285388495e-01
9.364976860559790506e-01
1.046457928525228898e+00
1.265453134212433994e+00
1.060556141445904377e+00
1.406569655307723821e+00
1.199016442224997370e+00
1.098173242552172857e+00
1.780336032661979484e+00
1.560917958893321078e+00
1.197743795855229942e+00
1.763527496624214486e+00
1.975873233868439049e+00
1.497736123517010576e+00
1.203824462306591014e+00
1.165219689061774311e+00
9.115319433891095890e-01
8.686135992008552353e-01
7.412488317757151002e-01
9.123963375488718386e-01
1.654090374613915504e+00
1.851821171479349548e+00
1.153807333751332154e+00
1.687933976850401585e+00
1.194881463814746025e+00
1.069505529725649495e+00
1.102569858350183285e+00
1.108510846767361668e+00
8.760740698969666784e-01
9.145888248030062950e-01
8.472162538859341341e-01
1.300136022989462070e+00
1.223164101486053701e+00
1.161182145227377616e+00
9.389133984748949668e-01
1.034657979212826984e+00
1.016623770576934538e+00
8.732262600673461606e-01
9.669172463212005741e-01
9.260668861984816536e-01
9.945921399718147260e-01
1.018393256920190115e+00
1.242401655414101747e+00
8.158322112880447285e-01
7.542696500452984454e-01
1.125867651132879121e+00
9.240324224048239721e-01
1.047464038492378569e+00
1.141430184481609711e+00
6.643362148049507532e-01
1.281869592256067669e+00
1.174428855521482795e+00
9.114323011840910205e-01
8.570176719877542482e-01
1.043425416914679715e+00
1.267148981903488902e+00
8.871727013112755689e-01
1.032988286158499136e+00
6.674547676623454606e-01
1.044737822491932810e+00
9.893281937441555929e-01
1.335002607099171623e+00
6.785093801152639603e-01
6.288462709755088254e-01
7.992397628188110392e-01
1.500067301650779505e+00
1.389032214241255669e+00
1.414182205366331768e+00
1.765006670664627908e+00
1.374094866945438032e+00
1.884942706233798226e+00
1.842273621943409267e+00
1.532647360850083906e+00
1.493304895880162242e+00
1.927572054557166847e+00
1.825792572082532095e+00
2.351409953534301600e+00
2.375768143649120478e+00
1.208652976236224363e+00
1.008494424466076955e+00
1.636937745551004131e+00
1.359305744304915464e+00
8.945181672797209993e-01
9.707858967975933062e-01
1.595616674059290530e+00
1.000774395654453475e+00
9.425799994454937547e-01
1.099740898997055849e+00
9.112597856312274480e-01
1.231283431512041115e+00
1.023356040916809206e+00
1.463010174473869274e+00
1.396959518939955514e+00
1.169910586640981354e+00
9.292058057556057404e-01
7.227730197390770384e-01
1.213263073835264327e+00
1.142992144006339750e+00
1.163193364142468766e+00
1.066562020327518345e+00
1.897103858376228747e+00
1.804377236448257982e+00
1.016274502501865351e+00
7.833350733550826783e-01
1.023078204929046775e+00
1.209382384914637232e+00
1.171225878924067931e+00
1.114609180228014029e+00
9.364801272628549000e-01
9.947458039818910525e-01
7.016952805270066929e-01
8.095004000538130740e-01
1.213047413537149177e+00
1.273658667139160983e+00
1.116743978288016415e+00
1.239193643728040639e+00
1.137252587193128273e+00
1.147793256066061085e+00
1.270661428950266458e+00
1.030764242793226870e+00
1.245948566710666228e+00
1.216106322617224400e+00
1.146909419878531233e+00
1.146299078349597877e+00
9.280216072120055504e-01
9.178350243239392636e-01
9.840841627975825956e-01
1.244626867702864903e+00
1.193171886500289602e+00
1.304911739968536155e+00
1.902183631243866468e+00
1.446358453324313231e+00
1.474156639444954342e+00
1.599614686366240601e+00
1.481102016521484321e+00
1.296613131461703539e+00
1.252537084970033243e+00
1.041861299913373839e+00
1.216769010172737531e+00
1.285413629042838846e+00
1.191509454955556047e+00
1.134740880074528446e+00
1.133704348191751698e+00
1.163809020968821439e+00
1.473819931130769145e+00
2.641127310705104758e+00
8.842361364219574194e-01
9.728523688831010041e-01
1.891620108119864696e+00
1.177562142291703751e+00
1.028425021328288169e+00
1.155114512125160031e+00
1.283949448559591477e+00
1.577355558449934581e+00
1.295403071590581101e+00
1.255290020690895236e+00
1.482886371900029587e+00
1.328075420853124466e+00
1.162104651205149608e+00
1.042115386379658837e+00
8.980959570150545135e-01
1.018876545447137794e+00
9.510914630669397019e-01
1.013864409989109650e+00
9.184650528177278339e-01
1.194176277462344116e+00
1.377227024167858360e+00
1.068431730109405953e+00
1.041312560560353706e+00
1.296875353956339350e+00
1.358389564787099602e+00
1.561033505502723795e+00
1.036989928522642046e+00
1.047495269943874430e+00
9.461167374476568970e-01
1.031079331793010923e+00
1.070124301933056632e+00
9.480234604017323541e-01
1.035779737140985146e+00
1.293410972863178410e+00
1.134531701552712102e+00
9.518173637355707983e-01
1.218664107834148025e+00
1.584141648114104628e+00
1.741179952031746136e+00
1.887471258223797799e+00
1.037953305131060988e+00
1.113966694054137729e+00
1.102934817669148915e+00
1.453872244377860223e+00
8.777871343237407809e-01
8.656180947645608637e-01
8.284783560942763359e-01
6.483485709739000846e-01
9.920609368847190801e-01
1.129052530652320030e+00
7.925415843936807203e-01
9.122382482186381925e-01
1.207046318043128119e+00
1.068030445108795412e+00
1.461084841059010930e+00
1.734847747231003101e+00
1.002139271176388791e+00
8.544172632811034562e-01
1.243581518066255498e+00
1.314376088816877619e+00
1.095154041934118139e+00
7.267701754823461258e-01
9.016062599800185318e-01
7.694892850070500501e-01
1.216863345811697972e+00
8.307490195442823744e-01
1.136597335734003789e+00
1.554074121876496184e+00
1.868782292311546911e+00
1.959228408910866470e+00
1.131062773687983691e+00
1.375878737591968770e+00
1.739645351514356619e+00
1.157064614224005528e+00
7.026666483827085363e-01
6.099852345403440346e-01
1.022610804203617718e+00
1.215478390767393835e+00
1.335879625068286947e+00
1.280623010565792086e+00
1.424457754243998675e+00
1.142502110159875794e+00
9.388808759919204938e-01
1.386662875837163744e+00
1.452881245105822838e+00
1.145312649779194114e+00
9.059249494141272674e-01
1.233984107070902780e+00
1.156515280241969812e+00
8.974976330020415505e-01
1.497907607952571718e+00
1.724996507236410848e+00
9.604629040596091016e-01
1.274880279156245022e+00
1.276193121973012268e+00
1.051396696956685695e+00
1.299536137359108778e+00
1.064153045983369905e+00
1.288333174473700993e+00
1.170460668580006303e+00
1.420438129171958774e+00
1.551661962022882868e+00
1.041527498713869626e+00
8.284402673624011726e-01
1.250126685861852494e+00
1.221063576641969295e+00
1.029327663124218972e+00
1.136021735584172188e+00
1.733600218812121119e+00
8.656240303566914429e-01
1.783160845421922547e+00
1.559669249776656663e+00
1.579336241179246647e+00
1.279136870014399463e+00
1.191618091535383783e+00
1.356346109131360222e+00
1.252550462314932389e+00
1.517946644255724786e+00
1.005103489233129421e+00
1.077820502974796701e+00
1.533966328618643349e+00
1.500687939900917645e+00
1.603503948743737695e+00
1.614189522106772801e+00
9.166210563340511097e-01
1.072806180431261414e+00
1.305544728906262719e+00
1.442679274226186692e+00
1.436320861109329439e+00
1.383412071377376762e+00
7.876200087755061974e-01
7.266462422205293148e-01
1.087303552193624956e+00
9.886982142396634199e-01
1.264647499596010416e+00
1.075199600027050728e+00
1.171290081638370895e+00
1.014878554196644966e+00
1.145157290333500555e+00
1.330349007453861088e+00
9.399159417378921688e-01
1.121803193923581299e+00
1.042641004542962158e+00
1.108728789326358433e+00
9.173547421899395093e-01
1.074893360467358283e+00
1.031960327987117010e+00
1.140904624560590719e+00
1.601366070207426606e+00
2.245758224926383662e+00
1.459307250792788224e+00
1.742581790894844884e+00
1.600366992381803577e+00
1.174478146094849684e+00
1.387533646277094412e+00
1.671604510512476827e+00
1.032431941460521641e+00
1.020840501101781594e+00
1.289010141744803661e+00
1.086203108956856900e+00
1.050912583082771468e+00
1.118466066535985792e+00
9.080177204652580825e-01
1.583115542119097885e+00
1.084386249126352508e+00
1.467616090007967777e+00
9.086677505211648853e-01
1.285938718689735749e+00
1.540027097741475615e+00
1.345728947117387664e+00
6.902047555726390504e-01
8.162048462201925147e-01
1.271212599841610391e+00
1.207594999374670852e+00
1.165706745976736070e+00
1.318514674811054332e+00
9.643566657117067509e-01
1.221808028451591310e+00
8.813857166938421361e-01
1.081677922638814460e+00
1.064994683706689482e+00
1.244747188118956460e+00
1.138346406463831340e+00
8.960011191710745004e-01
1.273747008498610445e+00
1.131442172196281959e+00
7.808966338269669460e-01
9.872157849154530318e-01
1.433928301683927931e+00
1.124004596402526923e+00
1.177690849499177794e+00
1.335783856265056802e+00
1.523590655657395487e+00
1.735044338398425090e+00
1.469708591204382575e+00
1.620193600577137794e+00
1.150927470701023747e+00
9.914326769458297051e-01
7.356025329275801550e-01
9.527912234425879312e-01
1.314165016375214101e+00
1.109927208528087794e+00
1.569959211553531686e+00
1.078765134121633773e+00
1.078393576968430523e+00
8.340674277439780182e-01
1.268475526037278645e+00
1.089219199907987434e+00
1.068487643347305172e+00
1.338809168399775595e+00
2.166682981997686497e+00
1.893271516125321519e+00
1.434562569038005941e+00
1.451442700772731964e+00
9.864425184437510818e-01
1.274398002762007209e+00
1.348876562383719779e+00
1.086603706259303248e+00
1.440567275493541022e+00
1.091740832193276223e+00
1.960023137827821893e+00
1.037306064814932149e+00
1.164130258172094479e+00
1.234697730009096439e+00
9.737289621068100365e-01
9.626513501377461646e-01
1.433616942083641321e+00
1.423293204964299008e+00
1.211655385689302200e+00
1.174420576870629951e+00
1.597607297380591707e+00
1.217803973441911936e+00
6.890722130751986141e-01
8.468244346020179503e-01
1.431489487600384081e+00
1.326816264750238172e+00
1.059693919517581628e+00
1.328148789364056226e+00
1.009525136158886838e+00
1.150278277835535601e+00
1.419970138075165922e+00
1.419822553866544990e+00
1.773965940422235654e+00
1.587818366447059759e+00
1.430668923303813456e+00
1.384987655787196736e+00
1.367274851660131407e+00
1.355137163242262632e+00
1.684110493160730249e+00
1.244708242563586253e+00
1.124716560736434889e+00
1.727781308052103393e+00
1.426885716755238676e+00
1.211312641878923291e+00
1.239021073444642074e+00
1.502331113749494795e+00
1.400547744429900154e+00
2.090829089209684799e+00
1.297610457719668542e+00
1.517925771408807023e+00
1.451576939200357241e+00
9.966438821563291528e-01
1.441365591915839683e+00
1.489444795776517783e+00
1.345055385361864086e+00
1.344873523915250502e+00
1.929603679239316527e+00
1.671374098237387695e+00
1.688447196659256466e+00
1.553204823635709442e+00
1.797691183537855952e+00
1.487767631483947861e+00
1.600119791450503648e+00
1.624650048103101430e+00
1.579971856686176235e+00
1.308096785913866578e+00
1.934323118039242395e+00
1.884840229041809145e+00
1.355884377761728654e+00
1.683023832917790008e+00
1.347992998875986004e+00
1.837662889536729960e+00
1.055139519284868488e+00
1.547209732851124508e+00
1.583863111401337065e+00
2.177196751245592310e+00
1.096257062321630116e+00
1.725102408160871681e+00
1.629704343848692893e+00
8.984936777087855209e-01
1.535821282990682546e+00
1.371037795576511176e+00
1.143359300387315702e+00
9.188884876007507030e-01
1.001412582791594286e+00
1.158509412191735422e+00
1.375181852900082546e+00
1.744529439744631150e+00
1.504045014441344863e+00
1.689784228227516838e+00
1.615980941310716013e+00
1.602109529700393331e+00
9.532729963995952849e-01
1.176811791976708266e+00
1.217239782207623522e+00
1.479970433273363195e+00
9.464270600702320291e-01
1.035525951344983486e+00
9.283595863596257880e-01
1.111649816686736569e+00
1.613479574291086349e+00
1.364676128330207350e+00
8.244951257222200569e-01
9.853398654976052162e-01
1.692891700906881125e+00
1.665222542215045731e+00
1.021717912902070147e+00
1.255837783741723168e+00
2.034516210298698002e+00
1.803482062456489121e+00
1.577151384128964606e+00
1.395756906340074988e+00
1.613558994748751196e+00
1.380552022130083767e+00
1.407206083567629218e+00
1.808194748783510164e+00
1.777249920123227689e+00
1.785485160616597344e+00
1.008178155188195202e+00
9.286818370248356436e-01
1.105427227105000965e+00
1.305145560024958407e+00
1.233076161992199715e+00
1.117369231025179932e+00
1.743318398924085022e+00
1.999355965973289573e+00
1.116460473975226186e+00
1.036166799918178061e+00
1.828869999385056566e+00
1.451582534728754315e+00
1.173044560638673905e+00
1.221272209947316778e+00
1.425463632640204370e+00
1.781525659893999247e+00
1.942199046950469743e+00
1.449040578572121207e+00
1.463731864360113599e+00
1.546011423410822649e+00
1.077356765891226642e+00
1.471763180382866798e+00
1.386026907652549323e+00
1.387261379168124975e+00
1.209287326738086810e+00
1.162790576041101254e+00
1.662186431292739908e+00
1.468700153071808012e+00
1.254878062934101646e+00
1.139240126067950554e+00
1.606709597163852976e+00
1.664396970964618250e+00
1.160776624681874925e+00
1.437771357373407444e+00
8.628976665792569278e-01
1.489854468954784572e+00
1.248996280711071494e+00
1.342026570196483526e+00
1.639724602973116951e+00
1.950144794296559292e+00
1.999434169254498350e+00
1.877378618104166286e+00
1.693871427955722542e+00
1.712804939912822455e+00
1.531564259159255759e+00
1.468615430218169093e+00
1.498885336815358515e+00
1.750488019552040475e+00
1.523407237977147277e+00
1.547171909659039279e+00
1.497659986193088599e+00
1.339870445047269376e+00
1.294104656060298453e+00
1.101959047394301949e+00
1.448713533436502665e+00
1.204566981647820390e+00
2.105132149115930495e+00
1.780244223017138250e+00
1.216121842837944333e+00
1.065021857729424148e+00
1.795780975050365269e+00
1.757106055273405687e+00
1.460343279421772333e+00
1.358889208635050583e+00
2.042153731292815522e+00
1.443828405835652529e+00
1.412093115711771096e+00
1.400948618717288818e+00
1.859826570473904983e+00
2.016790555735530344e+00
2.045468924904823904e+00
2.219550229967799826e+00
1.824854963418276466e+00
1.807608865862340153e+00
1.716832053223915633e+00
1.171697427977010042e+00
1.218047612595148932e+00
1.284474348194680315e+00
1.258018558902221029e+00
1.479731907744592734e+00
1.394061511209010895e+00
1.545829362810746233e+00
1.799602973800478178e+00
1.490823529511082768e+00
2.314401272720977065e+00
1.556593053789824266e+00
1.396870495207493956e+00
1.426485997728434985e+00
1.115773920259272911e+00
1.638685917868567987e+00
1.606819282549740935e+00
1.517315193011815166e+00
1.471988167902560152e+00
1.447731230254163393e+00
1.465329585642034083e+00
1.703972165734834565e+00
1.525216373126791813e+00
1.335313634828430462e+00
1.566139062216562960e+00
1.665964587253489393e+00
1.563993414115282921e+00
1.630453902489829687e+00
2.081704719450435448e+00
2.156929609951229398e+00
1.833582385949789728e+00
1.380249832933674980e+00
1.501065379981520564e+00
1.459215845731067329e+00
1.232354698625820699e+00
1.264580908073138499e+00
1.538898883177009402e+00
1.094200524059988133e+00
1.451326256801366732e+00
1.319340961960600911e+00
1.187450858775302320e+00
1.270854741195998283e+00
1.724414376532448667e+00
2.163201447687186807e+00
1.756985986301994540e+00
1.562657267403247507e+00
1.936629957901899513e+00
2.086836598813881949e+00
1.340140761809931247e+00
9.061760033985696294e-01
1.911180919937309319e+00
1.633601594415094338e+00
1.572067940776595174e+00
1.580322700297351668e+00
1.620925141646691436e+00
1.428777741385348410e+00
1.301426432137236855e+00
1.565372224170198390e+00
1.634221943246289221e+00
1.663468101535257038e+00
1.556008346606622794e+00
1.526749599146909553e+00
1.198547304944524328e+00
1.299357651789854629e+00
1.273350606298786492e+00
1.208462589464822434e+00
1.560957407488933413e+00
2.120895783119233435e+00
1.789581006842161148e+00
1.541680260367900068e+00
1.747900927691345974e+00
1.698201811943901740e+00
1.393194423789368752e+00
1.747533428997498195e+00
1.983242546286391406e+00
1.440646108888549826e+00
1.223161209408651029e+00
1.806391029358842104e+00
1.488053891944501217e+00
9.285804394542033213e-01
8.291918255193787557e-01
1.008561177924971686e+00
1.259071669249176129e+00
1.132213680034623637e+00
1.679558125283424186e+00
1.354825650242803103e+00
