7.310945193872084857e-01
3.420984343699958741e-01
4.691842377740902403e-01
8.430011776120023281e-01
7.910021441132922826e-01
9.959291272568792097e-01
1.065587491105721929e+00
8.193028009201718254e-01
1.762733589275500279e+00
1.187907260548048960e+00
7.739681458907341494e-01
7.850697702087554575e-01
7.779911823981957575e-01
1.115529037666239009e+00
1.572378762295683075e+00
8.274437700673040741e-01
2.374663981059551787e+00
1.644610732713562840e+00
8.184332474834392634e-01
8.748251381681753092e-01
1.122071649470471666e+00
1.291283146667846715e+00
1.403978567995902482e+00
1.114845818134944988e+00
1.994788577992513190e+00
2.044800218817270476e+00
1.276497941231695243e+00
1.561514732138603812e+00
1.282115847786190255e+00
1.295923801060746561e+00
1.596560142621914258e+00
1.301849013497156982e+00
2.157969951729851843e+00
1.459787676197544570e+00
1.346094994079130913e+00
1.154394832980555563e+00
1.045474182591651591e+00
1.013420027372450516e+00
2.072026788661422536e+00
1.435610153954402612e+00
1.243614252930928199e+00
1.151604182990500602e+00
1.460603404742249145e+00
1.451134042808347235e+00
2.218540480665993186e+00
1.344840403317736577e+00
1.424983004929797126e+00
1.295737693241390875e+00
1.058935447743920122e+00
1.156631319617145603e+00
1.235702542593805742e+00
9.606880840229727880e-01
1.410114856731549571e+00
1.168261664308621661e+00
9.551875691128739465e-01
1.354755822121510800e+00
1.356188852471500450e+00
1.395286341827775001e+00
7.257561317586154193e-01
8.822605389625803873e-01
1.114227217080082655e+00
1.348565887047780798e+00
1.126395100636167879e+00
1.453360055594008049e+00
1.647550716999211629e+00
1.162362989017549531e+00
1.386333228862449918e+00
9.358011980999048074e-01
6.671895942420811298e-01
9.322246080112294164e-01
1.605735394048420694e+00
1.778238705210351212e+00
1.314921882576334022e+00
1.303300921179711747e+00
1.150205855700397350e+00
8.902877611150046278e-01
8.840278052818294485e-01
1.038004359969523893e+00
1.140363416048128409e+00
1.417832999671202909e+00
1.128982451209088023e+00
9.504498133221244149e-01
1.278447577090053411e+00
1.139272947083367349e+00
9.666134992353382360e-01
1.229164041212547520e+00
1.231371364569298965e+00
1.191082544244858710e+00
9.052574857244188866e-01
1.163036013530576174e+00
1.401276247022041455e+00
1.650292489157074938e+00
1.101725548095204843e+00
1.579821826064297330e+00
9.472640986490858950e-01
9.327699149804691281e-01
1.431362832956455389e+00
1.471220322089372035e+00
1.451756251805736753e+00
1.622677552882449969e+00
1.275002061514064255e+00
1.076118724359486523e+00
1.172129478228292276e+00
1.531468634201211376e+00
1.335051138845275043e+00
1.162196411271344099e+00
1.403059479806712861e+00
1.179921620664781790e+00
1.543321374592460327e+00
1.244949564663215380e+00
1.351535903969816932e+00
1.309392116283627505e+00
1.222479517466136922e+00
1.364713105280692229e+00
1.506840813220150288e+00
1.268302126845973987e+00
1.458241956664606542e+00
1.379915695286437760e+00
8.756265058126542211e-01
8.873253974863669624e-01
1.761611852377495069e+00
1.148748265762172593e+00
1.806980043066686914e+00
1.307160870408170528e+00
1.514915077957893930e+00
1.400053502643327397e+00
1.368610870347387820e+00
1.108970124718820838e+00
1.880545154685262954e+00
1.756980628601081396e+00
1.112586439230474067e+00
1.321344914841165785e+00
1.216163868889279964e+00
1.086726313667949473e+00
1.187351920708099584e+00
1.384695705495486040e+00
8.159693233437839144e-01
8.668473652578501110e-01
1.055357620247135975e+00
1.203038099850404663e+00
1.122776688750517726e+00
1.092123737582815224e+00
1.471037521698149497e+00
1.229359998099708307e+00
1.782494393725941650e+00
1.432845966979175767e+00
8.039383717201468160e-01
9.320910657747505379e-01
5.530829760796270866e-01
6.439029898200926416e-01
1.174537919062458080e+00
1.383229648203608608e+00
1.403015421132496776e+00
1.525902182539807583e+00
1.286386825914849208e+00
9.231254472684063961e-01
1.294578800968225751e+00
1.237263006586293512e+00
1.530142134044546243e+00
1.598259070612550792e+00
1.208120701453319290e+00
8.996346948771496432e-01
1.324303599923192687e+00
9.697659540657268540e-01
7.646404975310356900e-01
7.877364979083338881e-01
1.239553547583353676e+00
1.318883989202345397e+00
9.674435780625219028e-01
1.376420798571488469e+00
1.656136126962952648e+00
1.701600896809517094e+00
1.138857708712509353e+00
8.607701293534666398e-01
1.202185232834187989e+00
1.268027002822755822e+00
1.070599200291623365e+00
8.125618020688822885e-01
1.566371407619857603e+00
1.532317572198530709e+00
1.615152098295081551e+00
7.450233650830193621e-01
1.140043052793543454e+00
8.376746911335342105e-01
1.327119526337438682e+00
1.337522272745901741e+00
7.741409022494767367e-01
1.125171036184698936e+00
1.633014610636685404e+00
1.094529223406163876e+00
1.413218466232175397e+00
1.211746979064160845e+00
1.105689311867936730e+00
1.485310607349816792e+00
1.616853238323866293e+00
1.589640031657160835e+00
1.111990817422993549e+00
1.265598472443236089e+00
1.334151776076952789e+00
1.261417636674176723e+00
1.096404721766547130e+00
9.650816182685024724e-01
1.144013976322043824e+00
1.139474577603672101e+00
1.310494005085532265e+00
1.126090866477055474e+00
1.084919560394529192e+00
1.079357030828379527e+00
1.058182372707931806e+00
1.250238519528951819e+00
1.764145433749996883e+00
1.549325496568690230e+00
1.418739256874825827e+00
1.343258985389230720e+00
1.170247290393897410e+00
9.141279435062263925e-01
1.164278100520759640e+00
1.302763681238275240e+00
1.007778808373772650e+00
1.242179179070763695e+00
1.160317466654383400e+00
1.083476821284796277e+00
1.014342104217013318e+00
1.080643417048022137e+00
1.283929345109585896e+00
1.575127712291694682e+00
8.565275728712715697e-01
1.094161777230410193e+00
1.251487042780905057e+00
1.300790962895758573e+00
1.408245731482060892e+00
9.750238382268345827e-01
1.053107128081361532e+00
1.612980266739817647e+00
1.198090759499593316e+00
1.074845697852244930e+00
1.062065702994512861e+00
1.345995070268528160e+00
1.090388720673046707e+00
1.131491739410303232e+00
1.473635085765679920e+00
1.421996281917353055e+00
1.134192241368625620e+00
1.104487975063877414e+00
1.162192267731183781e+00
1.665586507056681764e+00
1.466075681851968238e+00
1.753234214084383957e+00
1.515268586557634301e+00
1.396532416270222399e+00
1.254013898227361423e+00
1.307771326495094755e+00
1.063303396589075023e+00
1.323184534949288782e+00
1.613116915487855962e+00
1.578638447684453272e+00
2.067983012921970509e+00
1.847994629198260519e+00
1.531605315824274172e+00
1.391612667330144770e+00
8.616296089706887429e-01
7.713936654381687852e-01
7.062701369655032257e-01
7.977307207745127915e-01
8.276905344960167055e-01
7.845143441826208930e-01
1.544886796785314820e+00
1.585114779337108981e+00
9.746927295369065547e-01
1.279700196184487826e+00
1.406879026347272355e+00
1.135185221585310211e+00
1.004275208634442418e+00
8.806764332864411848e-01
1.907321671950799047e+00
1.615440494799649240e+00
1.256589652776457733e+00
1.152037735899953397e+00
1.412090135507956035e+00
1.246736901919363261e+00
1.314623093186819691e+00
1.107098274013499584e+00
1.167489737938915306e+00
8.467797897145157293e-01
1.575169103406226290e+00
1.376726908792528903e+00
1.306294416149319515e+00
1.393242995915665361e+00
1.552050151154880098e+00
1.877130485233639234e+00
9.902727952865313377e-01
1.322579205260680180e+00
1.115396430660267946e+00
1.170713434904057104e+00
1.150434728407480289e+00
1.256592621120626863e+00
1.017486681348093391e+00
1.527803828222574989e+00
1.498042609222789201e+00
1.508554382535992833e+00
1.158796012094892580e+00
1.077051731927900047e+00
2.188581809943896950e+00
1.321599176633582395e+00
1.026831645650600811e+00
1.043068477716899922e+00
1.158082329364708229e+00
7.678213474093604773e-01
1.016010600286593180e+00
1.133031404115046659e+00
2.087537372248216894e+00
1.711754129664624813e+00
1.386637088736767165e+00
1.304327815972488258e+00
1.604495671428020742e+00
1.212932231591731913e+00
2.544887967218167457e+00
1.591211130949746977e+00
1.377220655361411694e+00
1.069168583192038113e+00
9.199565638643195653e-01
9.479302134759127751e-01
1.198149202943239899e+00
1.131830694760358025e+00
8.984210500853053727e-01
1.392028739494038270e+00
1.206487123390702187e+00
1.174576888661858831e+00
1.287458081784175423e+00
1.304222708335354142e+00
9.761109144697168727e-01
9.725713454394404600e-01
1.070053455216895877e+00
1.042991595773839819e+00
1.461067152189292173e+00
1.355507890726017850e+00
1.125308107586774353e+00
9.814323981781405415e-01
1.292349021307331869e+00
1.931642506831531492e+00
1.605654355484209095e+00
1.315912588142535533e+00
9.818090838736526216e-01
1.084957622692855672e+00
9.275169158450740081e-01
7.977097668426619270e-01
9.618099906610886318e-01
1.225833348775906328e+00
1.181804541631561678e+00
1.128904563245558546e+00
1.082519969656996039e+00
1.320689190094834320e+00
1.343569199193180630e+00
1.364621376096417205e+00
1.163661437257701659e+00
1.711249894992977971e+00
8.543672437806276720e-01
9.821035823997527059e-01
7.690109673159510884e-01
9.011948091931949456e-01
6.796415212350821466e-01
6.739986315096886393e-01
8.413658926960407847e-01
1.108979029210422906e+00
1.237800044106544872e+00
1.037612406216842809e+00
1.166841191397120614e+00
1.351440172817958807e+00
9.684866884252016916e-01
7.200453851656005710e-01
8.299006504531329931e-01
1.079068536192071104e+00
6.647265241933293378e-01
9.955815573288513409e-01
1.500980277048179712e+00
1.506434834678608503e+00
8.368190043663203959e-01
8.357088618015136028e-01
1.428955028217726797e+00
9.207825161837231986e-01
1.037595501494273709e+00
1.117429403246563702e+00
1.366624526586102562e+00
1.402269317968469986e+00
1.273427168344995586e+00
1.378058865592135307e+00
1.320848690909663503e+00
1.196850726656837782e+00
1.361869988637770312e+00
1.735471411685657106e+00
1.628515958022908494e+00
1.220223067040261178e+00
1.016122134521610487e+00
8.858137963801779868e-01
1.499187407890367973e+00
1.142701418285116066e+00
1.442231563168198338e+00
1.008049870686830607e+00
8.406904717672378791e-01
8.768790119775311531e-01
9.095771149517616339e-01
9.974668726141163733e-01
9.629884342408547848e-01
6.775812306673238972e-01
1.211602040799430346e+00
8.433205805796825105e-01
1.140851540645525297e+00
1.130739645971285956e+00
1.188041752166724141e+00
1.277662661037629821e+00
1.157356711151006134e+00
1.265202226226627813e+00
6.457081026065942808e-01
7.804049375370795127e-01
9.193925120944772544e-01
6.909481338813588946e-01
1.110935068218027233e+00
1.077063107806413456e+00
1.416932694939529114e+00
1.355253413893050762e+00
1.226464028247896909e+00
1.542493578546410227e+00
1.617853317313123540e+00
1.968816309054826741e+00
1.898999901216004815e+00
1.055883207130907886e+00
1.186747554212526756e+00
1.657897842762070972e+00
1.257098495935005555e+00
1.568440686591996869e+00
1.260641593485543499e+00
1.044890358637760919e+00
1.885598471298369105e+00
1.209137772375175057e+00
1.551933663715441725e+00
1.114053554971927262e+00
1.275905437485105320e+00
7.178511599547091615e-01
1.338000604310862318e+00
1.175339722198497361e+00
1.380712421194953299e+00
1.084045648561650976e+00
1.349713996082031686e+00
1.433911504353202915e+00
1.584215588814757769e+00
1.241516747512870111e+00
1.272851951799897074e+00
1.526003801676524052e+00
1.175534190040430804e+00
7.873366352679167512e-01
1.165927778808418136e+00
1.173010458957447266e+00
9.026266564583516061e-01
9.044581147321737458e-01
1.110602133075401232e+00
1.072208638371519251e+00
9.201730198958752993e-01
1.014436259687528263e+00
1.215815875563246662e+00
8.435572240923762122e-01
1.696031933119955593e+00
1.869532414562103728e+00
8.861161407224122932e-01
1.099211199732862632e+00
1.118550261578303395e+00
1.131116595272401604e+00
1.101539566897702382e+00
1.157395356667499930e+00
5.867105019826113210e-01
8.180284968078355146e-01
1.077898770313037602e+00
1.081513294210408205e+00
1.345071460954180065e+00
1.462951341671489436e+00
1.346863323512950572e+00
1.266729015848447659e+00
1.211881725367417895e+00
1.467620310334326383e+00
8.226964413275078547e-01
9.924337439875000610e-01
8.088214167789835596e-01
1.291560022550482190e+00
1.268196327565355386e+00
9.927724171337881653e-01
5.898541705190702977e-01
9.819344758967845088e-01
1.168629202498698172e+00
1.060229372428033834e+00
7.577637614390966281e-01
1.215350649651069315e+00
1.037988456118824843e+00
1.025278074453612298e+00
1.253773388513814258e+00
1.361645996470769004e+00
1.085948189720852053e+00
1.249070618971072744e+00
1.174955401615854322e+00
8.050641623389993562e-01
1.458358880541416269e+00
1.074679331061076937e+00
1.080869825498888215e+00
1.104320625786807231e+00
1.489856419366263118e+00
1.679980196690002980e+00
1.216074014872527975e+00
9.426084163548191786e-01
9.861402146532503021e-01
1.338669085541922321e+00
1.717120423790957862e+00
1.316939335356346330e+00
1.122845425037611866e+00
8.403700776361824332e-01
1.030417268345090731e+00
1.181113550755947594e+00
1.023775047837237384e+00
1.117050065383095925e+00
1.180298481509768127e+00
8.222830758266422846e-01
7.571855193970031817e-01
1.017003538616074731e+00
2.060763362348838168e+00
1.652346073441113283e+00
9.870528503012719890e-01
1.049308026014058370e+00
1.355069951724444000e+00
8.441301049604548190e-01
1.355951180928808508e+00
1.423875257169217479e+00
1.406213091650743152e+00
1.099644780334762872e+00
1.319415737234449715e+00
1.809365292274908388e+00
1.388566122306147399e+00
1.137952451570633183e+00
1.444940556801309173e+00
1.452767732534949285e+00
1.333319910967394328e+00
1.298661316257537113e+00
9.745379715418529543e-01
9.939077534685344384e-01
1.108275352223653032e+00
9.536304315537844634e-01
1.185461060445088144e+00
1.148805918927878089e+00
1.215210168182957240e+00
1.121542962085557704e+00
1.105070282111403124e+00
1.128286615574289442e+00
9.547347325745494384e-01
1.239815073854636296e+00
1.269985549722366880e+00
1.188409640335145845e+00
1.452186821882381018e+00
1.548120854459180240e+00
1.118361490314979445e+00
1.829857866129290578e+00
1.363907290134242167e+00
1.275605060439002569e+00
1.734295207749402490e+00
1.949210664971806395e+00
1.017718910830113233e+00
8.993362774833042472e-01
1.254060287115705163e+00
1.300485781870147850e+00
1.636190853735462136e+00
1.322846054730978160e+00
1.210677223335439479e+00
1.118957209774699590e+00
1.247390226951823777e+00
6.791240653235242064e-01
1.239270351278440652e+00
1.386390274149098989e+00
1.446542493339326718e+00
1.260447682077237230e+00
1.484183211289467064e+00
1.481080994595259881e+00
1.213087697702059931e+00
1.100375265836474936e+00
1.037533148183202414e+00
8.756799716143883749e-01
1.400509321998642198e+00
1.013094964055200720e+00
1.444361189537578305e+00
1.220636039921655591e+00
5.768065303110396780e-01
7.085813103057552187e-01
1.061612438234646572e+00
9.165058981663289916e-01
1.391602120080844385e+00
7.415860919468022505e-01
1.423606704035797588e+00
9.109121785318818887e-01
1.529955357213217848e+00
1.416591706869879008e+00
1.149806027630015270e+00
1.114396933989001637e+00
1.321025863258227018e+00
1.366696335651364613e+00
1.010939005508992627e+00
1.284419670329176366e+00
9.791643237443936609e-01
1.379657348732210131e+00
1.243799544378278998e+00
1.281046035017486817e+00
1.623480240989298551e+00
9.001768839271093725e-01
9.866658118438011993e-01
1.001230051782710406e+00
9.025491686972930694e-01
6.291663695248748134e-01
1.769042583742010510e+00
1.765164197231373189e+00
2.046708238986727935e+00
1.236864936648792934e+00
1.039777382181783061e+00
1.548994643101993418e+00
1.232182249310785682e+00
9.775064798514530029e-01
1.654500787295865916e+00
1.282468839577519004e+00
1.163982944615807202e+00
8.671384243420127147e-01
1.046442334363681503e+00
9.224582798482778845e-01
1.319049374616159565e+00
1.101664711253544038e+00
1.362102794006031070e+00
1.036133307468265263e+00
6.369690861154386763e-01
8.729715471854480047e-01
1.586650471361143788e+00
8.299988440866351569e-01
1.243737018796822635e+00
1.509487402167216885e+00
9.603574989629611869e-01
1.346764082504137594e+00
1.078838159388245455e+00
1.360693938162684358e+00
1.509302277045458496e+00
1.899171866525049213e+00
1.090238002692119679e+00
8.235269599420975695e-01
1.523449799323525200e+00
1.001207168581557783e+00
8.144907352884243057e-01
1.130348024838916832e+00
6.178774508947557642e-01
1.254159443689215614e+00
9.356412566716416634e-01
1.064816425683836165e+00
1.354108965245149454e+00
1.282423206658050319e+00
1.216302632165886299e+00
1.449063484273129587e+00
1.252227991998986489e+00
1.035221741735136813e+00
1.316308075247490272e+00
1.673512197135909929e+00
1.320104723347077957e+00
1.272556272143253064e+00
1.114159573750908017e+00
1.187790267276201961e+00
9.389784850913720504e-01
1.243051262976572424e+00
8.030591848778966257e-01
9.420274083999174985e-01
1.171088317713704585e+00
9.951423840847423152e-01
6.964075954190360740e-01
7.714562558497117806e-01
1.577664373663809183e+00
1.688082115745823009e+00
1.286638858837651611e+00
1.156008666174475730e+00
1.149603791937768626e+00
1.236560733005279467e+00
1.701238406792866975e+00
1.652117008390706410e+00
1.000324223241709110e+00
1.283067094231975735e+00
1.091171932663283606e+00
1.382672461410524800e+00
9.653750456415544079e-01
8.389841449638207882e-01
1.335181054623158836e+00
1.429511586212086183e+00
1.121515646200971439e+00
1.289967763224311170e+00
1.236756365123001133e+00
1.356953172536150554e+00
7.418027249144735213e-01
7.283447688660962260e-01
1.126565861045965011e+00
9.784922883303374119e-01
1.075470244495618122e+00
1.343541721287745183e+00
8.807991838263162787e-01
1.301027350529535553e+00
9.988404124949459284e-01
1.005422329909070545e+00
1.011051050860114042e+00
7.775287838266813356e-01
1.324982975739832591e+00
1.737813211580181871e+00
1.125880670423655694e+00
1.441329811361635516e+00
1.252172081840376761e+00
1.004736410479801778e+00
1.072804394361428049e+00
9.102158454418690647e-01
1.117261143007017399e+00
1.149058858415582751e+00
1.240096730536948577e+00
1.167179356971348891e+00
1.023866242408682847e+00
1.253363567560861203e+00
1.569254697361608386e+00
1.207111482825442783e+00
8.380840749260249911e-01
1.033022282256453872e+00
1.009497525410631757e+00
8.363000952984629421e-01
1.130026435886186231e+00
8.935542839251198188e-01
1.264677567440753991e+00
1.782272721527392356e+00
1.080721320566897736e+00
1.064551079311476967e+00
1.370788327090058267e+00
1.792054736304175666e+00
2.167093054719435141e+00
1.455562405812452109e+00
1.488057882594644887e+00
1.427783346533103126e+00
1.277060941229456681e+00
1.288624104130518866e+00
9.594581344787543875e-01
1.145206370675984076e+00
1.267985877295446873e+00
1.393370715283536176e+00
1.218956160735255922e+00
1.561641687156102076e+00
1.358020955945571817e+00
1.356040520504830038e+00
1.572373529573250162e+00
1.539163058099237258e+00
1.225085184784833636e+00
9.719317632690840369e-01
1.165694522900946994e+00
1.259988889435557535e+00
1.246912109017277004e+00
1.104080684806770130e+00
1.135716816049117783e+00
1.064038760347499446e+00
1.074970624844753475e+00
1.110587138751294001e+00
1.107407388064582721e+00
9.705622840307449595e-01
1.226851131510073190e+00
1.588975769251707693e+00
1.791463424763910073e+00
1.362137789233623053e+00
1.516934099441033190e+00
1.295321564508263634e+00
1.132398066890235144e+00
1.021298857290463102e+00
9.818661931893484240e-01
9.820406635862618527e-01
1.255534484165885090e+00
1.584834855055197167e+00
1.159198794723236503e+00
1.475251193791323523e+00
1.600798113864117633e+00
1.650714774570029464e+00
1.797925890804732862e+00
1.697414380929431754e+00
1.112902801011026233e+00
1.184163353233563143e+00
1.079084578012331708e+00
1.108791262478418638e+00
1.330958443309646189e+00
1.402638285785357208e+00
1.456251002769191505e+00
1.222854997667055521e+00
1.114770305196216338e+00
1.621084768520486552e+00
1.526588212215875373e+00
1.028716276695798237e+00
1.145918647151581204e+00
1.162046770514775673e+00
1.106913295228467042e+00
9.574919528802214863e-01
1.358226984150710859e+00
7.787098869741424512e-01
1.589398841229431092e+00
1.788346867501485971e+00
2.046832045655476495e+00
1.795918449762032632e+00
1.472458965826373145e+00
1.267833439093657866e+00
1.213772731240077896e+00
1.371331136467014211e+00
1.305789361487163625e+00
1.126795967225779460e+00
1.319878095854003730e+00
1.541152576772548244e+00
1.399943912842588345e+00
2.135643621206360088e+00
1.394040093558634785e+00
1.164249067122134607e+00
1.368229799229137900e+00
1.755706833312044690e+00
9.789577323637570494e-01
1.150042791081392179e+00
1.332492361568190731e+00
1.425801286242017296e+00
1.637228348119666776e+00
1.651864945365873361e+00
1.427739313039295688e+00
1.054947974235745933e+00
1.359172776800385174e+00
1.673988052115726433e+00
1.705562338955168400e+00
1.882489116403995633e+00
2.151659936738696821e+00
1.280307379119280720e+00
2.301806743184101833e+00
1.813599024544120919e+00
1.756023258761865602e+00
1.390250826288526032e+00
1.538391839349424028e+00
1.496267071725917663e+00
1.778346380601165677e+00
1.504464098476589795e+00
1.889185479874036178e+00
1.936454711678520235e+00
1.663472809229758820e+00
1.619907624597642704e+00
1.366721117088822046e+00
1.829090435967620998e+00
1.316027182726823286e+00
1.480421155764848340e+00
1.806585515739710379e+00
1.568413208188232044e+00
1.246524660281925767e+00
1.646294237388730597e+00
1.926833187531727276e+00
1.841306472955270834e+00
1.826916347003201047e+00
1.802658452495446095e+00
1.167115688847963018e+00
1.728214906856659017e+00
1.182191421556785249e+00
1.355160660156664809e+00
1.327693451449152295e+00
1.782566472861269125e+00
1.462553970601303099e+00
1.403358812824425206e+00
2.280032923031660719e+00
1.888203002480091541e+00
1.672811788853294512e+00
1.732688387690055620e+00
1.581076161058581953e+00
1.523271110723515509e+00
1.305503458967979036e+00
1.537252884252914509e+00
1.403454619994974450e+00
1.359195003544617864e+00
1.874789721858715952e+00
2.060505706978399409e+00
9.348597832314827771e-01
1.297679665743935118e+00
1.192246353189440944e+00
1.020253595516116052e+00
1.514621228936046782e+00
1.996551601376968410e+00
2.187542051390874320e+00
2.182591389197937826e+00
2.278926652725767443e+00
2.124782443976636515e+00
9.345689969625645688e-01
1.164181021824078677e+00
1.688306531235826746e+00
1.304383616123762302e+00
1.071343655076850254e+00
1.168820331368701115e+00
1.461949937886732442e+00
1.423598708062359552e+00
1.244573240490319588e+00
1.271704928965316395e+00
2.082805379744087748e+00
1.945252374450717969e+00
1.207721283545984292e+00
1.441369470909934503e+00
1.746639089475528817e+00
1.512437056171255900e+00
7.082282218807810503e-01
5.684091048932762291e-01
9.952611069854303549e-01
9.174893657759821686e-01
1.723237823574802707e+00
1.661078079914168226e+00
1.648838439281170132e+00
2.001649814217395296e+00
1.157603394720594814e+00
1.926416948579843247e+00
1.111987580083934279e+00
1.126853028286745717e+00
1.286545879132983572e+00
1.280303668368609760e+00
1.306490752871166450e+00
1.380006206686637205e+00
2.681321003396851310e+00
2.786686192989631827e+00
1.285261043818428650e+00
1.624103526639989470e+00
1.359541911365889089e+00
1.174896561037301002e+00
1.009547793199749854e+00
1.022369667374236180e+00
9.558586498695164080e-01
1.398084383274471154e+00
9.705899245824540778e-01
9.920228181185872796e-01
1.219711384397961229e+00
1.158505410200793007e+00
1.078706745347121077e+00
9.002226430448789785e-01
1.016518007698990367e+00
7.565556919860618734e-01
1.539128472337914610e+00
1.251877990390759088e+00
1.081548979133654331e+00
9.281585775063243560e-01
1.050920319685886062e+00
9.850292953369067517e-01
1.437991392737987040e+00
1.015455670206229621e+00
1.579410971013120779e+00
1.423505902611742702e+00
1.187440152145266214e+00
8.387234191882596557e-01
9.337808159397854579e-01
8.757815886280071460e-01
1.459426570079930707e+00
1.156753986741526408e+00
1.238066689296208667e+00
1.463196163384661297e+00
1.250392906225975764e+00
9.623156644785961777e-01
1.018933821385323402e+00
1.168991710685845842e+00
1.181626343009936964e+00
1.649945049724208967e+00
8.987042826488540470e-01
9.828055123272638749e-01
1.422067710662310080e+00
1.385265266776912307e+00
1.085531281993728836e+00
1.268157999279607928e+00
