5.450341197982241370e-01
4.030641793399803441e-01
1.052900446773169740e+00
8.123215617773464903e-01
1.429817277196869352e+00
1.582000953721408365e+00
9.096297299249651580e-01
1.317526894003051563e+00
1.038562726051753593e+00
8.795782302068207992e-01
1.231710386974051108e+00
8.908440835439150884e-01
5.419093188041739229e-01
8.614107694973908158e-01
8.827161260854398117e-01
9.225440094614570929e-01
9.045502524763404661e-01
5.665490888219978372e-01
9.479471231441534140e-01
1.056224710604761752e+00
8.781611802071498385e-01
8.330766271972038783e-01
1.083627274952623676e+00
1.031525278297164894e+00
1.128175005508748052e+00
9.476141076184183554e-01
1.011322274694040235e+00
1.078303990193471229e+00
9.200694484827085518e-01
1.164881942544852444e+00
1.325669348424388438e+00
1.226117534516172558e+00
9.544359062389560222e-01
7.589048498652316566e-01
1.498714964659232152e+00
1.214387557005937479e+00
1.197244472559793271e+00
1.063350954147952887e+00
1.057753872290830621e+00
1.315233623736522972e+00
1.173621909195130097e+00
8.791690307371939905e-01
1.242153241963176669e+00
9.112457596683181116e-01
2.041581998989328017e+00
8.751020596815162200e-01
1.458602426881890679e+00
1.307255626994852982e+00
1.105477036320709594e+00
1.199967608047205481e+00
1.083995218973083263e+00
9.253205211423423115e-01
1.339966240776806039e+00
1.143168880962658562e+00
1.525026742962664716e+00
1.733220087188239944e+00
1.452004987296686478e+00
1.399887426103059163e+00
1.121309611273903384e+00
1.276270495546255823e+00
7.373745950793436643e-01
7.098227928400661080e-01
7.856891571044624101e-01
8.586453638807491906e-01
1.446906629964828550e+00
1.478699155844869662e+00
1.721287866536425515e+00
1.777342675766811597e+00
9.263248592463684261e-01
1.296999523329417148e+00
9.818007880350458905e-01
1.222123637452687372e+00
1.588239537983501926e+00
1.529955983238381556e+00
2.027345858361331299e+00
1.487614820051119224e+00
1.099767685821681162e+00
1.156201558460668632e+00
1.137740842541229647e+00
1.208289247872739836e+00
1.621058732356437826e+00
1.178047184065268205e+00
1.495476574632543798e+00
1.974080044630493802e+00
1.079941511781883801e+00
1.034898298388639448e+00
1.124988059924015626e+00
1.344960111945488812e+00
1.341767709696964017e+00
1.238190286817877794e+00
1.316192114568067950e+00
8.930664537973455053e-01
1.429226299086749918e+00
1.546077733337148263e+00
1.398700345445794468e+00
1.560840280669797409e+00
1.688071746114299554e+00
1.240903262195959256e+00
1.197325040144568753e+00
1.186491013175820175e+00
1.115074090967937304e+00
9.868806051117253730e-01
1.022446378339890494e+00
1.636777913051873590e+00
9.259391242852255122e-01
1.178181123644075790e+00
1.303837284029787602e+00
1.456856447721857073e+00
1.643440494730901813e+00
1.268694853060511996e+00
1.911024373262475651e+00
9.447139524565222324e-01
7.596713992413703931e-01
7.591303731045797587e-01
1.528082286657182154e+00
1.188734940820884267e+00
1.435464776537773268e+00
9.244561590749316160e-01
8.841106826835533061e-01
1.059810641597836334e+00
9.987413464020079568e-01
1.007908087109707473e+00
9.827735021864489884e-01
1.180909689432754206e+00
1.194560400110318277e+00
8.552686786783079143e-01
1.402046308834997923e+00
1.456534747730112045e+00
1.306529594693198071e+00
1.201021824807820160e+00
1.521693556091959554e+00
1.719134952310916287e+00
1.494068138646960975e+00
1.598183227216996460e+00
1.138714378284972684e+00
1.106922454295503844e+00
1.216527127772989658e+00
1.065651246876884839e+00
1.264011280003473958e+00
7.160487471620133881e-01
1.243248394533203349e+00
1.402640816201689677e+00
1.731455090391721408e+00
1.304611203978867762e+00
1.419504544242042865e+00
1.143320574673027501e+00
6.642901509326679665e-01
6.631597137013063303e-01
9.256657707700430837e-01
1.094120282169847469e+00
7.418774279454676268e-01
9.053220667692770673e-01
1.213608466941256347e+00
1.313719954664835710e+00
1.021472766878863236e+00
1.384051456264736579e+00
1.301597407047184740e+00
1.369555900555019523e+00
8.149641863595080693e-01
7.947513861009871672e-01
2.977860643360514814e+00
4.218355025939465541e+00
5.187728673677325375e+00
4.631939537243926708e+00
3.823543750778393147e+00
3.083133238701132761e+00
3.463006131887185646e+00
3.836898742090724568e+00
3.184162169273760057e+00
3.430914127281279313e+00
6.548259318525918360e+00
5.721705044895866621e+00
4.946662000817468652e+00
7.403291376933061940e+00
6.572146664652211534e+00
6.666930820598259366e+00
6.366513496483719337e+00
7.364884245008880725e+00
8.072958288090678280e+00
8.340424798855682553e+00
6.753717021672457577e+00
8.860320725015112586e+00
8.975184412851490379e+00
8.288873533242794522e+00
1.037287147462045311e+01
6.930861498327425707e+00
7.015317710462516843e+00
7.556608571813764996e+00
9.042449741044093159e+00
9.218522014501823847e+00
7.851831255892831152e+00
8.107844341000514987e+00
7.165796526500990637e+00
7.821674499554825744e+00
9.081517266117783649e+00
9.233833372901337100e+00
8.535627958284221606e+00
7.733623215096079306e+00
7.542416974711828814e+00
7.775860733196351404e+00
5.624399276188123409e+00
6.333358090544116692e+00
5.904705750696402689e+00
5.574660057860612028e+00
3.995790439224214730e+00
4.143871096133826981e+00
4.912909321207580504e+00
4.804969768839793431e+00
4.182982921581566593e+00
3.843311341849243057e+00
4.154130335276208896e+00
4.275181922848060978e+00
4.059224634195693682e+00
3.946808514066443063e+00
3.811463421591240852e+00
4.408744946905745365e+00
3.737449422343803729e+00
4.635080672507021049e+00
3.741537478909730652e+00
3.969573000156580989e+00
4.156206717697813247e+00
4.303224270713558397e+00
3.623635427689523958e+00
5.012673889042140729e+00
4.781470647226901960e+00
4.424255315392366050e+00
3.884396457355667298e+00
4.193834837456633657e+00
4.329382932497542136e+00
4.296497444085122908e+00
4.051687555480624425e+00
4.437284601973542131e+00
3.873906122451407974e+00
5.368292182938420254e+00
5.970167499180199400e+00
6.045136746601653677e+00
6.113174426429413444e+00
5.796717897731916480e+00
5.203239103057473613e+00
4.918453254214322889e+00
6.131469705401189074e+00
6.238560536810637380e+00
5.709428117102828715e+00
6.260116541484553210e+00
5.998774665920882043e+00
5.167031665363618131e+00
5.235598243039918387e+00
4.618925483014391098e+00
5.285260628341340805e+00
6.001338231590805705e+00
5.585110917985664614e+00
5.192269902688749106e+00
6.490335601771583640e+00
5.632095827747456873e+00
6.343954737929284882e+00
5.068425524153836292e+00
4.466783473196377585e+00
4.888793663142950052e+00
5.092469154293219447e+00
5.704493677469918644e+00
5.205817416440684298e+00
4.585911201784496072e+00
5.801265249871315532e+00
4.990886695564607400e+00
4.766205363421761376e+00
5.330853837721368116e+00
6.157778729034600218e+00
6.041014601614110191e+00
5.809795714949057555e+00
5.196113387215351764e+00
6.730755318915457863e+00
7.507135003692235742e+00
7.581420261082305601e+00
6.531477863193506650e+00
6.095219518544904957e+00
6.533204332831227035e+00
6.402005456950387696e+00
6.016356730727282276e+00
5.917988821375254282e+00
5.848203241597321522e+00
5.994274005512212788e+00
6.150160459087219422e+00
5.672119364410213471e+00
6.476109144182388810e+00
7.037499573692350907e+00
5.809438963299855985e+00
5.255635237492242595e+00
5.221271738896744452e+00
6.405458585546533357e+00
7.220559750463111826e+00
4.313450895359048687e+00
4.696172227055784631e+00
5.203561566404374616e+00
5.562533698137420934e+00
5.574321880715002564e+00
3.463359359075757204e+00
3.905956752545757027e+00
4.380310942595405876e+00
4.269806401145816999e+00
4.632932258847345608e+00
2.995755950202741325e+00
3.297806836778570450e+00
3.684681723760001137e+00
3.783347929793180242e+00
4.482008676685927284e+00
3.271671303363810956e+00
3.424301699410477795e+00
3.485542039732585362e+00
3.669555147778384097e+00
4.177479038678226786e+00
4.129667682316538802e+00
3.898438004940286916e+00
3.846421527536856289e+00
4.260515600069102682e+00
4.440373902485888813e+00
3.442694561268520470e+00
3.811194437112045641e+00
3.757441446594836698e+00
4.070596863266967347e+00
4.225319060818951478e+00
3.309258293029934350e+00
3.177926110017220918e+00
3.071884296827610328e+00
3.577985412054907943e+00
3.085520587552662342e+00
3.180965770128865167e+00
3.681611721233769785e+00
3.629771425316529410e+00
3.368872614757375317e+00
3.031236909292862158e+00
3.058690981868044112e+00
2.711073859652112894e+00
3.124327434498463951e+00
3.075647504480168770e+00
2.792560979333135407e+00
3.222791084038834075e+00
3.182548278067883096e+00
2.568983131016842503e+00
3.227829384523408507e+00
3.627358015650420597e+00
2.066010123139905286e+00
2.414839010100263472e+00
2.366767615018108728e+00
3.138886499797479246e+00
3.032084842216605569e+00
2.693327962679530785e+00
3.013861261342270836e+00
2.948809741643677818e+00
2.297293607275068261e+00
2.140221295323994521e+00
1.970303312029411558e+00
2.265908581257858323e+00
2.086944384384638695e+00
1.725712062728981255e+00
1.677642495861369820e+00
1.560634418579286642e+00
1.811963607756477801e+00
2.360691140166355950e+00
2.471409383536839144e+00
2.786158546202019970e+00
2.722090870330402534e+00
2.683386325863244437e+00
1.601443342510133538e+00
1.561486313062489639e+00
1.973504378562685790e+00
1.712212339920258231e+00
1.602187781882801643e+00
1.211902961896569320e+00
1.528853724424500182e+00
1.957346818777335518e+00
1.564123135422325062e+00
2.710846011106300857e+00
1.818445126013449098e+00
1.658159583974733398e+00
2.691844916963866741e+00
1.690797074548247680e+00
1.577818613118419755e+00
1.483458341374867651e+00
2.039978275669529051e+00
1.481726117978142021e+00
1.539777676439546994e+00
1.767920043050273726e+00
1.398982908120731672e+00
1.812457246415030365e+00
1.395243134274782637e+00
1.640699778152308053e+00
1.846015964110506058e+00
1.991640997633819632e+00
2.320334228985056590e+00
2.020094365304241357e+00
1.776537273283833596e+00
1.684034066094964421e+00
1.150448688414023923e+00
1.274608542608067774e+00
1.436170946198509490e+00
1.252361972718075922e+00
1.438315313935096151e+00
1.882876150910877788e+00
1.685181203825728780e+00
1.637796794965301839e+00
1.964018368078245258e+00
1.977175185480184005e+00
1.973276474966647154e+00
1.664222680832209145e+00
1.836829246862734077e+00
2.457400197966646882e+00
1.524774067970380509e+00
1.596226131084562017e+00
1.287047734735686788e+00
1.521153932761069250e+00
1.330828394816159443e+00
1.554197468999897414e+00
1.707496805224557823e+00
1.936315396846923775e+00
1.822967296986813590e+00
1.239811022764548243e+00
1.008381664943237999e+00
1.533801570315601825e+00
1.349584583589480413e+00
1.166691257956957717e+00
9.306116466199287895e-01
1.210551797576288280e+00
1.188835938702562656e+00
1.473148950990942563e+00
1.579864518925632622e+00
1.447415466468523260e+00
1.461986644693464177e+00
1.592572398266831168e+00
1.860996167648601762e+00
1.940935156403783557e+00
1.066737779046181611e+00
1.222038430117760921e+00
1.450788063996296007e+00
1.507354317445937841e+00
1.153668373493194732e+00
1.551320260501565684e+00
1.801816028242195999e+00
1.433370326762856806e+00
1.497675295664901762e+00
1.783366110106006985e+00
1.275278284776016235e+00
1.735879888523597980e+00
1.150885211546782028e+00
1.056373642758511089e+00
1.188085307032748172e+00
1.657244958419623160e+00
2.022523105990105208e+00
1.324840451744679015e+00
2.066081930264168420e+00
1.677963139093640921e+00
2.113661578887092496e+00
1.498470323732680409e+00
1.731820591426399547e+00
1.689259818907521415e+00
1.294665013222203953e+00
1.935416691234700171e+00
1.319074918655323447e+00
1.561682537604040188e+00
1.552006205024276886e+00
1.964009073256144600e+00
1.389153840712050947e+00
1.333772423874384216e+00
1.487164110021709673e+00
1.501888144868100738e+00
1.750130121657042626e+00
1.464056201662451207e+00
1.550560682612506458e+00
1.945903506710132902e+00
1.674899398238379078e+00
1.170651802252356211e+00
1.496366615423613489e+00
1.535738296178199125e+00
1.645230692970118813e+00
1.137877470591684315e+00
1.263158129410285824e+00
1.547086691353003474e+00
2.152674287884145166e+00
1.466528742827251541e+00
1.948058545480352954e+00
2.208148834555717421e+00
2.167557898932765514e+00
2.010934065423509498e+00
1.507790337797172864e+00
1.651598175183711659e+00
1.504578301087322156e+00
1.575571925542543772e+00
1.422356368266444626e+00
1.158102797043391918e+00
1.972248047234205437e+00
2.183527509326796068e+00
2.363522323800959057e+00
1.949024505895343040e+00
2.110287909365140102e+00
1.781535279909688629e+00
1.221254439736915387e+00
1.409434151764489718e+00
1.307701532434212943e+00
1.270134813978971433e+00
9.098003920250019583e-01
1.166176802192683937e+00
1.442310594762663545e+00
1.456484288819223538e+00
1.685521040007413873e+00
1.268385434637452125e+00
1.474258728075456215e+00
1.422556770129913550e+00
1.647768068870823388e+00
1.499993015386558604e+00
1.458329318158267940e+00
1.715039144491439682e+00
1.479670274790017226e+00
1.175104764972038751e+00
1.467166095149302407e+00
1.441113393493351769e+00
1.702784694521757736e+00
1.530873194538287185e+00
1.835650381201776593e+00
1.751680573265998797e+00
2.455296046345099459e+00
2.492295782711110519e+00
2.301365270028386423e+00
2.073947892488466671e+00
1.856776282514981835e+00
2.231897676407220921e+00
1.969824434381484135e+00
2.139161054768110581e+00
1.368113613915950211e+00
1.193661872682130642e+00
1.445673487587469275e+00
1.414343284733801998e+00
1.979287558773512590e+00
1.745667703874854482e+00
1.843161553147745435e+00
2.091090402407456139e+00
1.584082372237185288e+00
1.459898913276116872e+00
1.662183720482342864e+00
1.665692570601162492e+00
1.976499377850344352e+00
1.933274853920526892e+00
1.467080942817219125e+00
1.260735685564596809e+00
1.357708606493667869e+00
1.380683034506908324e+00
1.185422207945561635e+00
1.547141531630903177e+00
1.253615660449919122e+00
1.373936496821157593e+00
1.552460961007059659e+00
1.469366774537970599e+00
1.274716503911220045e+00
1.559565900559920060e+00
1.127856005409003437e+00
1.064737651739536606e+00
1.320329964126042643e+00
1.886420160532649160e+00
1.861267379580000325e+00
1.492550781498002355e+00
1.066456405624689019e+00
1.303955938357316935e+00
1.585557869240535656e+00
1.284784102773648407e+00
1.150071100845262206e+00
1.156920255414116472e+00
1.097191820429658904e+00
1.221277620633113958e+00
1.307260699034221485e+00
1.303135842842723324e+00
1.703953458378804076e+00
1.672127048310167563e+00
1.330697618064450083e+00
1.168512184162779910e+00
1.265823492549735363e+00
1.514573360775749444e+00
2.163323258543344174e+00
1.604659951018464259e+00
1.325304935619244784e+00
1.532023928795953616e+00
1.628232985116412790e+00
1.549046768666613616e+00
1.254915263744341924e+00
1.024807138959758390e+00
1.590810909136983753e+00
1.332012538449079742e+00
1.242128176458047628e+00
1.018760629759548397e+00
1.033950902319747289e+00
1.393531855959672328e+00
1.522748862391939628e+00
1.433506144073749766e+00
1.723193022082714743e+00
1.556800747388713990e+00
1.545488776478880055e+00
1.499553455392812484e+00
1.666677377365732848e+00
1.946509809537000146e+00
1.469657630986093366e+00
1.677123414451826111e+00
1.924753794362220383e+00
1.719991716344108745e+00
1.040002208003486972e+00
1.385673248574153194e+00
1.385792777009838161e+00
1.157649575291832322e+00
1.524943731167427430e+00
2.144074788861444425e+00
1.599397365783689073e+00
2.086680225320556303e+00
1.789820151050691255e+00
1.966691606014932425e+00
1.511695941354727957e+00
1.582190654574741506e+00
1.657266112379892853e+00
1.833563920498493260e+00
1.200065763714705636e+00
1.188898820113497568e+00
1.124957869538063759e+00
1.723999095259717951e+00
1.393084796569992623e+00
1.496866672738786708e+00
2.314766932720799808e+00
1.992458675227436249e+00
1.712764515187089387e+00
1.413823113009924137e+00
1.663144222463099009e+00
1.543282644038620033e+00
2.123018324265383949e+00
1.673839058118067546e+00
1.799026350850692957e+00
1.663408096214049836e+00
1.371080749817128241e+00
1.375428286093477226e+00
1.140889043649800705e+00
1.083315485939593037e+00
1.494386737403325283e+00
1.474784804563482599e+00
1.364172832503130817e+00
1.296060736689455428e+00
1.229471193634922077e+00
8.970767519616308361e-01
2.104297232805559581e+00
1.642244654102200441e+00
1.911828431853838328e+00
1.309414686547044182e+00
1.322429806587816170e+00
1.134871251474097065e+00
1.128983173079183056e+00
1.139863035142197889e+00
1.039760545272094827e+00
9.857071464464775001e-01
1.706536477369641647e+00
1.206949672734158652e+00
1.454675457489990720e+00
1.665872439214433065e+00
1.546797166880802932e+00
1.431680513666206300e+00
1.898030795997561970e+00
1.603445202478920528e+00
1.020159847254112684e+00
1.668013488658489418e+00
1.174529572986850123e+00
1.256490730845371440e+00
1.611163890376909213e+00
1.823914341312288467e+00
1.860212927954670192e+00
1.504207011873643030e+00
1.621728105164726763e+00
2.116684903338544643e+00
1.842577474180549180e+00
1.971442189154214653e+00
1.647869081017163895e+00
1.801340055455383560e+00
1.696497282816129548e+00
1.479702834859129901e+00
1.506222306277932521e+00
1.594606803182126109e+00
1.577344633879838920e+00
1.682679890658770550e+00
1.083267398191034792e+00
8.785872736117019688e-01
1.285043724070436433e+00
1.464661066340531503e+00
1.769716303828766213e+00
1.476464287334326331e+00
1.330842066573572069e+00
1.177483588683654769e+00
1.463846095545385806e+00
1.509065562895770984e+00
1.437128209334920248e+00
1.674370413591803164e+00
1.176959306528271298e+00
1.238590360884714192e+00
1.242332281067277666e+00
1.585801528157129603e+00
2.127418739555209992e+00
1.719056818870358327e+00
1.864390208236462954e+00
1.334409692259994618e+00
1.289168213652764239e+00
1.400585853483827581e+00
1.979614416393711496e+00
2.260694397452241322e+00
1.429924562948336142e+00
1.232269721351855418e+00
1.667471974697018799e+00
1.689825556361669978e+00
1.768112011647511306e+00
1.590240003550732029e+00
1.826922629231748640e+00
1.823413427608985282e+00
1.382500505037069338e+00
1.342476261692950867e+00
1.603391595983722828e+00
1.841903945493309491e+00
2.069479669190129378e+00
1.564725443924419146e+00
1.312754012864745690e+00
1.559820423749446183e+00
1.278861073625382705e+00
1.277999774839116753e+00
1.162507015217009831e+00
1.144587003892979737e+00
1.275383475577523074e+00
7.292830699296031227e-01
1.393024163881826816e+00
1.436043240704156565e+00
1.417744443761235207e+00
1.041269453047938054e+00
1.862946236509182008e+00
1.631392999892870233e+00
1.458370499274894261e+00
1.378884561424808641e+00
1.514254732872958531e+00
1.368249131138854935e+00
1.665888974679649914e+00
1.801015515355841146e+00
1.603034001922451601e+00
1.517694170703914214e+00
1.457263158852314833e+00
1.742606938556115370e+00
1.435746614312787717e+00
1.438463556690741996e+00
1.361483899169539269e+00
1.194039526180443955e+00
1.215048098466786630e+00
1.228006490728407840e+00
1.400739908081824803e+00
1.162178982445555508e+00
1.207825331095268018e+00
8.875791448142895668e-01
1.480012351752715505e+00
1.250204437820649384e+00
1.706723604040698783e+00
1.366102268509215012e+00
1.427432886279686564e+00
1.783754240119765910e+00
1.413383774129529868e+00
1.617504074701420214e+00
1.581263611069863906e+00
1.458801274249627244e+00
1.416714873010291420e+00
1.219036457601447854e+00
1.147786527736591289e+00
1.059614827915587920e+00
9.566709570280326203e-01
1.291097488773808255e+00
1.512845754041193924e+00
1.792351146030923381e+00
1.183865045782682923e+00
1.264200990532761359e+00
1.788710586819897363e+00
1.473043725314961971e+00
1.858335739610606385e+00
1.700988901567866085e+00
1.689749959952509872e+00
1.277872594898395331e+00
1.804371463703099865e+00
2.150897571819509135e+00
1.093753767667971166e+00
1.288320070455291066e+00
1.168711978282989117e+00
1.359578170745767478e+00
1.356800308856568549e+00
1.091868667807032844e+00
1.733353408066565349e+00
1.559935182815501920e+00
1.428474052992457777e+00
1.569833792851723420e+00
1.168190948315409816e+00
1.329358820035804634e+00
1.200812820095183309e+00
1.457404616311726020e+00
1.552184958654565072e+00
1.390533276300214283e+00
1.373129870100785688e+00
1.097284262322512749e+00
1.330646015158805318e+00
1.071205270332955983e+00
1.260885282455864509e+00
1.107682144008774960e+00
9.758459869475506476e-01
1.228471196350688244e+00
1.187834406670006171e+00
1.205996585755394923e+00
1.243954538672922716e+00
1.174937369328557413e+00
1.130772983903456153e+00
9.568634897616790091e-01
1.141473915802891703e+00
1.301377253478703366e+00
1.633391540459844693e+00
1.550422312993490870e+00
1.656365110950943187e+00
1.458523730433583410e+00
1.924245767145914998e+00
1.943312862207400293e+00
1.356879176751002447e+00
1.424749828800672358e+00
1.233299737107315330e+00
1.041081468383767028e+00
1.311847572912905324e+00
1.550700916362836246e+00
1.402557890241233896e+00
1.534843655321329603e+00
1.816043367070312886e+00
1.311712925709715538e+00
2.063300719187119547e+00
1.782200198768591592e+00
1.560496890332586872e+00
1.413944853225304943e+00
1.257431269754056835e+00
1.253371913525601844e+00
1.182649312330919411e+00
1.210498890888213275e+00
1.804116085098571576e+00
1.138165159057173526e+00
1.631483700482581956e+00
1.897877417981949311e+00
1.735325675559924896e+00
1.933744976967156415e+00
2.109019979153908597e+00
1.663473164540904214e+00
1.074075894435707612e+00
1.412954034128065306e+00
1.239677647396322691e+00
1.307338931192050246e+00
1.192710706800732545e+00
1.441909773575281273e+00
1.968046833128811013e+00
1.702131961829250084e+00
1.347259631532660151e+00
1.211420022532907481e+00
1.424519261442546147e+00
2.039205461801127495e+00
1.677312729906045519e+00
1.383905128112645100e+00
1.240771823789060146e+00
1.501694736590497126e+00
1.342383698804518133e+00
1.283834483390496883e+00
1.119787177553219770e+00
1.032616199818976233e+00
1.501256916197009739e+00
1.870217036123294374e+00
1.508090891410145407e+00
1.561053304883500914e+00
1.494149288168514111e+00
1.467576486918896750e+00
1.660808250995138735e+00
1.547142577523369145e+00
1.870337268504580930e+00
1.461421674057383768e+00
1.455048858146674728e+00
1.516676246825036545e+00
1.480263669688299366e+00
1.820546695705046458e+00
1.681740201953604963e+00
2.066439117757922439e+00
1.439342002814594679e+00
1.575235853347594528e+00
1.236437228507548447e+00
1.343179675971000187e+00
2.067842720983868343e+00
1.762785752091023284e+00
1.954119705983286881e+00
1.700419362207171936e+00
1.301857824720402457e+00
1.398724948438234916e+00
1.127107230621970269e+00
9.882624381022522275e-01
1.297290576375049298e+00
1.342037588648221202e+00
8.973922160066554188e-01
1.124954820637761088e+00
1.597991180970053549e+00
1.547441008450494149e+00
1.226835063656419589e+00
1.338021466882898025e+00
1.260626732852765386e+00
1.462088098850301776e+00
1.875258364371755082e+00
1.665615614735599603e+00
1.676296469972471170e+00
1.666178793625560983e+00
2.237319978490968531e+00
1.358942575887167603e+00
1.382351910628758507e+00
1.290205304695105193e+00
1.774381938284417703e+00
1.611015989031078677e+00
1.499079809106177663e+00
1.453208243763823182e+00
1.859244536141940074e+00
1.951759727085192520e+00
1.865843760274646934e+00
1.534210938121646439e+00
1.759487181741951956e+00
1.382801639029008101e+00
1.522327349347062153e+00
1.063957193367368159e+00
1.161120235226789088e+00
1.347426429599160480e+00
1.265881769372126930e+00
9.483428603803313317e-01
1.224783172202106751e+00
1.426430030765868384e+00
1.459147910163741013e+00
1.729215880722269061e+00
1.167636438286258072e+00
1.190199803097359732e+00
1.633579380192818231e+00
1.391726936990528074e+00
2.395780653798234461e+00
2.857218448435244973e+00
1.604260033528969842e+00
1.624254397730649391e+00
1.549631655242223127e+00
1.339121089377960150e+00
1.398463470610522119e+00
1.065760777676521442e+00
1.265283811146890258e+00
1.136465556483145400e+00
1.297311392153420506e+00
1.370286804433971550e+00
1.424295827801160375e+00
1.850560488084025845e+00
1.798057559038743314e+00
1.639082477137232097e+00
1.396087321998709552e+00
1.636895194235248763e+00
1.152703149613810929e+00
1.242862770267704198e+00
1.453721153438860991e+00
1.246285553011880376e+00
1.143640022575489912e+00
1.374537164348982099e+00
1.893578451110895955e+00
2.219578945950863691e+00
1.113724122585471044e+00
1.150202666841221077e+00
