5.162436714406547500e-01
2.899413171461739935e-01
7.669768584066887218e-01
6.015846159034923257e-01
8.775158300464951378e-01
1.211248732538965811e+00
8.079574413206398464e-01
7.637158129934750184e-01
1.010977751779036371e+00
1.039098720536453024e+00
1.015567720168392141e+00
8.886260905153418044e-01
1.207677412578676890e+00
1.441491423239030567e+00
9.395574337137727605e-01
1.132206835440699333e+00
9.943159356384674297e-01
8.867040067729383690e-01
1.322945399551321399e+00
9.244335124508860080e-01
1.008916325601306507e+00
1.345854967189306084e+00
9.286097104229764643e-01
1.006545243961863623e+00
1.557869512040857884e+00
8.212915073531938948e-01
9.771531484272303336e-01
1.167309357232637179e+00
1.265412956584520909e+00
1.542528745609412333e+00
1.202865739664796596e+00
9.063599296641551284e-01
1.073045610326438304e+00
1.015614553806858389e+00
1.386432455367753169e+00
8.948589253858625359e-01
8.844389671970060984e-01
1.144917632538256402e+00
1.346578357480011201e+00
1.614623412797437929e+00
1.093054049147605511e+00
1.083042472053555638e+00
1.044343982902944390e+00
9.465737758854158024e-01
1.745793251772572940e+00
1.472065322549785948e+00
1.453143195861455350e+00
1.175826750995509817e+00
9.130203142542863137e-01
1.360944713357653324e+00
1.038994315056706919e+00
1.981711555011119064e+00
1.427292172962626449e+00
1.606808432405317566e+00
1.180571040045621078e+00
8.860731342814092137e-01
1.117641148813057317e+00
1.140226522672065812e+00
1.122316554556592516e+00
8.960041009603036954e-01
1.142295830739599838e+00
1.045401367231924894e+00
1.281665344241581739e+00
1.342688536101796615e+00
1.063938409126600204e+00
1.088239216239731189e+00
1.759929961806883103e+00
1.209321539693644310e+00
1.123657763234073848e+00
1.038893560953895179e+00
8.253047071939934032e-01
7.214659855972618274e-01
1.055889631171356813e+00
8.558250296632502474e-01
7.294918768396525532e-01
1.095880514985285270e+00
1.831307789293287414e+00
1.225686100264520295e+00
1.296043168837547110e+00
1.610751853994073279e+00
1.363273510649481768e+00
1.967091441848969779e+00
1.138197755573557401e+00
1.316492633063432116e+00
1.227520892636267291e+00
1.137664937294146972e+00
1.270498484544733131e+00
9.530622536261127431e-01
1.200943937911435944e+00
1.377223348302568873e+00
1.558535785748266012e+00
1.676821157500760329e+00
1.856617788044234496e+00
1.404416817957291119e+00
1.315202995719234158e+00
1.307087141122126539e+00
1.701033752669941279e+00
1.332431746760577518e+00
1.588254513606292662e+00
1.699361477356674754e+00
1.189923307218843096e+00
1.295457563245601573e+00
1.150218148439807742e+00
1.020398809754353264e+00
7.267800024731095876e-01
9.979541603496322466e-01
7.921069963272165948e-01
9.550403195589500793e-01
1.576579078435841996e+00
1.370582944870697650e+00
7.392083496162804579e-01
1.222760047531889604e+00
7.856744456697748458e-01
1.361589616135061576e+00
1.454619822632570170e+00
9.957495165350016553e-01
1.110858285108554888e+00
1.094200701289881117e+00
1.449941067030871444e+00
1.321169541729552144e+00
1.134576512299244389e+00
1.208442475188933329e+00
9.748928883148817448e-01
1.144367274878085317e+00
1.099214460903882973e+00
1.580598310168103593e+00
9.176484082527716080e-01
8.630012148628490865e-01
1.189243639680715559e+00
1.174294940345699700e+00
1.330938007787684896e+00
1.806446294637370276e+00
1.058031254581744962e+00
1.278129271157845359e+00
1.224663564715107178e+00
1.534501743824829623e+00
8.984757426120224544e-01
8.427095546302220130e-01
1.402205155575393825e+00
1.433375602917765335e+00
7.611434715184480782e-01
1.103596724485950142e+00
1.378874089622410537e+00
1.198711124424953978e+00
1.078897199110234739e+00
1.403671490319611470e+00
1.469539407246551521e+00
1.131994634212925011e+00
9.652550007032144608e-01
1.022585492404953111e+00
1.321425700004023485e+00
1.450331561342258713e+00
1.108671733873870302e+00
1.115039060388931746e+00
1.349428520799506703e+00
1.397097163404176001e+00
1.000394417097311806e+00
9.044128390646026805e-01
1.381820232834364948e+00
1.636603278773011372e+00
1.288944585959453715e+00
1.054878459646133582e+00
1.264073186315867403e+00
1.166411325956289158e+00
7.809344492189620457e-01
1.092388493823468920e+00
1.239290481796433863e+00
1.217005428028576697e+00
1.653920520914655246e+00
1.517412076281255962e+00
9.858085523493052005e-01
1.043709964999925521e+00
1.429863089468464743e+00
1.789523806157498731e+00
1.625272593024294832e+00
2.154349821328249259e+00
1.965782681964961087e+00
2.587357534254104863e+00
2.336149258969737463e+00
3.357230591549183796e+00
2.619968202204614016e+00
4.065882262244214118e+00
5.604770023069859164e+00
5.930160652913503583e+00
5.930952293608500625e+00
6.974788895532294752e+00
7.958931433399147437e+00
8.181971293121401700e+00
1.014885492609084849e+01
1.019648911401208480e+01
1.104280531660508835e+01
1.007257026486393059e+01
1.143602337097048860e+01
1.087614156167253299e+01
1.180301387788063394e+01
1.046327452181723139e+01
8.519375240819829997e+00
7.808671112831563121e+00
7.685399605993623595e+00
7.240048442226528991e+00
5.960795958772605374e+00
6.208833054562207465e+00
4.958402973111294187e+00
4.892702558084681463e+00
4.174961996312064549e+00
5.605209061186799957e+00
5.950102551418727792e+00
5.415825271311089040e+00
6.432949345735742952e+00
7.393549441749211582e+00
6.111705897343821192e+00
6.172573288497037680e+00
7.995141915850792813e+00
7.205674880121331505e+00
9.136360936555977474e+00
9.397266655629808341e+00
9.056538306589875020e+00
1.151397060449894383e+01
1.111360464008473059e+01
1.288049743344328668e+01
1.248592161448185323e+01
1.521193762193377452e+01
1.482550303542019243e+01
1.630970325566958223e+01
1.968600566217605063e+01
2.105246419916464262e+01
2.517506144201546903e+01
2.807014544671670819e+01
2.580026694960062272e+01
2.740847151575841423e+01
2.671229993190513241e+01
2.916317573715898348e+01
2.645770407104225086e+01
2.533553582537676618e+01
2.654164954457041148e+01
2.764569226511947519e+01
2.734090525087133372e+01
2.707165259398632173e+01
2.680975000607666203e+01
2.856591617980003051e+01
3.216737855515259525e+01
3.218265871074633111e+01
3.405097014957949142e+01
3.562884844274130103e+01
4.387222988492604259e+01
4.361338493522580961e+01
4.250278171438701236e+01
4.241848356931026842e+01
4.557847094321486026e+01
4.149758642031913780e+01
3.828831333423293870e+01
3.558669981237830626e+01
3.253222979037397522e+01
3.150663640613979766e+01
2.754161045029310628e+01
2.537024731266635413e+01
2.282562873858147867e+01
2.121342215673132969e+01
2.003935970187682258e+01
1.958882374085913369e+01
1.743767456139052285e+01
1.597022514631226642e+01
1.135315368955811621e+01
1.258337828022353122e+01
1.230450776744772412e+01
1.369084359620529057e+01
1.501670779390322608e+01
1.479979034119006442e+01
1.803857300943958109e+01
1.776938046517086178e+01
1.628088793006685009e+01
1.535054707560142973e+01
1.818209926102568375e+01
2.087726546857994236e+01
1.495718734639566350e+01
1.641660159944510156e+01
1.505100659982002398e+01
1.657227293709590299e+01
1.611859394520291033e+01
1.755373499915956614e+01
1.788587779462468319e+01
2.263327058450340346e+01
2.987336608323509068e+01
3.444568599313330992e+01
3.765614593527196519e+01
4.235486495119825889e+01
4.905605342466176211e+01
5.209748371422879387e+01
6.653357219641503661e+01
6.608124741977704275e+01
7.776866149556347807e+01
7.790307156605011585e+01
8.103257037382029182e+01
8.242538709689218024e+01
8.089416344648051904e+01
7.694906500110218417e+01
7.481166875728705179e+01
7.418332775939295232e+01
6.284478154066094646e+01
5.754406596869017676e+01
4.973562897516610803e+01
4.613011553820744126e+01
3.394590962781757781e+01
3.235619048201925807e+01
2.953306939141118193e+01
3.107841062916577712e+01
2.215966590055208485e+01
1.931362132955085542e+01
1.813990730059475354e+01
1.880664156715432611e+01
1.863431660003395862e+01
1.624932642011469497e+01
1.458077413234319408e+01
1.409355168345884834e+01
1.814403690715277406e+01
1.854328641594038629e+01
1.711942626958818536e+01
1.467289161997482694e+01
1.573007881705274968e+01
1.664458891296975906e+01
1.299077953334402125e+01
1.152966880307215547e+01
1.073468799146214714e+01
9.663513185913233272e+00
8.700993284502164471e+00
7.665209968731341306e+00
7.019107937726881019e+00
6.676319244450142243e+00
7.037100241024917935e+00
6.691455979928305098e+00
7.843746862318170976e+00
7.430294964561734439e+00
7.590839969092184170e+00
9.089486520892771537e+00
1.085062634780975621e+01
8.387751239818284077e+00
9.377191550902274741e+00
1.116486550567718616e+01
1.013172248999119063e+01
1.226087333546810143e+01
1.139651569697080724e+01
1.334146494475800182e+01
1.251049619024724002e+01
1.595905246271036226e+01
1.516545468350160064e+01
1.629742393225940589e+01
1.627760580842235427e+01
1.856650777452795609e+01
2.071991010465395533e+01
2.054581535967663086e+01
1.913417297521572280e+01
2.100854500666120472e+01
2.309187852433941046e+01
2.367127579207441102e+01
1.830122554873707230e+01
2.020367703775733759e+01
1.885524593770635704e+01
1.768549178935498745e+01
1.724777216482800313e+01
1.860761813236743123e+01
1.655283216215089936e+01
1.619029003996538307e+01
1.579073550621457400e+01
1.405142350577423116e+01
1.284798533237640505e+01
1.375799712313025580e+01
1.565333215076881501e+01
1.392715753604767137e+01
9.557324223327537283e+00
8.958153591636561330e+00
7.860894620051119830e+00
7.522273895780655195e+00
8.442714011427305820e+00
6.294029718585465005e+00
5.756907226279665224e+00
5.003065060586202151e+00
4.766084974134481733e+00
4.927574840758593311e+00
4.952556844521622814e+00
4.889967230639664209e+00
4.309516886306711925e+00
4.972859172006904416e+00
4.712043263098946611e+00
4.519456270632554507e+00
5.430361972751647670e+00
5.706968272599613812e+00
3.943381555856896536e+00
4.961585085462191458e+00
4.301547077603158797e+00
5.994251156114844825e+00
4.622272712354382307e+00
5.632789552073954376e+00
6.975183342524937657e+00
8.158352305504044111e+00
1.165093781733526512e+01
1.400538128816641681e+01
1.479732013385885914e+01
1.793761208514705530e+01
1.907978266009723356e+01
2.079003536854140677e+01
2.448357302460093621e+01
2.809514864655001531e+01
3.101723608522338438e+01
3.193847606533028483e+01
3.336519787427342720e+01
3.304161131517325600e+01
3.681420083887056194e+01
3.442172146351846607e+01
3.568327613115081931e+01
3.261440165920521395e+01
3.171401230585914277e+01
3.361446037492169836e+01
2.775384728796174727e+01
2.291082689267754446e+01
2.063834523061033721e+01
1.940108655058244125e+01
1.463653986243778249e+01
1.259448315815762243e+01
1.160806046069932229e+01
1.182025581270967152e+01
1.187666347083378326e+01
1.158008598141501366e+01
1.208987893205767250e+01
1.281592844760545091e+01
1.177997277186722691e+01
1.301437426475509795e+01
7.980569850323606218e+00
8.346776213428546143e+00
9.995940405204473578e+00
1.056165222546110272e+01
1.099308896732144092e+01
1.040559392862079058e+01
1.339506166258115272e+01
1.300263978648659347e+01
1.673643906238345380e+01
1.618925961272951497e+01
2.372643857752800756e+01
2.561932637746636843e+01
4.054058968276216746e+01
4.245444166648520934e+01
4.748610807824292124e+01
4.441938467422661319e+01
5.374087148710532347e+01
5.567749609696016222e+01
5.611176632829575794e+01
6.088118644537784974e+01
6.155478406222717069e+01
6.265498616106559382e+01
5.251001317037540872e+01
5.382981718837974228e+01
4.593340240612506165e+01
4.347332335780038193e+01
4.104145840329854167e+01
3.854416786839716025e+01
3.011303131073899664e+01
2.860363590658311139e+01
2.060351133608224217e+01
2.104762412655060899e+01
2.038679099921896665e+01
2.209990071426143032e+01
1.975498024778609363e+01
2.524438995056164714e+01
2.194137638311121918e+01
2.366826150059301170e+01
2.026606996396110816e+01
2.563106800029965981e+01
1.941595398261938854e+01
2.493357253066673707e+01
1.612997727050498398e+01
2.003023396779625287e+01
2.224200763593102081e+01
2.505997600054038088e+01
2.606949301178795153e+01
2.722184759448881408e+01
2.548306017173121774e+01
2.643143194697655218e+01
3.063255252351815017e+01
3.503540320958759935e+01
3.269779620442145784e+01
3.193365622820734728e+01
3.078387479239998470e+01
2.744753148454634228e+01
3.012606333228102073e+01
3.085761867647663337e+01
2.674946096191016309e+01
2.408435616227895792e+01
2.510945431356591939e+01
2.646023330365088810e+01
2.313550109340526006e+01
2.120797130282247878e+01
1.903373853775605440e+01
1.823504362356320385e+01
1.765375994074422650e+01
1.583463211707186247e+01
1.585610687560075860e+01
1.380078656262106307e+01
1.205048512870351374e+01
1.408023014576098397e+01
1.495974178352593142e+01
1.447065457246645082e+01
1.080430196592208247e+01
1.310283293504145163e+01
1.246857801785391473e+01
1.552867519672802388e+01
1.323062789029708952e+01
1.356121157527039323e+01
1.187971057261652419e+01
1.495229042919166140e+01
1.498315855614861292e+01
1.588427333843300282e+01
1.753608401535657180e+01
1.849882471779782378e+01
1.425322558243149729e+01
1.606105375108038658e+01
1.898510548036855994e+01
2.261535411428878817e+01
2.546188605426708307e+01
2.579801748518126914e+01
2.704892466437793530e+01
2.574078957182827665e+01
3.241619983761367507e+01
3.371896611930550591e+01
3.214416895483444847e+01
3.210876123950359329e+01
2.917530270859990793e+01
2.613484846973221565e+01
2.446136486361448448e+01
2.334909753566019930e+01
2.148311137058723830e+01
1.950839481818034926e+01
1.404290081496547415e+01
1.326247239262248456e+01
1.272937422237710159e+01
1.306249466753562238e+01
1.404123796344739006e+01
1.012366691835339161e+01
1.009038399505842776e+01
1.219571474232353481e+01
1.178240415968822852e+01
1.406017564845575585e+01
1.026067352283220302e+01
1.241262641758121710e+01
1.282047037788944621e+01
1.627119245384938750e+01
2.130084764054801738e+01
1.807670542881863796e+01
2.456688440712361299e+01
2.587373609907018235e+01
3.126059789142211187e+01
3.328931260609678588e+01
3.262256231477996238e+01
3.325525218873206512e+01
3.831181570274205939e+01
3.922396696763902213e+01
3.653062709435102562e+01
3.662824098954573060e+01
3.617442198352760840e+01
3.212845923506234413e+01
2.435610991036659811e+01
2.367107991645082876e+01
2.051734247131062716e+01
1.779836064021633391e+01
1.239282811555664310e+01
1.323031151237290359e+01
1.270045238796387466e+01
1.315230555561233672e+01
1.125131479641496313e+01
1.167432314361077950e+01
1.093936144664361265e+01
1.067220490019204249e+01
1.065009719947914490e+01
1.089435033158171606e+01
1.190568005072018032e+01
1.077445662600150555e+01
1.081664295660276665e+01
1.017354926285399941e+01
1.229164041329934776e+01
1.128218932923894791e+01
8.958551926557975165e+00
7.594198697752052141e+00
6.464321732890857319e+00
6.180880321406004185e+00
6.505693741837564659e+00
5.776584871544133470e+00
4.942804521985081578e+00
5.390191880879285691e+00
5.193921581933048870e+00
5.740857689258046292e+00
6.533542513288711717e+00
7.170928368749239112e+00
9.611909438754985047e+00
9.721705760629124171e+00
8.858026623727003113e+00
1.007530333612962714e+01
1.158721575027252904e+01
1.224975184407008655e+01
1.372218385486779013e+01
1.290764634057056170e+01
1.408050795896722818e+01
1.431575357518630831e+01
1.009255786413893752e+01
1.072866303433102431e+01
1.224637767029416402e+01
1.319017648763233197e+01
1.428126538184236693e+01
1.394206238897721661e+01
9.633145153966465202e+00
9.659512926227172613e+00
1.173476603543566377e+01
9.659457952999218833e+00
9.739422925184566537e+00
9.388254389254736765e+00
9.392097707335576473e+00
9.751797664824071177e+00
7.793668330731813754e+00
6.914682931726678916e+00
5.946728653776988338e+00
6.222604575865830157e+00
7.279930649237494222e+00
6.080257292617313958e+00
6.461791330790720878e+00
5.965880521646344192e+00
6.017115963306830295e+00
5.515832828835705470e+00
6.016135275491924617e+00
6.207711354408758098e+00
5.535167308739945113e+00
5.556159764587350836e+00
8.092358982780098131e+00
8.134199166297950256e+00
7.968230867855049304e+00
8.603387703545331888e+00
7.854381366837849932e+00
9.343323097671383692e+00
9.415361146476307397e+00
9.742533701901953336e+00
1.070393759670037781e+01
9.502881452310875332e+00
9.556976871080671287e+00
1.039233238306711549e+01
9.191633983787655282e+00
8.671829182090357691e+00
7.509229789026880653e+00
8.746665212365471120e+00
6.634153645052668580e+00
6.597543238607663341e+00
5.700318756677907217e+00
7.309233144130882209e+00
6.592456637562673194e+00
8.644061577172358568e+00
1.078345349505799788e+01
1.339647593745385912e+01
1.567085422845938680e+01
1.802994567027404926e+01
1.887789866896424229e+01
2.197424324418322783e+01
2.308247547318760340e+01
2.429981259840467089e+01
2.534987462015815396e+01
2.855533612525188758e+01
3.359816424207475194e+01
3.398927466796043007e+01
2.963263107814306352e+01
2.726238513189905177e+01
2.426376985688878207e+01
2.341262042439662849e+01
2.410178110573044208e+01
2.234703642322401507e+01
1.601632067866731646e+01
1.496079216566370818e+01
1.387424567086361904e+01
1.189234289024670943e+01
1.183333330093232405e+01
9.271986438899917360e+00
1.031793703289549313e+01
1.045368681380650600e+01
1.214587655188721094e+01
1.201717929399037388e+01
9.083943451371146338e+00
8.999660123169977766e+00
1.125813623753608894e+01
9.662108720796435790e+00
9.484800547581347274e+00
7.717022177643546144e+00
9.426161640102165507e+00
8.308772879097187314e+00
8.273106778417874452e+00
8.783426809964808513e+00
6.621525579713747334e+00
6.158481350843878488e+00
5.360086969395661427e+00
5.042530489179767983e+00
4.581104620065615585e+00
4.120319538479883192e+00
4.429541749124400241e+00
4.412119280114731978e+00
4.718912352601972060e+00
5.705211399920989024e+00
4.367810236948935554e+00
4.546330853770076175e+00
3.615105940438262611e+00
4.364212832832996547e+00
5.172794449515681237e+00
4.199404830135305744e+00
4.422757593390622688e+00
4.590329036816072517e+00
4.737007466889164853e+00
6.344215056603832892e+00
3.904210548256414892e+00
4.925320295415869687e+00
4.157530070846537917e+00
5.428439815717620576e+00
6.019956356707323764e+00
5.844310457995104180e+00
6.529304648913329956e+00
6.051000155815134285e+00
5.804588458969469400e+00
5.939820984179167596e+00
5.824553889178238464e+00
4.632600908246780946e+00
6.362821106683908212e+00
6.079032460859274067e+00
5.251615934461863588e+00
5.128113355554168251e+00
4.680548421476067311e+00
5.076916600897252607e+00
4.499798658766813730e+00
4.661407091019802884e+00
5.648451648461913166e+00
5.451931119663885106e+00
7.181920536966936552e+00
8.085392008434236999e+00
7.940834650620749002e+00
9.688208141464592416e+00
1.202709231156467951e+01
1.202132862110461708e+01
1.356344000784885750e+01
1.222074234421232930e+01
1.300757052754679499e+01
1.215079845790429758e+01
1.584348618704447276e+01
1.527003643283869216e+01
1.396597091004544033e+01
1.308402913486290409e+01
1.241118576763217973e+01
1.158972561540019619e+01
1.051213170339671521e+01
1.066870557012282106e+01
9.074906150144730788e+00
8.259729117439377433e+00
7.773660809885951650e+00
8.719808258843134041e+00
8.468262847923607950e+00
8.606304438225370390e+00
5.864553387216881575e+00
6.932689055878988427e+00
6.078134130832173909e+00
7.585787816976521825e+00
6.886091173542142840e+00
8.552489528928422402e+00
7.881996147890394155e+00
9.191520276181993410e+00
8.829228091639771847e+00
9.515838886110099537e+00
9.340833137197325442e+00
8.216387007097413431e+00
7.905182082126489540e+00
8.276776990463758921e+00
9.147085078251862456e+00
8.719740607990292602e+00
8.455084660174502886e+00
8.542767614056341330e+00
1.119772284134157658e+01
1.029279813490852646e+01
9.887161384133928976e+00
8.631040114923724360e+00
9.415669194634823214e+00
9.449664198440149931e+00
8.432296391299811233e+00
8.036250188117293192e+00
8.784643216344441896e+00
9.027428536938653991e+00
8.029344720815666747e+00
7.720325656673511894e+00
6.037087555852573395e+00
5.644359900389481766e+00
6.741364217531808478e+00
5.987984554430633821e+00
6.410959916270213554e+00
5.970348986990950735e+00
4.969633016626506361e+00
5.220573530579356358e+00
5.322099104167063999e+00
4.767111094190889631e+00
4.057834292757086736e+00
5.494607448440161690e+00
4.481112165162830507e+00
4.512972907425516489e+00
5.730275763749435036e+00
4.831895173829098056e+00
4.055672664621979173e+00
3.920352551072038505e+00
4.235726790013693233e+00
4.507518525931194731e+00
4.045991889085470916e+00
4.405966729692056383e+00
3.871149145347529519e+00
4.192318746016463038e+00
5.127302746163318048e+00
4.190315092959814081e+00
4.094650646285887596e+00
3.508376737677802559e+00
3.461600341414555970e+00
4.359044833736699154e+00
4.485342481747791155e+00
3.934284236914571409e+00
3.575637352935660651e+00
3.874288024785351947e+00
3.681413502191932530e+00
3.984794363919349713e+00
3.631427729029804929e+00
4.568084332592854402e+00
4.681555891634082478e+00
5.292879342347402982e+00
4.594957303691091788e+00
5.656165251024417806e+00
5.698221782226780441e+00
6.403057014257583113e+00
7.155966038490720216e+00
7.430902030835502714e+00
6.683272118541745854e+00
7.121441457042028134e+00
8.088580233885847903e+00
8.374076112826436713e+00
1.088944533508480816e+01
1.138006001052464988e+01
1.216374809748258379e+01
1.132567633460539369e+01
1.360751801869060884e+01
1.466973494567242753e+01
1.417882466717814438e+01
1.418337221765573908e+01
1.453321235798754429e+01
1.433093157583952149e+01
1.415159325075081398e+01
1.495773149303101945e+01
1.452911237632987174e+01
1.413233752193540482e+01
1.276318842698133338e+01
1.280349936473570693e+01
1.209104436358784085e+01
1.247387012646994009e+01
8.451033955016756138e+00
8.217526636037295162e+00
9.362120319767178955e+00
1.109298390177123750e+01
8.121985551353805732e+00
1.064726449600756908e+01
1.163995457041676573e+01
1.290947706850934651e+01
1.391082110651395354e+01
1.714357100975785642e+01
1.837794082878918189e+01
1.792923315724178579e+01
1.957916853100408971e+01
2.139075256261273950e+01
2.162898288688892023e+01
2.527130902315561656e+01
2.603667968812050404e+01
2.832807173662281031e+01
3.708318467626899917e+01
3.573706467797389763e+01
3.465174684869421640e+01
3.730181876443043620e+01
3.674189733193563967e+01
3.478105525926056885e+01
3.978114389468567680e+01
4.132370439243829452e+01
3.388177076002199328e+01
3.508293066754590228e+01
2.781243405443818872e+01
2.674219270586507236e+01
2.634319410845965237e+01
2.405859736295687412e+01
2.132693148002952910e+01
2.008826058157088923e+01
1.984173252395019915e+01
1.780521500969334525e+01
1.801272845826196800e+01
1.633236093854830528e+01
1.562138020521658532e+01
1.417472132945611207e+01
1.696582714737554909e+01
1.580724838495454243e+01
1.582493704107923627e+01
1.518065681666691624e+01
1.680617539564532947e+01
1.519929035811463436e+01
1.564331366533109602e+01
1.385956632322904625e+01
1.596275327957665979e+01
1.427551129379614636e+01
1.660916654420041283e+01
1.544225730907907845e+01
1.421940681733413747e+01
1.364410955397252678e+01
1.133192774797435476e+01
1.095871654880536283e+01
1.156900816175215319e+01
1.259647196514671919e+01
1.236580626994077647e+01
1.267565178231992107e+01
1.583919605610115156e+01
1.482535376061986732e+01
1.150457638164814078e+01
1.119093863021983637e+01
1.322843234950629565e+01
1.217819961414317476e+01
1.092860172828236642e+01
1.000210845653555225e+01
1.068578132215521137e+01
1.189524770409211030e+01
9.922381967853464602e+00
1.038062837464319443e+01
1.316116009903033301e+01
1.412880547234546214e+01
1.547271812934185675e+01
1.540879908171807244e+01
1.635270159375133048e+01
1.753673894639826969e+01
2.024759810012517391e+01
1.894459452291220458e+01
2.158086209845170345e+01
2.144040543967911816e+01
2.134437256748370260e+01
2.010352237216102722e+01
2.381024161274695672e+01
2.290527278696230695e+01
2.308750469640723679e+01
2.197989693155046353e+01
1.514843424858100107e+01
1.488916835058062560e+01
1.569464222933348907e+01
1.779061805214408665e+01
1.485192593225284519e+01
1.728712837066395380e+01
1.765076337891134628e+01
2.057485424940201213e+01
2.308397441083346280e+01
2.435789433235278167e+01
2.569633594209740224e+01
2.425839735413270049e+01
3.018819224479755903e+01
3.127769913392564405e+01
2.921276973973681734e+01
2.782312879503606950e+01
2.793034025845755508e+01
2.596908476721602810e+01
2.427533772005084955e+01
2.586254182702093019e+01
