2.561546019572260580e-01
3.047520127334226725e-01
4.871351357158117956e-01
5.407623298809799417e-01
1.085031209036248168e+00
8.490898728778202287e-01
1.241068143211361274e+00
1.461874584006740641e+00
1.217078893929361749e+00
1.577456730554386954e+00
6.997964083482983710e-01
8.567661404532105340e-01
5.792219075578800558e-01
8.066169430934327922e-01
1.255258783581400417e+00
1.025562198266932512e+00
1.478813333108323302e+00
1.209711705001935922e+00
1.527645669839688747e+00
1.253250404002525409e+00
9.636594171809823584e-01
9.915109556287642345e-01
1.009108309611700394e+00
9.754642288486679025e-01
1.409326869937150839e+00
1.521880880748839537e+00
1.234226720302701974e+00
1.571529612996520830e+00
1.649948378795323745e+00
1.497379173401635288e+00
9.388681229382283000e-01
5.749735222634808629e-01
1.045011452268670205e+00
1.212680703884005728e+00
1.180728470746876813e+00
1.248482797314501180e+00
1.042926869022407166e+00
6.265573105183623870e-01
1.203262939234379658e+00
1.289031453216673118e+00
1.190143897192473377e+00
1.185820806218541135e+00
1.216840327162512558e+00
1.279493609581979330e+00
8.876830920429931160e-01
7.962985987839068525e-01
1.449642939841829570e+00
1.163424307251553769e+00
1.373639279221278819e+00
1.738725156428502672e+00
1.083480471697997549e+00
1.340951262112101139e+00
1.079426499451109578e+00
1.219686981167217965e+00
1.615106987534597138e+00
1.536015841756150246e+00
1.482169699259590967e+00
1.376131290908530147e+00
1.349538882738764212e+00
1.389862607291459717e+00
1.540980519592956899e+00
2.119009374470197660e+00
1.459039065506797961e+00
1.320031286802889836e+00
1.087264994026011955e+00
1.423051217957263415e+00
1.279439175500040049e+00
1.593815523704501302e+00
1.189983064183190553e+00
1.449842398953075318e+00
1.742684693571475929e+00
1.359037158273333823e+00
1.409530225074286935e+00
1.400391871544135247e+00
1.116167680254780192e+00
1.025500935182402706e+00
1.067166890744580598e+00
8.428325451316269756e-01
1.360719807615976773e+00
1.212450937925865002e+00
1.128927753947027712e+00
1.141923682434387688e+00
1.418336084484530524e+00
1.259437014622785789e+00
1.314464741567576755e+00
1.246633929849400912e+00
6.781867364289371203e-01
8.089145181185588562e-01
7.943082668154696213e-01
8.343753740136254926e-01
8.221353264899885493e-01
1.084224148187209025e+00
1.111753287912291999e+00
9.813660072991118311e-01
1.408074126706240881e+00
1.336347233402660706e+00
1.260595977737991147e+00
1.098476405944943890e+00
1.271355982896718251e+00
1.332203535802201522e+00
1.290750123936915461e+00
1.287394006755913090e+00
1.229350216390493022e+00
9.795729195448359405e-01
2.005638145673730666e+00
1.352780653483490525e+00
7.574446064645596888e-01
1.058006110550611334e+00
1.383711736861413799e+00
1.135108782094175206e+00
1.800549993139337168e+00
1.235336983888036366e+00
1.340894157257203734e+00
1.158368642504882917e+00
1.500367445821198853e+00
1.755254753961454695e+00
1.603116638276101735e+00
1.888434792694619668e+00
1.145726973245984937e+00
1.119213651736504334e+00
1.455600163637374322e+00
1.277451275586458213e+00
1.043561953295931044e+00
1.027950547820640104e+00
1.294270994633258454e+00
1.078970564356203976e+00
9.762045879129714887e-01
1.104635457200846993e+00
1.474369757737592046e+00
1.385747133179032531e+00
1.532167923900081163e+00
1.320491253664924924e+00
1.463811045631326246e+00
1.736302644073420609e+00
1.356505244764196094e+00
1.399651952614130668e+00
1.921563525561629904e+00
1.827025073860332416e+00
1.744125522548758411e+00
2.094065196329317757e+00
1.375536292913059011e+00
1.378193903145576105e+00
1.314900271037624524e+00
1.403891013777357699e+00
1.743492089725175109e+00
1.739902089430999776e+00
1.268782543680907926e+00
1.385256283481026696e+00
1.193426954810490992e+00
1.426279052594692232e+00
1.230595807877305159e+00
1.185896977840706912e+00
1.217063222524656929e+00
1.103124420438572173e+00
8.991537245935975475e-01
9.275615273093487101e-01
9.700708110038269716e-01
1.183689156142577303e+00
1.222612596292911746e+00
1.346195929626727850e+00
1.332235221002246339e+00
1.584368011212190286e+00
1.490033237222198714e+00
1.815421593435373016e+00
1.800403686164152361e+00
8.851616389281811159e-01
1.272079744511930954e+00
9.478935259258665091e-01
1.224878663609919371e+00
1.017322867816557785e+00
1.550304820600801881e+00
1.936778627133159292e+00
1.256367977850429085e+00
1.334395788501504754e+00
2.354440836756475530e+00
2.357826563084066684e+00
2.460298113214828497e+00
2.378790003540418585e+00
2.520932097230440316e+00
2.299524023803240613e+00
1.744697250468196570e+00
2.192283932567429261e+00
1.979977449858729921e+00
1.730048238477893019e+00
1.262870721683133635e+00
1.060111944936804385e+00
1.105081880795282467e+00
1.308878277493130904e+00
1.104615529873522295e+00
1.021559701738032011e+00
1.259763945750191239e+00
1.643686137988694895e+00
1.301071982337923760e+00
1.643864153878054069e+00
1.791509892128369863e+00
2.392940553147261618e+00
2.595630233970679157e+00
2.912063717999318069e+00
2.005189460927187639e+00
2.036818374514957508e+00
1.710957527517412036e+00
1.646562534495478181e+00
1.194875216689677444e+00
1.093667964768780143e+00
1.455816159562450807e+00
1.310418117494495993e+00
1.409320138504555064e+00
1.163971906689365676e+00
1.334184051647439695e+00
1.499973148243470167e+00
1.514511379985981065e+00
1.591505079259366573e+00
2.071394020348528819e+00
2.594581792398572784e+00
1.366261538701618816e+00
1.190963602444238711e+00
1.288193732682122894e+00
1.171525530462268039e+00
2.094330026892381902e+00
1.922070105583796984e+00
1.419433261447200501e+00
1.624074571718269189e+00
1.056515804142612147e+00
1.157551703645429031e+00
1.125576275707987461e+00
1.297280561315670599e+00
1.482664156191420002e+00
1.524802079610316774e+00
1.211913371379481408e+00
1.451426891503335259e+00
1.794346721556778768e+00
1.363833531636387431e+00
1.491291612843864689e+00
1.653629312562342690e+00
1.657054728114346842e+00
1.953927587803074628e+00
9.304698905638439932e-01
1.104147409046349892e+00
1.325660209607787188e+00
1.325767239434231248e+00
1.251261369460363593e+00
1.485171266031976245e+00
1.148947778946129983e+00
1.022063979710427395e+00
1.546690490988865463e+00
1.714641101414181357e+00
9.593576822623175460e-01
9.561889614247973679e-01
1.416162784215947656e+00
1.109839476139363734e+00
1.922258228335882890e+00
1.785854959857843260e+00
1.303594204862704498e+00
1.284851834174334240e+00
1.279646822348033730e+00
1.263005362909106921e+00
1.558043119467291904e+00
1.649757462997924806e+00
1.561465683180276454e+00
1.867009881039642938e+00
1.137690229723736568e+00
1.066020133806902193e+00
1.310354497268450435e+00
1.370759110849685269e+00
1.527266031389174383e+00
1.663130406933265748e+00
1.354752430857813605e+00
1.219389811471820462e+00
1.033102373969322585e+00
1.070292865243715585e+00
1.925061915800117873e+00
1.569088902609163672e+00
9.950870848304254057e-01
1.284959832316474149e+00
1.020926446229869944e+00
1.222560352991523658e+00
1.425196684351291321e+00
1.477274236093023330e+00
1.531045802743930651e+00
1.872680806089539685e+00
2.428891329397850019e+00
2.434321301606091836e+00
2.835101233551390987e+00
2.879514707042527100e+00
2.310036038728080499e+00
1.628961884919333025e+00
2.253592891263104470e+00
2.003561760961354299e+00
1.935840701363992888e+00
2.048546332481033794e+00
2.053388283910317469e+00
1.898321287020194648e+00
1.827418048810120599e+00
1.724411290087821458e+00
1.349229183547041799e+00
1.643420138828942001e+00
1.600694723244859174e+00
1.652440340206021485e+00
2.379072424845871225e+00
1.439379593627788445e+00
1.141362521214806414e+00
1.693220766137570665e+00
1.658896345086114721e+00
1.252563391689064165e+00
1.852664748671954298e+00
1.622711975296301512e+00
1.149124219833581151e+00
1.308214686149554051e+00
1.620435712502532599e+00
1.521999902979329189e+00
1.290576459100387208e+00
1.072113404793636926e+00
1.303545502623298713e+00
1.072538863483083693e+00
1.447693788579463625e+00
1.716114161827274831e+00
1.773852666603456196e+00
1.835290088747801418e+00
1.937343191369312212e+00
1.233785029988771154e+00
1.338612362669572287e+00
1.235803385244578667e+00
1.205340804924290410e+00
1.172923271401862255e+00
1.694543550920978969e+00
1.550206311709837248e+00
1.717126497298385512e+00
1.187955492306218108e+00
1.578536596378772305e+00
1.729187212422764741e+00
1.073891822235954585e+00
1.248169241436609678e+00
1.986057217542085862e+00
1.872699890454511351e+00
1.555022854259514808e+00
1.258162103273082533e+00
1.902343295503847287e+00
1.744785325603934290e+00
1.313718298185249322e+00
1.108681205598857300e+00
1.385554567151956906e+00
1.481204590060404724e+00
1.564320379373131287e+00
2.134407387073877338e+00
1.443031977996319659e+00
1.575113944674871647e+00
2.168795049460558566e+00
1.773221405950114349e+00
1.283545395750933071e+00
1.389119534790142607e+00
1.247786950460605171e+00
1.285314920425024265e+00
2.015205633951095532e+00
2.192152651289748455e+00
1.724311535573974208e+00
2.409588108897352754e+00
2.541313429431672155e+00
2.580489405329335462e+00
2.889103356998001804e+00
2.754606313798475092e+00
3.323312578950333496e+00
3.138241049207202149e+00
3.355831409007223431e+00
3.263159049897659258e+00
2.820166975237251350e+00
3.124802731757712948e+00
2.927775161235105728e+00
2.976437559809160582e+00
2.848153450109609963e+00
2.980695571676442945e+00
2.348991283908626215e+00
2.555712312803038344e+00
2.851682112937648839e+00
2.901488076032002539e+00
3.326186140594177942e+00
2.266018093325010252e+00
2.368925521500461429e+00
2.364101114159107730e+00
2.252709096047891713e+00
2.255896624855392663e+00
2.438386361009355685e+00
2.453907128904192270e+00
2.971544470287717399e+00
2.859678727956576960e+00
2.461877176130243150e+00
1.925786625877371261e+00
2.235401446412115245e+00
1.766050002797695306e+00
2.312330142841178660e+00
2.292407773661869097e+00
1.693920869193975998e+00
1.869048039843011377e+00
1.946714222839270203e+00
1.684978493745447725e+00
1.738568660782342512e+00
1.234230875188129684e+00
1.354033731309308042e+00
1.929268541358629019e+00
2.097809896551845021e+00
2.379270117791707495e+00
2.977001221559527178e+00
2.900684602716893767e+00
3.877400663619837928e+00
3.905458627719538001e+00
3.217853560566313664e+00
3.345221169141006534e+00
2.968106477005743482e+00
3.140778315416951738e+00
2.590515433277700286e+00
2.721189338685781056e+00
2.601836962634974881e+00
2.984938015811635204e+00
2.957787569776695769e+00
2.653569221011383483e+00
2.407747406154004732e+00
2.487155747547995510e+00
2.783079148765820854e+00
3.011007936509131788e+00
2.629926244213778297e+00
3.156088784867990604e+00
2.924430910092739033e+00
2.940907525572062031e+00
2.817557886826708824e+00
2.746304231004286223e+00
3.098539075038838853e+00
3.297698053917051730e+00
3.146114526470978667e+00
3.046369210187327869e+00
2.611270353950776002e+00
2.254350351123318497e+00
2.736357022874642997e+00
2.101293795564509015e+00
1.893703248669298622e+00
1.539557170303861078e+00
1.832585431709176316e+00
2.074467538598507410e+00
2.128250172691816822e+00
1.858321974966394841e+00
2.401176512747833058e+00
2.469641069246917287e+00
2.109488933432938751e+00
2.237530058779083841e+00
2.559970743057962572e+00
2.300401422263079532e+00
2.260584816071049996e+00
1.715442407672939762e+00
1.899645536583248306e+00
1.804286476154599139e+00
2.237367969311048643e+00
2.060751306306674469e+00
3.206793504856294774e+00
3.833176193514807650e+00
3.288498893849210347e+00
3.394867795002058486e+00
3.915954672965408001e+00
4.512462039280720205e+00
3.923541596271864051e+00
4.324927207654148731e+00
3.427571748808183827e+00
3.319616520195823206e+00
2.480141960066035711e+00
2.848032803485818665e+00
2.691145125558024986e+00
2.491700540674977038e+00
2.465713623423439138e+00
1.815290726787526232e+00
2.002366105983742983e+00
2.641475421946392288e+00
3.348853456650893179e+00
2.958723602262806729e+00
2.749462222019109170e+00
3.062279564010885746e+00
2.826803101445358735e+00
2.679441181953114537e+00
3.391319791532290129e+00
2.834843213787976435e+00
2.891851940171523694e+00
2.635790134990557476e+00
3.020713523768584707e+00
2.945033630863528096e+00
3.293084140939492865e+00
3.015599023767815634e+00
2.494425441858842518e+00
2.582985567891313394e+00
2.507375466644416573e+00
2.511210520933565782e+00
2.655843228122540367e+00
2.470489403467616363e+00
2.568999764390351714e+00
2.129732315997069136e+00
2.604606499012866117e+00
2.225624500107890036e+00
2.425858837271513302e+00
3.188273821443992517e+00
2.443841589094839506e+00
2.330076521430428649e+00
2.620296847452610045e+00
2.696728584957319264e+00
2.188723505585111084e+00
2.344244204888096483e+00
2.464878215457150912e+00
2.303385915998275468e+00
2.566079153494487564e+00
2.783442351154602701e+00
3.048047522698448919e+00
2.436417712025607862e+00
2.157204801569812869e+00
2.307401484987938289e+00
2.790332998069450454e+00
3.105012267998316311e+00
2.443006013688319378e+00
2.458604004979001001e+00
2.271581451151650555e+00
2.355677840786669641e+00
2.217225911446470299e+00
1.857990995487024843e+00
2.282522195663107212e+00
1.959668579797335664e+00
2.103999156002350546e+00
1.953121866398572104e+00
1.570867418909756452e+00
1.365388954006454103e+00
1.248022593558380411e+00
1.326305335554984088e+00
1.160774354288470755e+00
1.446639416826380531e+00
1.668614784538402063e+00
1.856191308149887309e+00
1.728299233557373471e+00
2.658143346306945709e+00
1.061542125572774165e+00
1.202527441003126807e+00
1.243700107578255221e+00
1.184608065623446116e+00
1.575399611080278373e+00
1.672868952861090275e+00
7.925212162462621501e-01
1.055877916563653596e+00
1.078347007628702947e+00
8.679964864156873849e-01
1.436088202116010404e+00
1.063900692007751836e+00
8.857910648812846732e-01
9.558706251152280231e-01
9.541948362301190256e-01
1.008025398926622795e+00
1.248157459479886544e+00
1.134384760698738281e+00
1.315749545172507862e+00
1.746484159004721093e+00
1.090975735600135943e+00
1.147100763678485791e+00
1.300693727383845033e+00
2.855247690504677305e+00
1.703359618011369481e+00
2.184153684323109967e+00
2.500418177121152219e+00
2.669409058138735080e+00
2.753234508985257456e+00
2.708250402443342253e+00
2.571720261955344977e+00
2.181515802528565917e+00
2.353926850557535921e+00
2.576739124889905863e+00
2.020383632714277233e+00
1.436061158824533779e+00
1.516353960407973656e+00
1.340066673757006832e+00
9.693773040107269701e-01
9.770361129857345617e-01
1.941477727621611304e+00
1.261911613799920451e+00
9.616469427761247246e-01
1.079104358486771886e+00
1.737454534797472805e+00
2.542023766328735945e+00
2.299856765930408997e+00
1.914702942616434811e+00
2.451685517709611073e+00
2.441604155887306948e+00
2.770306505901323213e+00
2.252344534924808350e+00
2.215737571186306099e+00
1.664647891216862075e+00
1.267239714602167666e+00
1.140516133184618086e+00
1.551751218248611730e+00
1.134002596255721418e+00
1.162195339087009449e+00
1.166540955911450794e+00
1.849261491762190790e+00
2.039460086562490559e+00
2.223465449404689043e+00
2.431852536072177884e+00
2.256314504857980019e+00
2.034087556034508637e+00
2.148974564812828891e+00
1.889733676107199445e+00
2.173923892533875080e+00
2.147344607902599734e+00
9.827855509193236250e-01
1.371298998033519956e+00
1.241699984900078046e+00
9.182668588314502056e-01
1.160668277001958959e+00
8.396523057271927382e-01
1.273424399465210133e+00
1.130529316573587906e+00
1.254931028148094541e+00
1.331727653455216931e+00
1.415761466507140742e+00
1.543228058084663346e+00
1.006630568778886570e+00
1.267713150323709126e+00
1.170625446490646926e+00
1.269617648945813970e+00
1.399109448381470333e+00
1.764937631738371815e+00
7.995523844797642887e-01
9.744799882733263807e-01
1.454035098566816675e+00
1.812021256466507246e+00
2.442786943655528287e+00
2.716074856964579176e+00
2.472349643708890987e+00
2.110074104439949139e+00
2.157580471121891552e+00
2.555281180732144719e+00
2.329653793588723154e+00
2.158670849702579275e+00
1.846242232418880747e+00
1.906378240764356802e+00
2.033280666624615929e+00
1.570381979712570653e+00
2.123725311782985070e+00
8.084858484576959992e-01
1.500363380786456258e+00
1.007401378854202001e+00
1.511643501278390644e+00
1.465234883123052612e+00
1.694722676641491343e+00
1.391382704228644851e+00
1.255303082464249709e+00
1.869185207504009627e+00
1.370427677909991759e+00
1.743825994780521471e+00
1.417398043455533774e+00
1.738962145733996101e+00
1.947679038550268693e+00
1.717678060275727780e+00
1.717818703953275961e+00
1.581401224525226024e+00
1.985991244689210511e+00
1.834236687027155810e+00
1.926611620017647297e+00
1.804717920064688563e+00
1.825387266249467899e+00
2.319271093795526095e+00
2.796579117432160810e+00
2.440293872212808246e+00
2.995042398131276595e+00
3.357043671823080278e+00
3.292248451674288923e+00
3.392245271661644246e+00
2.553736947306330496e+00
2.403509083111141198e+00
2.477414270406796959e+00
2.183145722274663303e+00
1.789822692256914483e+00
2.059890738585721692e+00
2.100039638452654067e+00
2.523688689126621032e+00
2.491482946216913685e+00
2.776618987958389795e+00
2.683940846383023437e+00
2.553517071146750528e+00
2.423502338999866446e+00
2.235978186194622186e+00
2.332595793105582516e+00
2.416001312524522326e+00
2.040360319607239070e+00
2.108275089044465034e+00
1.687063989364559591e+00
1.515477640482840727e+00
2.225083076167702067e+00
1.760500902040019522e+00
1.246494514090506822e+00
1.170765948182289851e+00
1.280042659990523912e+00
1.183751382121124074e+00
1.505049370310527213e+00
1.285659099765773972e+00
1.924120125300448736e+00
1.306522004949763893e+00
1.331466335800265410e+00
1.524956465261926741e+00
1.710741628765293232e+00
1.605767369602472128e+00
1.403530801045149268e+00
1.448890219337746199e+00
1.852944486853041584e+00
1.473672132595241102e+00
1.270349813011085072e+00
1.447406685390264514e+00
1.581209125271543003e+00
1.443908193491539649e+00
1.365667892236666958e+00
1.330015328567490940e+00
1.110635375379191991e+00
1.220657773206767382e+00
1.380222301676069963e+00
1.286575052787546802e+00
1.203784482054105265e+00
1.239563982280520893e+00
1.430441263072905755e+00
1.125221657107928319e+00
1.425221490298511862e+00
1.505159142572250808e+00
1.741020537371030574e+00
1.601875855421897921e+00
1.036499305232190915e+00
1.607073515708791867e+00
1.212201361635144359e+00
1.018333017582163214e+00
1.734628068078392982e+00
1.543062519686260625e+00
1.202442123159704224e+00
1.724129787320676899e+00
1.412808768873425658e+00
1.604779242490528057e+00
1.540629040546024564e+00
2.267571901375529553e+00
2.320663227617364655e+00
2.590832815148223833e+00
3.111519463720652467e+00
3.329638662172146546e+00
3.290249421206256741e+00
3.213373981224441067e+00
3.383865483322998191e+00
2.522518710648575802e+00
2.140426765722787117e+00
1.926075484399655924e+00
1.398468767375912192e+00
1.057435336773301593e+00
1.562787468649526001e+00
1.840893410277213871e+00
2.741605245407543023e+00
2.760378371063902048e+00
1.937133149035301427e+00
2.521606941001379276e+00
2.296573458658508482e+00
2.143452724723583280e+00
2.706583140850656655e+00
2.489179435820030761e+00
3.030207425020049250e+00
2.232196310220062152e+00
2.326945570302329180e+00
2.158492139470667759e+00
3.093660761691822803e+00
3.133130482675547945e+00
2.583993832832499393e+00
2.329126914866201048e+00
2.803686282923096407e+00
2.366326627607542754e+00
2.437782919690272276e+00
2.489397965491069620e+00
2.370010755228002974e+00
2.509418052990683101e+00
2.099409217392648408e+00
2.441983732117384953e+00
2.268143454834214534e+00
2.104220759453779621e+00
1.827224551047193613e+00
1.696784926601721644e+00
2.111728317809817845e+00
1.420158041917378267e+00
1.631925642397739740e+00
1.274811910132677362e+00
1.242591723465429787e+00
1.380526642932410120e+00
1.851888884635882970e+00
2.331062313016579512e+00
1.996876841770667710e+00
2.216659499367828801e+00
2.965336485098557961e+00
3.039355901293831597e+00
2.932004834557306427e+00
2.719769827843280474e+00
2.789594624087042618e+00
2.458157743110851001e+00
1.855050534239696791e+00
1.718549415639863742e+00
1.605100702098747334e+00
2.174250677097182560e+00
1.733658774426496185e+00
1.839223542735614725e+00
1.249075847453872345e+00
1.598129883740275092e+00
1.585078717977689511e+00
1.988212122188277808e+00
1.565335745868078998e+00
1.646621789993206963e+00
2.008803259034551925e+00
1.844891451605898958e+00
1.840479067212570818e+00
1.058217707301400967e+00
1.055855691825995368e+00
1.764421376817237874e+00
1.711570519446646177e+00
1.757807473376133522e+00
2.019746472070690579e+00
1.411770228485753176e+00
2.066832625467562856e+00
2.187960697020446155e+00
1.801165982500878560e+00
2.051173714492899869e+00
1.755877348725487286e+00
1.771801173497201010e+00
2.246905348680906300e+00
2.424214731839094306e+00
2.510698619087384564e+00
2.960273510435098121e+00
2.586316782964765526e+00
2.425740920758820973e+00
2.974544460785992772e+00
2.892258046150883111e+00
3.893937255855562718e+00
3.927983963116209676e+00
3.526981467126653058e+00
3.712154988820267398e+00
3.807879413966967164e+00
3.508714637893047605e+00
3.071409372811298333e+00
2.926172687411052742e+00
2.832159439893596087e+00
2.482528261294396188e+00
2.495195578250315904e+00
2.537373381819505003e+00
1.651805082894564958e+00
1.412825899633732174e+00
1.907946454294677352e+00
2.321534706774186496e+00
1.752570259965475330e+00
1.365022016633010260e+00
1.846246659790462097e+00
1.526409580439509917e+00
1.526295644989335454e+00
1.689389393535958739e+00
1.551953579520940263e+00
1.663131035133179392e+00
2.304164902888689248e+00
2.174228972682928696e+00
2.519023117920745847e+00
1.919929802745784286e+00
1.839658487049435909e+00
1.941469877319826232e+00
2.027879677538372949e+00
1.842138359097050149e+00
1.535231852099569583e+00
2.594703718382044499e+00
1.691421188107823825e+00
1.609491333670582280e+00
1.633513264099826667e+00
1.757792911472185304e+00
1.352571191940848072e+00
2.059856347692883283e+00
1.916019859202620967e+00
1.647920312632606965e+00
1.614341837085891518e+00
1.880305858799264040e+00
1.312806512471002440e+00
1.572925246358543028e+00
1.774250726189998684e+00
1.846069582864954928e+00
1.583734342464639511e+00
2.406930818642188719e+00
2.797780851463169682e+00
2.829108439632335603e+00
2.474029569910920934e+00
2.074284242386413180e+00
2.541165820236044759e+00
2.310565658997120853e+00
2.666545223321644009e+00
2.472587287508756226e+00
2.013876651693224051e+00
1.305800036919274820e+00
1.413333452618520614e+00
2.023386188366507188e+00
1.238419952851452788e+00
1.519675110802136686e+00
1.946118087114253825e+00
2.403740277090263611e+00
2.478557990356941243e+00
2.489270234293905482e+00
3.397662779690044044e+00
3.092085945053674845e+00
2.390308218034170373e+00
2.286865841667321320e+00
1.461989132880568310e+00
1.194841862885547057e+00
1.491212634829464090e+00
1.110391380018238117e+00
1.863205549478596179e+00
2.221402545844529897e+00
1.469514411471174675e+00
1.176683319598291533e+00
2.019928879274407230e+00
1.776808574488449199e+00
1.748791463505054544e+00
1.800192279376805482e+00
1.020946480640282150e+00
1.256571545303063697e+00
1.348992657237698900e+00
1.323155610045774200e+00
1.140860370437474458e+00
1.267826744433554031e+00
1.011946912641929597e+00
1.427472023362952314e+00
1.567832726990488368e+00
1.441289555793551003e+00
1.240897086433791596e+00
1.477683957962910632e+00
1.500321571685486965e+00
1.818454406299033987e+00
2.268926614479528592e+00
2.030986210702790729e+00
1.805518573817425310e+00
1.862972827092133965e+00
1.704390668977150636e+00
1.927725124499935383e+00
1.557991221817692784e+00
1.378259095995876038e+00
1.690291059763876502e+00
1.885759211329102181e+00
1.773426271188256242e+00
1.589568951890072412e+00
1.647510889893157637e+00
1.601265861876455032e+00
1.670759104682799645e+00
1.901086755436843578e+00
2.041969293486086023e+00
2.136678584130459413e+00
1.911375626838558439e+00
2.151807992058279773e+00
3.585797787110142743e+00
2.740768104383694226e+00
1.746941369026562496e+00
1.651297687941970516e+00
2.064816196510507407e+00
2.353282166879026249e+00
1.715514086861446463e+00
1.710501077922912616e+00
1.596041160947742954e+00
1.607537807128762264e+00
1.589011499259644911e+00
1.664403652841839110e+00
1.418604885345933431e+00
1.532369246527058859e+00
1.497038662987022706e+00
1.829670641606342407e+00
