4.753903385642512802e-01
2.916552238770474537e-01
6.298709605511942922e-01
5.894044615068160242e-01
9.900202967034454904e-01
1.027831927121913402e+00
1.740661321091367508e+00
2.226655027658288155e+00
1.018053484682836185e+00
1.175639208833146210e+00
1.592421140765710286e+00
1.458424288740371333e+00
1.103084954193089384e+00
1.043306593484722544e+00
1.324395095998168070e+00
1.128891694880585383e+00
1.000061442231964692e+00
1.270828041207854531e+00
7.821319040537426659e-01
9.681779164964643414e-01
8.615960304405767545e-01
9.426073704561441780e-01
7.739616008494532018e-01
7.343666466049434405e-01
9.093436438938073962e-01
8.239611181585155819e-01
1.130012214868256315e+00
1.184324532350529147e+00
1.199383027944701530e+00
1.039154426159395017e+00
1.611507574159756873e+00
1.157694329967968949e+00
1.001946913620851642e+00
1.102984538257432812e+00
1.627070395823239757e+00
8.765906322534108286e-01
7.290567516588619679e-01
1.091638532128802241e+00
8.374418813306720999e-01
9.173322081621053670e-01
1.024837964132613077e+00
1.145376938064901040e+00
8.663085222721336187e-01
8.363941667484301457e-01
8.743641647760529434e-01
6.322598649425883455e-01
9.729156572849027018e-01
8.333816668603100108e-01
9.424176105677093407e-01
1.377776379473760748e+00
7.179590845222088014e-01
1.079931689209500778e+00
1.032498160949260502e+00
9.414370011514106018e-01
1.242745758871795614e+00
1.206020358768297163e+00
9.360732547346971577e-01
1.421087661533122715e+00
1.495975152493355775e+00
1.086029478596226117e+00
1.008824650926783306e+00
6.927522207424088307e-01
1.013720884518148679e+00
7.614478322429365509e-01
1.366008484124520361e+00
1.351838299491240791e+00
1.180904945751977131e+00
9.906731676339025627e-01
8.084228057486981811e-01
9.116798474622489490e-01
1.103671470375792163e+00
8.883543898115395798e-01
8.569529178581622997e-01
9.572327434418452796e-01
1.509575044637887942e+00
1.093988024034591611e+00
1.111254068356135383e+00
1.264278159977771043e+00
1.335013523625271814e+00
1.153414157620731739e+00
8.053066146734119135e-01
8.455132044521515011e-01
1.517473752180677815e+00
1.341042855209150675e+00
7.388485919577107985e-01
1.045964913631334259e+00
9.899072236734693941e-01
5.906420542603831869e-01
7.901270731374909762e-01
7.404812005258593066e-01
1.292915651152489520e+00
8.833527317545167845e-01
1.439013260798770233e+00
1.184160191002991525e+00
1.269083131259451047e+00
1.742760875351868188e+00
1.399546471330747055e+00
1.121306471070484534e+00
6.602544346335594838e-01
9.426377710389104436e-01
1.039877562518532805e+00
1.055187130646768390e+00
1.276046856973940713e+00
1.024348040140990568e+00
1.610521369788279422e+00
1.550653918211016835e+00
8.449976939570593704e-01
1.064190908402069091e+00
1.252545776691184276e+00
1.211087339717547895e+00
1.338572686776463128e+00
1.403431204663726950e+00
9.886903777240901858e-01
1.086258077631281349e+00
8.932214880802173962e-01
9.567126017121716508e-01
8.722902044300047120e-01
8.518863867374800725e-01
1.204107233722804704e+00
1.177660967799983638e+00
1.883988545447514262e+00
2.129602756689871423e+00
7.541554047305119024e-01
9.420339739908210053e-01
9.072695750514301327e-01
1.001384001154165038e+00
1.549326510725066441e+00
1.554299432228841926e+00
1.213183176101436667e+00
9.032931721506194389e-01
1.437210803755971211e+00
1.324401950815927265e+00
1.137333621560468799e+00
1.115546542901341809e+00
7.447932337050191531e-01
8.107815810521071809e-01
9.159533282585250458e-01
8.580320123094153928e-01
9.878104750882472640e-01
1.000574804409793739e+00
1.993769040762246147e+00
1.435280994780821384e+00
2.009583771900435689e+00
2.145190778101816687e+00
1.328008186785677669e+00
1.416902041378200305e+00
1.285271987641783298e+00
1.360933940570573153e+00
1.379219147321687711e+00
1.344977664806801698e+00
1.231569074570592726e+00
1.048914328148187858e+00
1.067870752815694768e+00
1.095591347145711936e+00
9.054115344602993165e-01
1.235672081763670160e+00
1.355933720494672423e+00
1.208097177660315102e+00
1.490140242836420992e+00
9.729473281083869107e-01
1.175894576944752412e+00
8.317081929500425019e-01
1.707227976728266539e+00
1.341968891372457895e+00
9.505954867589330171e-01
1.231728547036415211e+00
6.555738180149512928e-01
1.520826142613582732e+00
1.013985294385379765e+00
1.021055582086789038e+00
1.374027388639162517e+00
1.349700747585892646e+00
1.038950047766197482e+00
1.793243376305201142e+00
1.741860394926173949e+00
1.240252456686258276e+00
1.235500585331472667e+00
1.315621108429385178e+00
1.608339729133429818e+00
1.782241191537762504e+00
1.421340244098208805e+00
1.664122028342451376e+00
1.384439378591570513e+00
1.504642250952788363e+00
1.732102516034610407e+00
1.518646421069301145e+00
2.363446368655843788e+00
1.686844521255935758e+00
1.285413603445256792e+00
1.282825353441678251e+00
1.299402569339316305e+00
1.676913570085538652e+00
1.245247085379886709e+00
1.575878083572189503e+00
1.802116010823540337e+00
2.209972470413352763e+00
2.269867525761300797e+00
1.911700148291335832e+00
1.820132238706750893e+00
1.791884467066847009e+00
2.544554334584441690e+00
1.783801072011142352e+00
2.493123475808710410e+00
1.644869263309979512e+00
2.223149119508653904e+00
1.579435673883466951e+00
1.595559327315721365e+00
1.904364307800838763e+00
2.124317340523586672e+00
2.482225754288576614e+00
3.292648571213543818e+00
2.991412961282091221e+00
3.223550996498882881e+00
2.737449179838216118e+00
3.540947845549478057e+00
2.879853316756620707e+00
1.995079174246690457e+00
2.385227686992283047e+00
2.544087187310879905e+00
1.734437946357515248e+00
1.982881842197020905e+00
2.125324877382845923e+00
2.001082755804874935e+00
1.789390672313766029e+00
1.611373979457533023e+00
1.350219342188556659e+00
1.956178166717617017e+00
2.096398846780510805e+00
1.809917056550467418e+00
1.613475943848668326e+00
2.246599747676861103e+00
1.825884474523661538e+00
1.556709260258385186e+00
1.910183392977747197e+00
1.973629349721630177e+00
1.976619716325976661e+00
2.168525039001461430e+00
2.299513938145198555e+00
1.706953728160655936e+00
1.939427771769569375e+00
1.729902515455258305e+00
1.620873666342597996e+00
1.867800070045150695e+00
2.312249279239653177e+00
2.567089376620327545e+00
1.913773996138639077e+00
1.889578899032218207e+00
2.183207945342807488e+00
2.015129810820158518e+00
2.118030717396418794e+00
1.770997226816300563e+00
1.493955925456508238e+00
2.083888008052404484e+00
2.178117140646175898e+00
1.559289952820038572e+00
1.549641994741169704e+00
1.486274030712413374e+00
1.718876643585141029e+00
2.001365388354992003e+00
2.248439558406326810e+00
2.984329493304092473e+00
3.109951530967982158e+00
3.434306015782244259e+00
3.765957766161717402e+00
3.144991436002896990e+00
2.867794583197263769e+00
3.053662545259998140e+00
2.798508988567595779e+00
3.270867279014957774e+00
3.385914191576484988e+00
4.473818258987069640e+00
4.301656693447490021e+00
3.653640673097568126e+00
3.395531116801301597e+00
4.046152200223938955e+00
3.757907122291540780e+00
3.755807208779093909e+00
3.721323232402905745e+00
3.481581119547326075e+00
3.699073206437391903e+00
4.650653375985131177e+00
4.261001099289433824e+00
4.804847397919685292e+00
4.331271901345454367e+00
4.519925978871422778e+00
3.587835542627967556e+00
3.950794558111748067e+00
3.607318601202444519e+00
4.160420251179082207e+00
4.353287940982134785e+00
3.469283590067309575e+00
3.412777736680260077e+00
2.728412478194023549e+00
3.523041607043245982e+00
3.194672759868042444e+00
2.066199729077624614e+00
2.405804176410220485e+00
2.270942892117587597e+00
2.517463166381685546e+00
2.661682245345740050e+00
2.385201750514744035e+00
2.318834283409060504e+00
2.077660989386072909e+00
2.431308405970277420e+00
3.089805254099767140e+00
2.510361970487740013e+00
2.134682405564018115e+00
2.784986541273448246e+00
2.815174572782416895e+00
2.876661649001886811e+00
2.905032429437927721e+00
3.106712067012828093e+00
2.966649095629007249e+00
3.619986542378045513e+00
3.165555433041021605e+00
4.257989713304263013e+00
3.699270021227410332e+00
4.602016107549291135e+00
3.137952106147597675e+00
3.596446669346536229e+00
3.466474356192575712e+00
2.981123778131064661e+00
2.886502524766218158e+00
3.045697296758524519e+00
1.951540036560942770e+00
2.197159555843137824e+00
2.508251907182917684e+00
2.516688629910639019e+00
2.494633882260012481e+00
2.806558577751031791e+00
3.128456148602989373e+00
2.622383682817356121e+00
2.967859716112000612e+00
3.152559828842598666e+00
3.179022888243540734e+00
2.438798027651252642e+00
2.524110532379405747e+00
2.449405179029536583e+00
2.181232145310265214e+00
1.761862416790422881e+00
1.271762888768444677e+00
1.224162173575274126e+00
1.973569784145072781e+00
2.127709812120690103e+00
1.244445198343489656e+00
1.547623690630480331e+00
1.572461694820832534e+00
1.182717739455565686e+00
1.729292722844414154e+00
1.292787035916082239e+00
1.517277717406866566e+00
1.624046562598821408e+00
1.229786765092830692e+00
1.790006319009147973e+00
1.455255829502078546e+00
1.855001049545698999e+00
1.779043500013246071e+00
1.827893632512693767e+00
2.274715034565832461e+00
2.236707561774757380e+00
1.772952135228650139e+00
1.525140019362984489e+00
1.932080196904077507e+00
1.994781255965480282e+00
1.651286003319107909e+00
1.323090231231132563e+00
1.864987718454738763e+00
2.094359602859713121e+00
2.013908325528634524e+00
1.624594587993807515e+00
1.675150413845510666e+00
1.928182937370848560e+00
1.260393562320962779e+00
1.182384965256525700e+00
1.257040669561438229e+00
1.262893062599485638e+00
1.424942439341692957e+00
1.331369448650630671e+00
1.336259137741212966e+00
2.176336422078230193e+00
1.628267697720326979e+00
1.466079880603484709e+00
1.696948506871464923e+00
1.734590029499776698e+00
2.101156389452309092e+00
1.793353257519363808e+00
2.011139910913271489e+00
2.223575494436347721e+00
1.495560184707541929e+00
1.615297849704087962e+00
1.898767893464083256e+00
1.604040933260044710e+00
1.841504993805816781e+00
1.650970461958027435e+00
1.731855472425345877e+00
1.178541268542769194e+00
2.222157713640318555e+00
2.180580502284723110e+00
1.770548042359194163e+00
2.047452914595478290e+00
2.085636406550929856e+00
1.960495512520564532e+00
1.883094384161663193e+00
1.876565483208485929e+00
2.437883460084449005e+00
1.755243854946399562e+00
1.675608162148180647e+00
1.326163979558758754e+00
1.775211469959228072e+00
1.824644884343344486e+00
1.309598011983623023e+00
1.167459397088570050e+00
1.259123900439738986e+00
1.435617522696127413e+00
1.622007630911087794e+00
1.598447675266757351e+00
1.171294589398414576e+00
1.343629880822787781e+00
1.212557021354373932e+00
1.140311848607202361e+00
1.618684634327310246e+00
1.407225483028816893e+00
1.604595630245865268e+00
1.829379455780623775e+00
1.397639398826673318e+00
1.598722676869316350e+00
8.462710115407896527e-01
1.439273194113475096e+00
9.035835603245880865e-01
9.983582506315051841e-01
1.212283874884158674e+00
1.036669731034239650e+00
1.233274087687685761e+00
1.425071028377150828e+00
7.457523473335642139e-01
6.720932915288463372e-01
8.575235331258755922e-01
7.635246963046229407e-01
9.227715608216189302e-01
1.325835317139405056e+00
1.257713236762861397e+00
1.194696029872640120e+00
1.336743414513978490e+00
1.351449124021739223e+00
1.580284665679631217e+00
1.694811436766346269e+00
1.070826422642923381e+00
1.181483292232561544e+00
1.316842014658895055e+00
1.260037688330217343e+00
1.642519984513414411e+00
1.934851270009376289e+00
1.706192874957628725e+00
1.617847914476029825e+00
1.765256015858746030e+00
1.885228140646245665e+00
1.691313385706466388e+00
1.135673618053546940e+00
1.194678153602210191e+00
1.180803803153256171e+00
8.693855425297256634e-01
8.593062449052148999e-01
1.001905992934212897e+00
1.067151985611463294e+00
9.434830693344202768e-01
1.144574481564981872e+00
1.689995920473345015e+00
1.698003759896905107e+00
1.915915700694747148e+00
2.243603543118911858e+00
1.977648024165281626e+00
1.998082035329554529e+00
1.805405903399899259e+00
1.730608328211501901e+00
1.827677748196214313e+00
1.205417748775089226e+00
1.753571762069464413e+00
2.102703484883589269e+00
2.971289013696134518e+00
2.864651357032895085e+00
2.446424666779522195e+00
2.092533540476173570e+00
2.360597198076237468e+00
2.165862536457572762e+00
2.362432000519422814e+00
2.376088890478295301e+00
2.043539428105905387e+00
1.487659075410198373e+00
1.963020964612433472e+00
1.619164838452859634e+00
1.695855129020018115e+00
1.891028662886002909e+00
1.325014506224799993e+00
1.513972103965036897e+00
1.487711985385680835e+00
1.340805808754071959e+00
1.510930097034445252e+00
1.701584860752550998e+00
1.277760910070634193e+00
1.028335481267171003e+00
1.380143982400660052e+00
1.453480162263953712e+00
1.569395676809725693e+00
1.381483987727311957e+00
1.580865492851134757e+00
1.214137232020493062e+00
1.511433063027063373e+00
1.402540229313415487e+00
1.509031207360838067e+00
1.667898241974817841e+00
1.135897924162926786e+00
1.759621889398024885e+00
1.540015106664750721e+00
1.271364691640973987e+00
1.541759724439674795e+00
1.237384109572834401e+00
6.344047205065604933e-01
9.002416720442710796e-01
1.245329274555129651e+00
1.156999551010427174e+00
9.671591545444144788e-01
1.163736137340888765e+00
9.090079350139963488e-01
1.080077500602912188e+00
1.062830780856574453e+00
1.186520868844012977e+00
1.122487479667193755e+00
1.645231244448129182e+00
1.302969212202569338e+00
1.268196001781377369e+00
1.192104131056157090e+00
1.189025970200755067e+00
1.255283277739932979e+00
9.711992631629333683e-01
1.052826021464436046e+00
1.187043512834037973e+00
9.711774541879569789e-01
1.092511714598017658e+00
1.113772380888144342e+00
1.384647197984232747e+00
1.353128976696531094e+00
8.538370379746820227e-01
1.269414785463154782e+00
1.400263673584962287e+00
1.032498245514552826e+00
8.790426360631778957e-01
1.130893046938769908e+00
1.163106566653770324e+00
1.252120871336785957e+00
1.346868058992168882e+00
1.916323912329778389e+00
1.616156961166819173e+00
1.310926283992020824e+00
1.090206256617056502e+00
1.060088818604641991e+00
1.152492543260096536e+00
1.564910898171063547e+00
1.591120879685119949e+00
1.883421313845462297e+00
2.037163862384137936e+00
2.038179735757623234e+00
2.108201340784626954e+00
1.823469620822100845e+00
2.043884321031300022e+00
1.861202029680123937e+00
1.746395832743887766e+00
2.614532844842392123e+00
2.578897789106408656e+00
2.610671815973724996e+00
2.712019420292324234e+00
2.549269765516894992e+00
2.618217486024503771e+00
3.035208536603800411e+00
2.653494156568419360e+00
2.636999331752768239e+00
2.524056107814551364e+00
2.292906527531898497e+00
2.477999434825339797e+00
1.834160988850365603e+00
1.743181551355335923e+00
2.035727164032861136e+00
1.773840744462587216e+00
1.342029434884849826e+00
1.853591823521261839e+00
1.841715727523224988e+00
1.553853166662404472e+00
1.413502824532836044e+00
1.440319042709819142e+00
2.539481688651770597e+00
2.589102548547754346e+00
2.335699008912718533e+00
2.533302151945700409e+00
2.486674800010596265e+00
2.695022540239419673e+00
3.108634929445902806e+00
2.619051788154544091e+00
2.930324101095546752e+00
3.383337318529277660e+00
3.119293374061004265e+00
2.826938266325027094e+00
2.306805297265700272e+00
2.257145583324992710e+00
1.957817189648652700e+00
1.839578377091371397e+00
1.792357572503139096e+00
2.497286658776032731e+00
2.335698444944881214e+00
2.898417074954055650e+00
2.798438500798799744e+00
3.246528926060738840e+00
2.132805179625409941e+00
2.318013132538467858e+00
2.947845753760030441e+00
2.660076955628361883e+00
3.005521755682189600e+00
2.018241658720882459e+00
2.328604436916823062e+00
2.360469424760082813e+00
2.084233598561030743e+00
2.370082305290491131e+00
2.872700027312322657e+00
2.942318496868912892e+00
2.295193435981492502e+00
2.299309392535238139e+00
2.409929971767374113e+00
2.234862768992460058e+00
2.125880374765537706e+00
2.267048218910920898e+00
1.758363896987035657e+00
1.643902289515618342e+00
2.067538577187011839e+00
1.790771405099551128e+00
1.673991117328710754e+00
1.218274134676590181e+00
1.580471317081350691e+00
1.963349843987785448e+00
1.218031272659469977e+00
1.368267447497649059e+00
1.919504293108615922e+00
2.012944479035500223e+00
1.365476014658941528e+00
1.881293778913378567e+00
2.017228699382111134e+00
1.770787876427169394e+00
1.825516812902252095e+00
2.270862800964480677e+00
2.698577309699137672e+00
2.072073212521783780e+00
2.321108361386163832e+00
2.050146117915792487e+00
2.698032794578915983e+00
2.211426664946708698e+00
2.978203687388557341e+00
3.319478806851543506e+00
3.616305620641127927e+00
2.971370677781988157e+00
3.505818491497411316e+00
3.782671120599227166e+00
3.388085908078343866e+00
3.326165344463849927e+00
3.409534211893597178e+00
3.710900606077345287e+00
3.834461586372442721e+00
3.744697702971044428e+00
3.911235321800611953e+00
3.830283486129664183e+00
2.794275669879691115e+00
2.757693990444261445e+00
2.572491138404223499e+00
2.302918023590067698e+00
1.857574455961252813e+00
1.506415647836262028e+00
2.398661279644667577e+00
2.003297425000479137e+00
1.967149229220813478e+00
2.059145450653968368e+00
1.803419078483146309e+00
1.814015910817240229e+00
2.738952841316858677e+00
3.086414731862300531e+00
2.334478164827578972e+00
2.793696836136941641e+00
3.649807274980489069e+00
2.993155717355442835e+00
3.201857911448080962e+00
2.686582378262290405e+00
2.249415290536822987e+00
2.445669556311312665e+00
2.756449140559592781e+00
3.442751799926893064e+00
3.658711412982418310e+00
3.981662481925067887e+00
3.106183582564571388e+00
3.641940100650653545e+00
4.548885013862181026e+00
3.908320542399466468e+00
3.646002734521684552e+00
4.037411325907783066e+00
3.217436734013953803e+00
3.533028224875192969e+00
2.802926345231644412e+00
2.379779382062901405e+00
3.310118092131705936e+00
3.004226873323446068e+00
3.680159619734903576e+00
3.470079583059799688e+00
3.118400456709589541e+00
3.178977895838098533e+00
3.686024779942201235e+00
3.628369891473982367e+00
2.412077882844508636e+00
2.683770189388933858e+00
2.830191041359761961e+00
2.446114538827876217e+00
2.883490282035794383e+00
3.127293127124184835e+00
2.931018539190770600e+00
2.788812900412472651e+00
3.161152184908970764e+00
3.077042761418552708e+00
2.786752311102259405e+00
3.231239947804878554e+00
2.381122871399548480e+00
2.920400953667931176e+00
2.432546542869070016e+00
2.385887969514344675e+00
2.868127855814084803e+00
2.854417690146676456e+00
3.091331306436743365e+00
3.213589605604243893e+00
2.685375066309109382e+00
2.312086038212584960e+00
2.443280510334229660e+00
2.373976977498310603e+00
2.579670972655804917e+00
2.368346465585923877e+00
2.365377090263033111e+00
2.337339386765599158e+00
2.262982605618724996e+00
1.705082446264785112e+00
2.361407924058101848e+00
2.237304504233764035e+00
2.532785638260221184e+00
1.893150344187278122e+00
1.803557931041135376e+00
2.306250607697797772e+00
2.106235892397744003e+00
2.138949120129297388e+00
2.220192198136515582e+00
2.497983059051438026e+00
2.548456285843292868e+00
2.572719752194220888e+00
2.975903093534368882e+00
3.221436457190372415e+00
3.049634204798716830e+00
3.405278592806046056e+00
2.756786056768603110e+00
2.587209373587191941e+00
3.079695428527177370e+00
2.974239762185976410e+00
2.574677344106576449e+00
2.841304319632462771e+00
2.992598073252791036e+00
2.999028597637589222e+00
3.013598450707471343e+00
3.087890032869271550e+00
2.800853995134428231e+00
3.295835826907655530e+00
2.951474652376956165e+00
2.751640135925147668e+00
2.652718880285486414e+00
3.018868422208035085e+00
2.829512418546547003e+00
2.503918935713037364e+00
3.134922697607277708e+00
2.880216193164963911e+00
2.598454982157250903e+00
2.171326173456901820e+00
2.227310492737086811e+00
1.859927881786002768e+00
2.143396674891589360e+00
2.042486907359188031e+00
1.924530344014968364e+00
1.796228601134781000e+00
2.274357907523637312e+00
2.342520424345412522e+00
1.911712996587073388e+00
2.140775052445762494e+00
2.994114056891422848e+00
2.449504203419486270e+00
2.193062445322444542e+00
2.160290775807438557e+00
2.235422455362248595e+00
1.760712965711769940e+00
2.021735213239768569e+00
1.886488813943190124e+00
1.802099483378543088e+00
2.182478103188976171e+00
2.042451754462678792e+00
2.225883783907987468e+00
2.601291160268313085e+00
2.215346404494060728e+00
1.843878279680146282e+00
1.653992518324803207e+00
2.360786915093097349e+00
2.268230548233412858e+00
1.924118061494559218e+00
1.849318776517612228e+00
1.730915372471177882e+00
2.436979401590278371e+00
2.179988392503894090e+00
2.310682461675114929e+00
2.549703774031926606e+00
2.955387018862621229e+00
2.811199100675588536e+00
1.285521998545724021e+00
2.468922010292198710e+00
2.012853974939749158e+00
1.789989029162843970e+00
1.828081805987082475e+00
2.119469680863143690e+00
2.414739293581737556e+00
1.814632749348753959e+00
2.209604009629393850e+00
2.404401399267366735e+00
1.678316327790824847e+00
2.409983100738348760e+00
2.350329670523898962e+00
1.987312371157301083e+00
2.206168847992552084e+00
1.346380297214231359e+00
1.537011923336954577e+00
2.649530386558879513e+00
2.743600785362527272e+00
2.257407716554623356e+00
1.950277219274179741e+00
1.949900911062494302e+00
2.698025112134839976e+00
2.545924272074562289e+00
2.846899778615928689e+00
3.003401866441661738e+00
2.973186093999773405e+00
2.709971062545417197e+00
2.371284809041564579e+00
3.277766063223649162e+00
3.188884919117757732e+00
2.579909100825247048e+00
2.512031958950021515e+00
2.369576414750016902e+00
2.242187626258545841e+00
2.098042006694879724e+00
1.995182853089036978e+00
2.639970665668466943e+00
2.349689462733861589e+00
1.827950778582833280e+00
1.812194066806006809e+00
1.737687051988988873e+00
2.046271507631403530e+00
2.416581911190965215e+00
1.889412968381037228e+00
1.478310661027501194e+00
1.805951859743228471e+00
1.625462238191875297e+00
1.464203545369106685e+00
1.715340295291625683e+00
2.132320688573882350e+00
1.837847272312153724e+00
1.602924904513987281e+00
2.201761163381143582e+00
1.576935661428445545e+00
1.829811868126449248e+00
1.696060469814226757e+00
1.375814265462095731e+00
1.255093286814278120e+00
1.278286387721466300e+00
1.819495345004016773e+00
1.638184995873370742e+00
1.629024858139408227e+00
1.161901921929763049e+00
1.315274254943043841e+00
1.271004090121300889e+00
1.271825500740361381e+00
8.989302517741764031e-01
1.239531670550563902e+00
1.057621878511989078e+00
1.150645529818135948e+00
1.365267272427275191e+00
1.030783266155923528e+00
9.415770064498898417e-01
1.379675570249513594e+00
1.244261768662396239e+00
1.283370606963820215e+00
1.885861013978547440e+00
1.685856429052824623e+00
1.423546547539463525e+00
1.411545360236480251e+00
1.620395381452643058e+00
1.702154724292527677e+00
1.381286082533679238e+00
1.495630844279874250e+00
1.729926217568270808e+00
1.646054094241607979e+00
1.374202421758657255e+00
1.540087843913065857e+00
1.688590947411351184e+00
1.700900530337289940e+00
1.882828061963669697e+00
2.363100117462465288e+00
2.898184807736245983e+00
3.193543098791434609e+00
3.526000612236568799e+00
3.933848947445545363e+00
3.286842686798159718e+00
3.264599640853078188e+00
2.863067918704897075e+00
2.004489716435545965e+00
2.115449539537470613e+00
2.010173562985968498e+00
2.105010554897485342e+00
1.671468440094257879e+00
1.727545202069871833e+00
2.081993680208357844e+00
1.965557462253846754e+00
1.722908315941174440e+00
2.724496788111938628e+00
2.525234394754229506e+00
1.758110261647591877e+00
1.748522276494404615e+00
1.399821142519711570e+00
1.025110195541515834e+00
1.695945669474236084e+00
1.777485875647640157e+00
1.634967719101831918e+00
1.344644525736790941e+00
1.675651772535553974e+00
1.875012206356964306e+00
1.967729836432566159e+00
2.073244711948570629e+00
1.562829169170802279e+00
1.320911038628886480e+00
1.127813748146603956e+00
1.170677426045335645e+00
1.239150423120038536e+00
1.190512228342138101e+00
1.262624485377179084e+00
1.370629840120653586e+00
1.522621976351964612e+00
1.835951470753588222e+00
1.211442965324053489e+00
1.177346242523223285e+00
8.656312991115097111e-01
9.644683383216483552e-01
8.270334293212205923e-01
9.490742042614213059e-01
1.334182267078573236e+00
8.432778921106007797e-01
1.641077974056987188e+00
1.139930385803438417e+00
1.308483551858725669e+00
1.601299998019902304e+00
