1.692874645680775836e-01
4.395137902283142717e-01
7.877067453148849374e-01
9.422078510324424228e-01
7.479827611535376786e-01
1.113739282293353172e+00
1.084982956859405379e+00
9.214619039943465761e-01
1.714633035874816080e+00
1.577870026664381697e+00
1.755685741293020241e+00
1.387352407379969454e+00
8.151541779646269692e-01
1.089095646622986191e+00
8.766728559997836179e-01
1.376110874593367894e+00
1.084610763863475436e+00
1.115007172572391347e+00
1.179939595870114211e+00
9.583646175762416952e-01
1.107022466545775963e+00
1.102462981796581420e+00
1.689552650374970710e+00
1.176145367901909822e+00
1.457614207907398818e+00
1.281074313636514583e+00
1.160893735829670703e+00
9.282699635717956976e-01
7.908046734987039805e-01
8.665086252151605883e-01
1.051838047374604068e+00
1.049843422849924046e+00
1.297805372015013115e+00
1.035443661177588348e+00
9.916493875755199028e-01
1.051710899499228580e+00
1.108973725536539279e+00
1.490985620132936784e+00
8.676198439710179899e-01
1.121744708477331098e+00
1.403630940522335058e+00
1.406430674578533102e+00
1.301956283059276576e+00
1.538240047582638770e+00
1.665600024807910806e+00
1.482846740256818840e+00
1.158273706843182538e+00
1.391940624645970903e+00
9.024147619902807005e-01
1.386035306325561711e+00
8.847619901367781425e-01
8.599209799966021084e-01
1.842755021191356590e+00
1.531440094729242807e+00
1.039118832499623890e+00
1.319040572549127432e+00
1.217139889259728935e+00
1.622443026548420431e+00
1.359982821475766546e+00
1.341384097579394918e+00
1.339687368097677300e+00
1.336043565402285527e+00
1.786674301388333053e+00
1.515660929602078211e+00
1.258006439334098836e+00
1.735594832996869119e+00
9.940250408437905083e-01
1.198578068013296472e+00
1.434048014954224737e+00
1.357937381526089116e+00
1.749447083380608614e+00
1.628043826430629615e+00
1.350017073021301917e+00
1.429779018494452103e+00
9.224020818556745160e-01
1.036433451338560685e+00
1.860701419779694277e+00
1.266283415469327878e+00
1.059441320493192285e+00
1.089617185140247635e+00
8.470706376537499027e-01
1.031475254829350874e+00
8.410097654952786161e-01
5.972578677780083778e-01
1.174214016955705819e+00
1.653532502225197653e+00
8.139528184521026555e-01
1.186476797674302031e+00
1.624126863623978512e+00
1.397947258426868622e+00
1.509450332937187333e+00
1.575093283347709816e+00
1.223654310787510635e+00
8.409336568554511837e-01
1.046289721890370394e+00
1.145546965346820434e+00
1.347037704430822158e+00
1.162824151349733048e+00
1.226868051596845088e+00
1.202244082699722938e+00
1.175461603077520456e+00
1.052715125582168509e+00
1.245316021079539315e+00
1.040929620236225039e+00
1.221635071421005136e+00
1.245804700226599948e+00
1.146453260533252916e+00
1.130168962111584463e+00
1.517008447741323707e+00
1.241460154448879472e+00
1.937346858241665970e+00
1.732108586908129855e+00
1.270564621972760877e+00
1.181369223923831813e+00
1.144273513774941797e+00
1.227401791142432197e+00
1.205533051150327717e+00
1.851692539551648364e+00
1.646594001009026975e+00
1.527721025027326318e+00
1.937702289662704302e+00
1.990550102762818963e+00
1.413977125110680300e+00
1.366988308529986540e+00
1.115529150124399793e+00
1.556335735273166598e+00
1.556960586795522072e+00
1.270093406725207874e+00
1.448671802447839774e+00
1.475428673927579037e+00
1.969792565757652714e+00
1.847109383944409933e+00
1.766351438330733270e+00
1.537921180628226470e+00
1.511649989449609155e+00
1.164715144809604030e+00
1.676891673688776230e+00
1.181657968515804402e+00
1.023502483582524603e+00
1.073355213392952479e+00
9.460395224614229770e-01
9.102676737012080910e-01
8.567255621160863033e-01
1.090547791907143349e+00
8.396586889449457747e-01
1.387074450174141882e+00
1.276451490726869809e+00
1.045587846244016905e+00
1.350624611656067620e+00
1.214388030568051002e+00
1.378745423297481398e+00
1.524488617532826495e+00
1.304862592979887825e+00
1.344742069471413171e+00
1.881340498652727344e+00
1.729125169405266504e+00
1.160823081898112008e+00
1.191735973480258837e+00
1.896265566584891538e+00
1.502256064870864494e+00
1.383220977575439825e+00
9.691776914943908139e-01
2.100444160826660855e+00
1.568532079276969693e+00
1.527819260363798559e+00
1.999398949250016821e+00
1.799753725884453814e+00
1.804147897689884150e+00
1.272348256935103450e+00
1.320595339962846282e+00
1.029381731232231534e+00
1.851537070378295624e+00
1.456464564468916922e+00
1.974859397861336019e+00
1.382084239223999589e+00
1.269490026111632641e+00
1.315738558867957764e+00
2.019806190546060698e+00
1.276505147186519196e+00
1.273900754511984035e+00
1.276514453595139820e+00
1.311731176492766160e+00
1.111605537616600303e+00
9.044964789108578262e-01
8.826870742585044560e-01
1.103073908928363212e+00
1.229965989393732029e+00
9.396281148669911598e-01
9.069090217805546583e-01
9.806449114648382315e-01
1.081997688869423158e+00
9.064390343689119334e-01
8.956297349469752866e-01
8.999118539622459334e-01
1.281963411099830363e+00
1.241452020005449741e+00
1.211113556102006328e+00
9.875021191031427836e-01
1.110838548548836346e+00
1.347003575791047680e+00
1.363059380131810494e+00
1.425633305308652066e+00
1.299137067770725462e+00
1.112058267464659522e+00
1.220809143585545264e+00
1.508113190032718709e+00
1.281960924738002383e+00
1.178346016611555802e+00
1.214150441215651632e+00
1.270999586070552745e+00
1.016500219733574628e+00
1.154115679229392510e+00
1.409052581881083288e+00
1.521997526727047578e+00
1.161627292564272107e+00
6.972354659729287363e-01
9.536614001493075587e-01
7.619268742676194028e-01
1.357221999697112214e+00
1.447435472874631479e+00
1.202129568358672351e+00
1.035469426635913681e+00
1.666487332129963583e+00
1.381772612296398695e+00
1.529749961632962618e+00
1.310609250169659568e+00
1.052106773157360786e+00
1.139758748035843539e+00
1.956673443541848467e+00
1.274088341313455164e+00
8.827319650265608164e-01
1.012443357626901408e+00
1.075541170849279915e+00
1.106026195661966582e+00
1.405187082857485503e+00
1.098448826947155510e+00
9.420458593058159691e-01
9.439889768852733898e-01
1.016334591863550685e+00
9.188288176208363467e-01
1.077596435749775150e+00
1.111154513283028056e+00
1.105942762111816968e+00
1.135834975167633321e+00
1.090258225520409852e+00
7.482846114481478406e-01
1.184497808363663696e+00
1.216809770867944618e+00
1.699140253369053166e+00
1.038405394771108714e+00
1.315704553427589074e+00
9.378630845694090334e-01
1.503998831332198360e+00
1.362124867572541920e+00
1.787251773100683172e+00
1.761726545889787054e+00
1.666857240658797368e+00
1.044514403358990151e+00
1.812417747154531078e+00
1.571510324109410828e+00
1.185118445574295576e+00
1.051409725297690834e+00
9.867639200261681953e-01
1.184752130937793080e+00
1.594211461296620946e+00
1.942430800975318395e+00
1.153864588955204606e+00
1.052002694483408884e+00
1.252562615208634655e+00
1.074316047949501973e+00
1.292385917788934746e+00
1.244138491158305104e+00
1.562837075504261097e+00
1.525955757366909360e+00
8.081798422299775186e-01
7.842316284153503236e-01
1.190988198986590918e+00
1.233666239804133369e+00
1.176728077024964625e+00
9.776378706894469639e-01
6.412005565024607723e-01
7.438768733203648953e-01
7.524363516813088459e-01
1.738851580470986757e+00
1.083233876562131659e+00
1.242875593261764333e+00
9.491283513477728473e-01
9.538207681641057700e-01
1.677069175616972219e+00
1.270739658188250853e+00
1.559766849582481019e+00
1.807454066331374065e+00
1.444819740282682785e+00
1.516570268094028062e+00
1.538319890759614950e+00
1.067170095092324189e+00
1.527529334503829439e+00
1.958997478171142781e+00
2.219081864194259790e+00
1.503238644785113820e+00
8.918560649315723232e-01
1.153615725253006374e+00
1.419903123898304198e+00
1.293687975428988279e+00
1.052442397992092937e+00
1.035015323959875166e+00
1.185337043884564512e+00
1.584379753089292464e+00
1.042766427871467227e+00
9.690187687678930573e-01
1.274042549358544330e+00
1.319668671033670027e+00
1.239470014140440668e+00
1.249439171752973143e+00
7.857350820626601839e-01
1.387785542119629900e+00
1.843760763513085266e+00
1.924451885375730420e+00
1.539345855738209590e+00
1.920537410286277114e+00
1.046866240518074864e+00
1.303374452037417752e+00
1.271141146321341342e+00
2.203152340496437933e+00
2.143055074686787353e+00
1.435763052603286072e+00
1.042335856256497051e+00
9.170731931870268472e-01
1.195666769702084853e+00
9.043814622930028690e-01
1.217708097636031273e+00
9.391446057113382873e-01
1.116077470654364134e+00
9.777069086444687418e-01
8.883934312597929761e-01
7.085739484175037628e-01
1.269498836127940011e+00
9.742554914668805077e-01
1.050603546604483407e+00
9.537789949224304564e-01
1.375137386099973380e+00
1.496963164852092465e+00
1.528759772933149019e+00
1.610520419806872994e+00
9.345558676245580010e-01
8.065088389510358668e-01
7.615512211665221853e-01
7.586495870291094512e-01
1.258878406098456360e+00
1.330327855336530973e+00
8.841269203145196709e-01
7.511017746125761008e-01
9.388436180414457821e-01
1.049082807109602555e+00
1.174418110457215336e+00
1.843803623102532985e+00
1.168715393083326060e+00
1.413166634973372915e+00
1.470213852153383183e+00
1.334140302598437300e+00
1.966668247593028163e+00
1.386851835427150181e+00
1.043035270574061979e+00
1.048758650226643940e+00
1.399437550476390069e+00
1.358119367926398535e+00
1.100969409239918040e+00
1.166810769052986974e+00
9.992790909353990170e-01
1.112786008191576581e+00
1.469051157832426568e+00
1.474343474778372354e+00
1.386184783724124348e+00
1.167693654516283264e+00
1.220899642813173536e+00
1.331394022230081742e+00
1.640847049195599983e+00
1.736168639925150359e+00
1.273761316525340970e+00
7.955722045349222782e-01
1.317499611729317399e+00
1.133941462529691524e+00
9.244412895836479072e-01
1.114023448057062327e+00
1.376542992953885047e+00
1.489842507624635548e+00
1.125759455918813767e+00
1.359198932806792381e+00
1.143188762026881022e+00
1.145308985846988481e+00
1.246359346431581194e+00
8.222237778815115750e-01
1.141885473286414099e+00
1.099568594325539106e+00
1.134735730801953224e+00
1.461786595645245157e+00
1.425603327285175581e+00
1.487325743028770075e+00
1.382290919395546158e+00
1.285393625851911636e+00
1.301007907246190420e+00
1.220943352856241448e+00
1.565821408823847349e+00
1.042685366124599389e+00
1.317525705658053825e+00
1.591962857472986048e+00
1.523281377169304118e+00
1.259390847636874255e+00
1.377765143345480503e+00
1.577982380057364686e+00
1.323901365899217364e+00
9.229161800311687092e-01
1.554828514390914851e+00
1.369680603031840693e+00
1.287790907406877183e+00
8.614180037934178191e-01
1.163137100928794521e+00
1.014408975696380999e+00
1.404827386165745207e+00
9.879483220511087183e-01
1.339655437677399918e+00
1.296282370451951493e+00
8.792943620601225696e-01
9.844574893823645478e-01
1.027066806562433321e+00
9.916571628762638202e-01
1.015373503614458217e+00
8.576219739291464084e-01
1.157673053196585977e+00
1.366860649206927514e+00
1.251612733145837320e+00
1.291494131055529682e+00
1.389072482185617741e+00
1.184951913563812909e+00
1.047506492814442636e+00
1.058161104117239182e+00
1.099375398863730258e+00
1.077224257240195104e+00
7.379298823320259437e-01
8.052251376119214932e-01
9.177970343552178667e-01
8.109174609334004469e-01
1.367777908530745545e+00
1.003243235037258874e+00
2.307964826546533565e+00
9.564075443465251958e-01
9.993119776253305275e-01
1.060713212523567872e+00
1.152368550231204214e+00
9.876304084954486973e-01
9.599703915590339642e-01
6.963609666063583781e-01
8.197711520917488892e-01
8.936433251253577126e-01
1.029085355813063263e+00
1.525594016076903703e+00
1.273390815429539691e+00
1.107518955653448378e+00
1.396751847465590224e+00
9.005537294606745791e-01
1.320340878053984923e+00
1.310105452043681007e+00
1.493405784179385964e+00
1.342871973071950720e+00
1.054977866513811424e+00
1.082617118524730193e+00
1.204272936158322427e+00
1.237907752103095227e+00
1.660710582727249252e+00
1.221291753219934773e+00
1.372359187735025632e+00
9.469978920965904656e-01
1.407885768994757480e+00
1.287168709216839124e+00
1.418549452465099225e+00
7.304072880541612189e-01
1.106947833604182696e+00
1.115624312126936468e+00
1.212709013805348235e+00
1.222089114265921150e+00
8.763097585619387120e-01
9.739098783058062203e-01
9.605417184261360042e-01
1.024667292360089466e+00
1.359577183383537502e+00
1.804521677910595479e+00
1.770134398444866530e+00
2.315099836072272321e+00
1.242435344798446861e+00
1.519146844289542830e+00
8.904354187996663672e-01
8.417071175591016585e-01
1.417126853862201052e+00
1.528171318601994955e+00
9.990892244489382179e-01
1.359327448279257444e+00
1.033928751005625646e+00
9.784258849706031214e-01
1.511444199496058793e+00
1.842974910295740010e+00
1.248059136171337347e+00
1.209439902418670165e+00
9.789740075008578346e-01
9.713589027522406827e-01
1.513382675778029096e+00
1.745124483232748158e+00
1.279578515601606403e+00
1.182123121806225807e+00
1.854681629284703259e+00
1.439149879529022957e+00
1.052131842509787418e+00
9.042137063791643170e-01
8.896470347469012108e-01
7.406640003809168427e-01
9.467837410867151471e-01
1.026229286651241690e+00
9.548066554977550080e-01
1.575265473190875731e+00
1.135406018551073704e+00
1.098786087698104375e+00
1.703769100653533819e+00
1.484550348318587121e+00
1.557794434987142651e+00
1.841867455541949639e+00
1.821068356642018715e+00
1.317437501372923370e+00
9.294082130007241815e-01
1.249206335904596177e+00
1.338345771101295600e+00
1.079613176086029691e+00
1.098429579685084256e+00
8.369446916041951567e-01
1.613632796897268129e+00
9.442170075134282969e-01
8.069517735695423966e-01
1.126227727711771820e+00
1.098830711431762364e+00
7.450312973351227441e-01
1.483034571199720819e+00
1.459252099772569533e+00
1.422773603641448226e+00
1.625647337545238269e+00
1.878021306373177435e+00
1.055402298965243402e+00
1.339360541122273318e+00
9.332518364646977815e-01
1.135988537295254286e+00
1.148666070876050549e+00
1.117188902733246225e+00
1.202998463740535096e+00
1.075548971550278399e+00
1.100971978527321538e+00
1.151691607338714451e+00
1.108062311522617804e+00
1.439321356570118393e+00
1.726845847209853346e+00
1.266657561800130560e+00
1.138274952014671104e+00
1.690029450653934617e+00
2.262120745695177515e+00
1.044511687500411679e+00
7.916763107946642730e-01
7.847778113895171881e-01
9.466881544478125132e-01
8.184897732703805273e-01
1.015497146184365374e+00
8.322736215004022942e-01
7.754592140744775985e-01
9.735645939438453134e-01
1.226328658361408142e+00
1.051878600407660791e+00
1.232998694909679394e+00
1.110646317102171876e+00
1.205409223749247527e+00
1.347652933502292649e+00
1.530026456488836395e+00
1.035105641360876128e+00
1.272610097253403794e+00
1.305215654370062150e+00
1.207463522361813535e+00
6.265791262266386941e-01
6.981752996479760887e-01
8.533056685572186773e-01
6.948014345968771543e-01
7.221613406516820266e-01
8.122276196342324006e-01
1.242130585313582225e+00
1.048797802974080318e+00
1.643960015627650595e+00
1.756550068182443747e+00
1.251949285403937573e+00
1.469899593328716669e+00
9.191416054333161334e-01
1.078267821819637540e+00
1.195552699638289917e+00
1.533998487566774038e+00
1.211407677705603980e+00
1.141583550249088974e+00
1.075902799852045177e+00
9.519755768952640196e-01
1.486928911776678852e+00
1.686972333416345560e+00
1.267832806328036854e+00
1.315020454344961731e+00
1.225627944323932850e+00
1.361794596494134701e+00
8.798988130436938837e-01
8.936512615853959840e-01
8.017147675374634019e-01
9.668738222617514477e-01
1.153900355933893174e+00
7.438751463062548419e-01
8.751331437670464286e-01
1.078982720593506306e+00
8.807994285239635346e-01
1.271057530166753047e+00
1.146646844542678068e+00
1.477201728810772607e+00
1.211318875921131077e+00
1.194650835176669368e+00
1.283387469782322210e+00
9.193392323205402672e-01
1.052465263025248454e+00
1.079109397306126539e+00
9.218290996579532326e-01
9.384532600372427202e-01
1.383195938540402903e+00
1.282784707859511819e+00
8.578866231654767027e-01
1.216586440025063665e+00
1.266920513797183290e+00
1.627549393174864800e+00
1.035373575927245104e+00
1.247855293702771151e+00
1.838315053464089299e+00
1.455993168097337032e+00
1.615024511563773135e+00
1.460003606698794920e+00
1.785121307487701259e+00
2.312768370216293334e+00
1.110428570593005482e+00
1.101008200046613261e+00
1.117648081913887204e+00
1.222201195360908876e+00
1.118993645066875819e+00
1.290584819838936470e+00
1.078319482110336569e+00
1.013646828078790918e+00
1.830325372013291041e+00
1.575263863556894739e+00
1.542191482512274003e+00
1.099646309570704528e+00
1.015566129417185381e+00
1.068286559621314247e+00
9.734492877436913272e-01
2.013519844684904747e+00
1.365523857551257159e+00
1.096662518364359906e+00
1.162180937644880618e+00
1.332441964526911438e+00
1.331520128447481355e+00
1.444252344789490827e+00
1.323475277210039547e+00
1.384612416797283085e+00
1.887106506940173123e+00
1.807865115542652612e+00
9.959282767607099407e-01
1.177520406232430483e+00
1.315807265577697338e+00
1.065270590795741601e+00
1.080207679594446635e+00
9.835500279461641959e-01
9.175758670221177971e-01
1.131383825562568557e+00
1.384373616585313771e+00
1.455877301198884588e+00
1.227286974923472496e+00
1.132284858677454764e+00
1.093770274795244024e+00
1.513639170270479672e+00
1.227152860466396156e+00
1.404224142012058696e+00
1.303721387837523338e+00
1.284651779907863389e+00
1.460780308803421912e+00
1.031661105378147703e+00
1.312430923745422140e+00
9.368872416060330943e-01
1.401859351127355158e+00
1.187442376939444433e+00
1.026905729729310046e+00
1.269904210214486850e+00
1.424834719155312790e+00
1.376285773460538486e+00
9.912474396109985930e-01
9.925335914314696861e-01
1.349380825552358942e+00
1.386313871062255565e+00
1.443690364047739205e+00
1.481579522417244998e+00
1.131811054094989943e+00
7.366729542613970061e-01
9.397054732798968413e-01
1.220083168028612608e+00
1.022593334603394410e+00
1.339081645004998711e+00
1.487075079483819451e+00
1.543109396237901887e+00
1.700100071068868068e+00
1.351119262524773212e+00
1.092472142634005827e+00
1.229934081628620612e+00
8.310483399135872862e-01
1.023853491263066573e+00
1.087403363844065440e+00
1.019803759805839816e+00
9.746771361054518135e-01
1.062999934580249217e+00
1.259000993524158840e+00
1.362254933658723299e+00
1.366821453202184289e+00
1.163038594984671548e+00
1.410479460714396005e+00
9.387636500996308087e-01
1.933843226256785730e+00
1.546206922793599947e+00
1.229576875243553413e+00
1.200428543218459154e+00
1.187248226419669317e+00
1.317806720106533547e+00
1.301353630640350367e+00
1.274952365831899526e+00
1.106172144817479497e+00
1.204344135492214862e+00
2.264930542814110215e+00
1.325204940952276145e+00
1.207738516648111160e+00
1.335414818909590906e+00
1.234210388782342793e+00
1.564888226699653329e+00
1.892253902904088125e+00
1.584308495430195585e+00
1.106001048864345027e+00
1.154931155246398777e+00
1.312684789377193795e+00
1.039139000902500110e+00
9.442025396717081964e-01
8.556628671013957188e-01
1.078884527838009921e+00
1.628722926932653747e+00
1.113069865576836293e+00
1.147183187881384736e+00
1.802333901197126664e+00
2.190994408741291366e+00
1.165398851016822501e+00
9.505338445864891517e-01
1.787716754611219816e+00
1.431216678529373620e+00
1.516596951344437061e+00
1.261139172096271910e+00
1.096931924914097634e+00
1.355500427020070342e+00
1.179944187225760999e+00
1.074456587496071869e+00
1.628695280595850559e+00
1.813918573751053032e+00
1.466860071739034321e+00
1.601223339394000966e+00
1.599936067556309682e+00
1.042919104261618379e+00
1.096141517182046776e+00
1.072967263006192384e+00
1.611850887132890708e+00
1.560933288916283024e+00
1.179911234705609990e+00
8.869493423205878635e-01
8.952059304172154119e-01
9.875084142526044939e-01
8.975821927732681171e-01
1.181754263395159432e+00
1.206215094747100647e+00
1.322011621169133289e+00
1.396461480239983066e+00
1.299826903031830794e+00
1.488897848398945012e+00
1.542944678046780593e+00
1.471441349283856503e+00
1.404385975076836157e+00
1.436820159123440632e+00
1.558542629505642596e+00
1.795904902048951701e+00
1.650496781635299559e+00
1.727281924320546391e+00
1.272079597589880429e+00
1.504407821802980383e+00
1.215029454919580809e+00
1.407173856902574238e+00
1.639924393663871882e+00
1.450809492186145633e+00
8.418211845383427594e-01
1.383621406424190070e+00
1.482841415189715351e+00
1.009316537028440486e+00
1.095378495401676533e+00
7.685117160971348671e-01
9.894928156189066737e-01
1.311053344875539928e+00
1.077426252144552121e+00
1.245494308833135388e+00
1.373070814429742992e+00
1.383183261722191748e+00
1.345038721688774697e+00
1.526636616221042075e+00
1.207593261448031363e+00
2.583462058285683760e+00
1.511047514644719314e+00
2.220232878347892846e+00
1.865874832230311586e+00
1.408919506905538466e+00
1.307214031818791256e+00
1.266756435906758238e+00
1.479959639156072093e+00
1.133863320231863536e+00
1.600043595115015371e+00
9.453228159490985050e-01
8.118086858898910796e-01
1.136098806793227167e+00
1.205900528125807725e+00
1.331691621863630770e+00
1.311386430045913043e+00
1.850078626041127716e+00
1.847564154227813393e+00
1.816540655402005155e+00
1.092592514219293154e+00
1.261010348601263820e+00
1.130752685868825713e+00
2.013953548844281904e+00
1.643117212364990642e+00
1.438000865608191514e+00
1.342818441987307931e+00
1.410840908563125051e+00
1.174000125825121366e+00
1.383869392375471241e+00
1.346279785257463724e+00
2.020058333520129423e+00
1.741891768917161798e+00
1.291628559033559220e+00
1.260152990163024622e+00
1.240292341729424042e+00
1.562473858087523038e+00
1.327229036944337581e+00
9.905828835764151075e-01
1.149676429482153983e+00
1.289072198824987581e+00
1.028062387526844645e+00
9.760250103573362424e-01
1.297548841691393617e+00
1.195308745725261801e+00
1.146958358322758498e+00
1.160811670073841340e+00
1.334390400360216500e+00
1.334520349985349519e+00
1.238673410329488078e+00
1.586665522782195747e+00
1.253189926617709116e+00
1.137701518445892734e+00
1.153524405414657839e+00
1.519177945219645665e+00
9.275522326036966803e-01
6.427696062065022531e-01
1.536800547303833975e+00
1.880723463358161318e+00
1.686802614343656082e+00
1.464831680953580406e+00
1.330163078843347169e+00
1.093194344307969468e+00
1.028158805876309589e+00
9.467356644148399170e-01
1.177501158257835412e+00
1.206773017610732968e+00
1.424246711150003453e+00
1.420532351181356567e+00
1.241371469597997379e+00
1.569384708884191015e+00
1.383649013062585365e+00
1.111476364919435023e+00
1.144632820416491503e+00
1.518916913858173734e+00
1.286751212353119511e+00
1.726414708878170945e+00
1.873646419266797203e+00
2.125355874849523374e+00
1.441150730033194938e+00
1.238052895771431627e+00
1.163600068260290943e+00
1.242911263821000034e+00
1.013280856096265836e+00
1.028754334144837301e+00
1.260710961915455286e+00
1.082543688350854572e+00
1.184091528743553390e+00
1.628956344121033961e+00
1.266098068903909191e+00
1.270291027988134758e+00
1.160116792023366150e+00
1.341535499155297018e+00
1.544546930666629514e+00
1.589890172591609030e+00
1.329389630088536833e+00
1.311092630475463761e+00
1.134998494807573532e+00
1.288274621702168332e+00
1.061381521291736796e+00
1.513152911202635176e+00
1.260443447793096805e+00
9.073353163107676922e-01
1.058489692527151860e+00
9.220626637187276931e-01
1.200347673458937559e+00
1.256369788663308285e+00
1.153138136124609137e+00
1.192746271330614283e+00
1.121631147379801963e+00
7.375484717175982974e-01
1.085304461967975032e+00
6.556660589274742046e-01
1.299771696163197543e+00
1.068520956428416380e+00
1.536527496859511288e+00
1.679663156102166655e+00
1.614548076298522705e+00
1.721610712418126798e+00
1.803651182033672029e+00
1.443323597442175643e+00
1.228836008539436975e+00
1.343830795155157354e+00
1.373480868353711859e+00
1.400076219300180114e+00
1.713991467720016315e+00
2.272266624020552683e+00
1.814084378021865840e+00
1.730415933374522375e+00
1.135895124081126584e+00
1.360384700040070616e+00
8.798961221113863473e-01
1.615577049324193215e+00
9.610945851298680065e-01
1.179330515929940759e+00
1.035374061703066673e+00
1.079668320124664627e+00
1.402821314814931553e+00
1.116472704236910918e+00
1.575742234119320795e+00
1.199595304685788344e+00
1.624358721476458545e+00
1.371447280883762110e+00
1.107539428542437143e+00
1.239457785868579354e+00
1.108095057310389375e+00
1.004351953626660299e+00
