1.135716767056353715e+00
5.759727490520822890e-01
3.369397126275662124e+00
1.735172587143281264e+00
1.572193188829332122e+00
1.538241858393359474e+00
3.298578743148287362e+00
2.772060019158985256e+00
4.161370914177994429e+00
8.159859969350147679e+00
4.191671321434350617e+00
4.004881352334850320e+00
2.888844554697490796e+00
4.797560643157247284e+00
5.930147320433795777e+00
3.269376600288466772e+00
3.451138743863495506e+00
3.829731965116581538e+00
5.065249075628114106e+00
5.111206988179569422e+00
3.845400138917528743e+00
3.395310955597434344e+00
6.972923705996179500e+00
6.537508647376268911e+00
4.055023992491078033e+00
3.482948483373333293e+00
4.619644195634974970e+00
4.064053391019973205e+00
6.530471472552228818e+00
5.512000696717906045e+00
4.090272242078040854e+00
2.114206718780074379e+00
2.326502219064486177e+00
5.065147236553998233e+00
8.951207223808888003e+00
3.948232287757925452e+00
4.065725660753663817e+00
5.311054388396851067e+00
2.508080319099449174e+00
4.948405649762039893e+00
4.362076913630709818e+00
5.238758014017895093e+00
3.486635378138957631e+00
2.410481485678670044e+00
3.081905223744573874e+00
2.995743578526932627e+00
5.891079772385316105e+00
2.752660276633817737e+00
3.362305121995099455e+00
4.098014331025531476e+00
6.702065825331422921e+00
6.250382680753845399e+00
3.034770876687752583e+00
5.495720385996077262e+00
3.869089114269092633e+00
2.903758585255182822e+00
8.287660156814576240e+00
8.708576753863606967e+00
3.335144599765677675e+00
4.181198226904742299e+00
2.765050413100809568e+00
3.447645880879936175e+00
4.934680957234575338e+00
5.525552361166875315e+00
2.791307935790202421e+00
5.490931956667697733e+00
6.780546441986154527e+00
5.122394633043387380e+00
3.063216474853866611e+00
4.045989708326890977e+00
6.249181597517308617e+00
8.254322482710374942e+00
4.386635115010541597e+00
2.488962700798488914e+00
3.814605398369267597e+00
6.175112149562917985e+00
5.549291002455688293e+00
5.622432611827663962e+00
3.660762132412718639e+00
6.285298423880034235e+00
5.974225031797742780e+00
3.456552202393776252e+00
4.315232019613971737e+00
1.043994456845960173e+01
3.791450152355786862e+00
6.192736148768259952e+00
2.909811517891957688e+00
5.293722033969240570e+00
2.524988249770281801e+00
3.291023824718847912e+00
2.814188330168934105e+00
6.813917822053307205e+00
4.188055868173715446e+00
4.803744902680485040e+00
3.786688640792376326e+00
4.301794792405965850e+00
2.246546483724453758e+00
4.663441405590352140e+00
2.752822266211987667e+00
6.910909399509963080e+00
3.577048186842002320e+00
5.163215995029518446e+00
1.794514358377709451e+00
2.829368802863530430e+00
5.092807890822294681e+00
2.106292859144329288e+00
5.861148023871881385e+00
4.642097829967156919e+00
6.383152434675528397e+00
4.109460204180509280e+00
2.267176557949993843e+00
2.238544284884659064e+00
4.040176719170698760e+00
3.627050676791230277e+00
3.960445683523945437e+00
2.030652588857100760e+00
4.746009639150529758e+00
4.704209918902424903e+00
1.953771910396162825e+00
3.391198665503212251e+00
4.777367168107101492e+00
2.947740302831459047e+00
2.815523534732761846e+00
4.074815732050040218e+00
2.795953334085909514e+00
4.285983379650610381e+00
3.444170194586153144e+00
5.978538937773402395e+00
8.751978426916608100e+00
6.369252786913706998e+00
4.184288593886452468e+00
3.551818662746371036e+00
5.649416434395481801e+00
4.756544282306447435e+00
5.886141735093440630e+00
6.542125680513046770e-01
6.592112043911384056e+00
2.520389168393129431e+00
2.346594717656890872e+00
6.182990442923246732e+00
4.050634766463147685e+00
5.010584283144885909e+00
6.465102257506954331e+00
2.868358012276183366e+00
6.962270475280448956e+00
8.605947177173007390e+00
3.706317858329156056e+00
5.965009902686687404e+00
1.942153094772454125e+00
3.234572338574888128e+00
3.362137205004454010e+00
5.897588010920893353e+00
2.442468242403600609e+00
6.323143028549595535e+00
2.443488453405105343e+00
3.473665989324326464e+00
6.276079422545207009e+00
4.018155771271136878e+00
4.409596664605627936e+00
2.793096449182238317e+00
5.982566880719232927e+00
4.931514393909303351e+00
1.800033907578449188e+01
2.028513231440388509e+01
2.418588527262189913e+01
3.053345304989560560e+01
3.480264972376821220e+01
5.444850798227630406e+01
4.160836861468522585e+01
6.236975153791271254e+01
7.759552224417132038e+01
8.579547158897374004e+01
1.093355422868999796e+02
1.231638141069321790e+02
1.658645400110461026e+02
2.040386050914888187e+02
2.500404717339025638e+02
2.662113294848909391e+02
3.085351007948729034e+02
3.100201230496169273e+02
3.437752084476275058e+02
3.462441598911357232e+02
3.826092005796697322e+02
4.151989337776960269e+02
4.410856976735763055e+02
4.424723627323299979e+02
4.593402725813890015e+02
4.496172027827553279e+02
5.071485484806868271e+02
5.305355148545685324e+02
5.211373466789133317e+02
5.333287014130572743e+02
6.343238941864252638e+02
6.378293794307616054e+02
6.401663214627075149e+02
6.691105769355270922e+02
6.724503081312014956e+02
6.297354147659643786e+02
6.954622827037970865e+02
6.650115634941913640e+02
6.836306931636410127e+02
6.377442508826628682e+02
6.433460502845877045e+02
6.331871326366764379e+02
6.245488837689701995e+02
6.445946407515781402e+02
6.823106974578706740e+02
6.691726727990317158e+02
6.462768960190608141e+02
6.481060729399240472e+02
5.824735714139019365e+02
6.328454455042799509e+02
5.852602947548924703e+02
6.225280291162320054e+02
6.169069193020858393e+02
6.428650746728310423e+02
5.770505730318623137e+02
6.063877860519735350e+02
6.205977404403089395e+02
6.515886018931410035e+02
6.718073998828900812e+02
6.582787750246565111e+02
6.589303479537113617e+02
6.809483104630367052e+02
6.616604016585100680e+02
6.997408825550779738e+02
7.391362164852857859e+02
7.499660097251762636e+02
7.623417265561369049e+02
8.093567271223524813e+02
7.511667697346106252e+02
8.033349772891164093e+02
6.661108520594440279e+02
6.448144326453669919e+02
6.280401213661784823e+02
6.503173845513576907e+02
4.767986923211782937e+02
4.627175739063965239e+02
5.365172019606619642e+02
5.194665590719810098e+02
5.131077262412906066e+02
4.955054001829581694e+02
4.883865771465217449e+02
4.956208048021832724e+02
4.199165067413277370e+02
4.193029496262811904e+02
3.705430571439990217e+02
3.788748317675622843e+02
3.990300528652095409e+02
3.953730166845684835e+02
4.645675251904236234e+02
4.467565329912682159e+02
3.451929698726024753e+02
3.550874950605014533e+02
3.894173469294509573e+02
3.773546835643483064e+02
3.275035389967312653e+02
3.391355473205792919e+02
3.731363665752664360e+02
3.533883792186994128e+02
3.452981498868443282e+02
3.618439219704520724e+02
3.538515948509705709e+02
3.787510266577450579e+02
3.632171219681507068e+02
3.397988697360858055e+02
3.342620839062279856e+02
3.158395502647369426e+02
2.889486173407776164e+02
2.989823020834503495e+02
3.425380829374022937e+02
3.267180952715450530e+02
3.391388491882121343e+02
3.356374430125174513e+02
2.849590621730994258e+02
2.663658419299947582e+02
2.737452677951827695e+02
2.839429016326781721e+02
2.404143380119504343e+02
2.383768087952195174e+02
2.434839970234639281e+02
2.428918863829904922e+02
2.388657057164565174e+02
2.456899584048109944e+02
2.194636356931689249e+02
1.798160880867881417e+02
2.303830639910568436e+02
2.082138070000781624e+02
2.365999211682853627e+02
2.241047595914097030e+02
2.296590179841146835e+02
2.436537614110040977e+02
1.897156387448994792e+02
2.292729144895725426e+02
2.306973636443015323e+02
1.912339899037654902e+02
1.942997268301385532e+02
2.003344483750312008e+02
2.448819721096380420e+02
2.179366273869137274e+02
1.745347820601549245e+02
1.518325869956845224e+02
1.791917707166695379e+02
2.102642192465082474e+02
1.857365306971679502e+02
1.730154201683323834e+02
2.007687027415696832e+02
2.165861945296925342e+02
2.709962092296667606e+02
2.479207200567096265e+02
2.102523329709132440e+02
2.196013843548739715e+02
2.204277128365910698e+02
2.278512199471838358e+02
2.821087417429244510e+02
2.701053062484454017e+02
2.503473546444472788e+02
2.477728014490679698e+02
2.367367596426269643e+02
2.615401904434198173e+02
2.349247878349727614e+02
2.377711255448916461e+02
2.310253498635143501e+02
2.292326207303936769e+02
2.632890840492880216e+02
2.464584655313936139e+02
2.291323481995762279e+02
2.419067416527993828e+02
1.650058404767154627e+02
1.714636672524611924e+02
2.085003206473983255e+02
2.012335558405279414e+02
1.977525063608436255e+02
2.074901692258243884e+02
1.345504774987888084e+02
1.572518157898573747e+02
1.859669229585346386e+02
1.724646507188537328e+02
1.931257083227331464e+02
2.098833391141894822e+02
1.462143041136249053e+02
1.424938194800004396e+02
1.620242724519523847e+02
1.655436667287209787e+02
1.772264895169897159e+02
1.689852543241801470e+02
1.407890799825730994e+02
1.315819102329663792e+02
1.734369275213209107e+02
1.614824578864663920e+02
1.448827406967070885e+02
1.315024670101736035e+02
1.755657125294904972e+02
1.652404171920240685e+02
1.401416580673664782e+02
1.469719829884948581e+02
1.797013971864518851e+02
1.875455972391541195e+02
1.707485441495127816e+02
1.683426390418573817e+02
1.453935850071777622e+02
1.328327167745432860e+02
1.411053701112300018e+02
1.601289807831162477e+02
1.512577133015994661e+02
1.487225479423866830e+02
1.265402385801810965e+02
1.110076211864084001e+02
1.192941568118869924e+02
1.355638767975757162e+02
1.167013372507419291e+02
1.161384525184250265e+02
1.180471541456117706e+02
1.307061104824250322e+02
1.007486598795115782e+02
9.567058698407109318e+01
1.345470867129606347e+02
1.248662777471360243e+02
1.508915485963979393e+02
1.094291878196805357e+02
1.599293697992407317e+02
1.548769505278015686e+02
1.381884498718581256e+02
1.433066800905715752e+02
1.146701412284105288e+02
1.068751606179331617e+02
1.505588249147085094e+02
1.489238574401496180e+02
1.757019522516406198e+02
1.658089548108348481e+02
1.596705093315865724e+02
1.297986691168240156e+02
1.478679545038540937e+02
1.472367403672552086e+02
1.391319356088672805e+02
1.331782042893029256e+02
1.461788821655979405e+02
1.706121050111283353e+02
1.450542471255462829e+02
1.549751439528217531e+02
1.543475339986252095e+02
1.543325351382619033e+02
1.649646925337846994e+02
1.834673314394715646e+02
1.360862920119004400e+02
1.430170587103791604e+02
1.892202512459357138e+02
1.777113789212160384e+02
1.166007589050002053e+02
1.243583354546638731e+02
1.373621464047170377e+02
1.366166359458418071e+02
1.643785526345479866e+02
1.646853613824566196e+02
1.460437292456145713e+02
1.337181921999152792e+02
1.615337354120354973e+02
1.599534947240375971e+02
1.360429871812759188e+02
1.430298173300377584e+02
1.262716073170854258e+02
1.297223128060242630e+02
1.258887123113937889e+02
1.257278322107785584e+02
1.195084771666637238e+02
1.179546449726484809e+02
1.407936511751350679e+02
1.426689338240057907e+02
1.305077642120259043e+02
1.441810654233619005e+02
1.654150323167246484e+02
1.615729535982372340e+02
1.627375920292877254e+02
1.735765516024700901e+02
1.708595298207772544e+02
1.575136337433067695e+02
1.522350714701515813e+02
1.290505906443522974e+02
1.718030892547710096e+02
1.517990393287558106e+02
1.537240830001475160e+02
1.600745344055441990e+02
1.476772794606510217e+02
1.421315634190840740e+02
1.397034523584316048e+02
1.415372704325314430e+02
1.227340929324141001e+02
1.397138166325280508e+02
1.264612037841200873e+02
1.235256771400150058e+02
1.315416897035584611e+02
1.188774109407515596e+02
1.194255851444917909e+02
1.194186836114439245e+02
9.775678006689896904e+01
9.939211625789602067e+01
7.414060485299700076e+01
8.969570303941419809e+01
9.794545391163450176e+01
1.013206143667564589e+02
1.016743617060934355e+02
1.088234070252797636e+02
1.232206201360098845e+02
1.153881180096129668e+02
1.144829586849040624e+02
9.803685610264987815e+01
1.033175803624609728e+02
1.071220532306625302e+02
1.293327854472414629e+02
1.394596678856490541e+02
1.127520035149505730e+02
1.246764960862867895e+02
1.004215680487741480e+02
1.154232400416440640e+02
1.075443873690304173e+02
9.533233389046624495e+01
9.507522060903625061e+01
7.741865920867985551e+01
1.477469933063663632e+02
1.418827367542641866e+02
1.359666918829060478e+02
1.343442829412820458e+02
1.021035755643115976e+02
9.742764248214753309e+01
1.295516199730915332e+02
1.462438544639069278e+02
1.077429642423434615e+02
1.034547498793208433e+02
1.133385974919433608e+02
1.201002068425205920e+02
1.383036629302345659e+02
1.017293424256955063e+02
1.037949558191825190e+02
9.719687045661004277e+01
1.175823781643985768e+02
1.035925489979812255e+02
1.490139242044942876e+02
1.442208363260250223e+02
1.372250216094250277e+02
1.274590966145016893e+02
1.280121384714470310e+02
9.605063147005377289e+01
1.138338665049880234e+02
1.054223244541361879e+02
1.430903372981082100e+02
1.115565748011096332e+02
1.438003023300813084e+02
1.423499131309220331e+02
1.303605292576062027e+02
1.566817323485591089e+02
1.195904016254389717e+02
1.318210241826753872e+02
1.240309032791840735e+02
1.332318420263487724e+02
9.698317691757274872e+01
1.222509927494658939e+02
1.110733001706321943e+02
9.741476534476363724e+01
1.123661900224026198e+02
1.151261291343321744e+02
1.128258629451095487e+02
1.281457592653863173e+02
9.565619110785657142e+01
1.005968155053854787e+02
1.236158290458338769e+02
1.236084387360276224e+02
1.024303082775372502e+02
1.067791855063157129e+02
1.096394583347009757e+02
1.305199560448708951e+02
1.383286770467749136e+02
1.274613479603574575e+02
1.053571248552073030e+02
8.903442163123123976e+01
1.052038146143907369e+02
1.140542889553629919e+02
8.954157436920168323e+01
8.776797832915565323e+01
1.095931148882766450e+02
9.372989990537701033e+01
1.080046413437360684e+02
1.110571930239965894e+02
1.036682693414055336e+02
1.026484615002400602e+02
1.300544958217372482e+02
1.142639743297617940e+02
1.029075453682597185e+02
1.061051988783381717e+02
1.137642851722117427e+02
8.495581868685499671e+01
1.008221210106230359e+02
9.958917003179949745e+01
1.138813942872853744e+02
1.001735841351611640e+02
9.470242530380640744e+01
1.088714725616130323e+02
1.064867295614553910e+02
1.114103481038353323e+02
1.348896750944143150e+02
1.389938246825815327e+02
9.213280505386157415e+01
8.374702605063269800e+01
8.268906387596166496e+01
7.245147823003948417e+01
1.084639015832186288e+02
1.110760524810021934e+02
1.084840561280916376e+02
1.077800161673977328e+02
1.134000508303732317e+02
1.064978696399381874e+02
1.086577787382903040e+02
1.032204135802180645e+02
1.268030263011108048e+02
1.357105895565804019e+02
1.256513259967353946e+02
8.902412950202619868e+01
1.048894315673012017e+02
1.085021307986667978e+02
1.336274895765212136e+02
1.143225854156039958e+02
1.013963236587626540e+02
9.162013453552891917e+01
1.455754219028463581e+02
1.368179774777201487e+02
1.110106974900637198e+02
1.178111046434938487e+02
1.149926524571926336e+02
1.192117540661829196e+02
1.048405626832811208e+02
1.075945851917548168e+02
1.140209067116520600e+02
1.322375685962163629e+02
1.224463851592932144e+02
9.625405080194742879e+01
1.281870785445087506e+02
1.161341548371206613e+02
1.100305632583845323e+02
9.874170178307200274e+01
9.655985756374546725e+01
9.266001039533789196e+01
1.228926080251179798e+02
1.164419205186861603e+02
9.463136165681164869e+01
9.490046046100655985e+01
1.058287875855009617e+02
1.123546807780309109e+02
1.242925113303226539e+02
1.226559765179709842e+02
7.528038428779132119e+01
9.359528375484066487e+01
9.550223935811533238e+01
1.011276179730424474e+02
1.199439663996408569e+02
1.369796830483262227e+02
1.133043764844099854e+02
1.101620574276671221e+02
1.054786047425114788e+02
1.014048334012295243e+02
7.999982999573482800e+01
8.849806317226635599e+01
1.387055082496801219e+02
9.868054231698090462e+01
9.909004649804988674e+01
9.628171588431771966e+01
1.495866340180156158e+02
1.523254232082027215e+02
1.332127158785693553e+02
1.534421617297369949e+02
9.632611202904207914e+01
1.127709439079721108e+02
1.176752896814868734e+02
1.196957911181541334e+02
1.212107485433774912e+02
1.149535070681483262e+02
1.192035739935211325e+02
1.145798942058967498e+02
1.192378898579310516e+02
1.367218596341690784e+02
1.121597301355858320e+02
1.146266510250516291e+02
1.321680443185611011e+02
1.387293803305079507e+02
1.274507522461405671e+02
1.522169324732921893e+02
9.727123139793192763e+01
1.026642413395809257e+02
1.310383274232413555e+02
1.348664715042935711e+02
1.405693199260242636e+02
1.462294279253526668e+02
1.159522839505301306e+02
1.072905387263860746e+02
1.003345149960928637e+02
1.024786431475599642e+02
1.322904218965544487e+02
1.538242615475338368e+02
9.259040497349630527e+01
1.011952661524944688e+02
1.026703718364423707e+02
1.157819319733440011e+02
8.632349476334084670e+01
1.006752860948513302e+02
1.337533251733568136e+02
1.233222228935401716e+02
1.399503374366109938e+02
1.378308638002846180e+02
1.247234909284651536e+02
1.140508480004576626e+02
1.470502573072160146e+02
1.347302797054402674e+02
9.506369618644536956e+01
9.021652851337680090e+01
1.394380814110851361e+02
1.115857300849272775e+02
1.096160062004632607e+02
1.105349450480835856e+02
9.045500048059582809e+01
1.002694188739551890e+02
9.452192512627894416e+01
6.810840528152600371e+01
1.074096854549293596e+02
1.093336804942332634e+02
9.699655849500425120e+01
8.302849582414836505e+01
8.237429895374803834e+01
1.097938932996413683e+02
1.022180365405527738e+02
9.514648747433648168e+01
1.193081555788185995e+02
9.959899176221367156e+01
1.076113981692014647e+02
1.150566715226862442e+02
8.731780930456955048e+01
8.142731386551798778e+01
1.198377205201855134e+02
1.077682426419332131e+02
1.304462732083044898e+02
1.511720142787259817e+02
1.045230851845178535e+02
1.121072984929708127e+02
1.348136943073549503e+02
1.430635741107930130e+02
1.068051633955767841e+02
1.193349092972439962e+02
1.100472118951486920e+02
1.079575715773959814e+02
1.250463195726672723e+02
1.232156798737550787e+02
1.252737186405822314e+02
1.261124651658207227e+02
1.343677271112443066e+02
1.255411086481121856e+02
1.252308550209416751e+02
1.274251606600771254e+02
1.288296783193397346e+02
1.121029930676142925e+02
9.946084889850199318e+01
1.013372060200050555e+02
1.358041974277790302e+02
1.224478705365710738e+02
1.274331989193050561e+02
1.074275666884976914e+02
1.087142220648864566e+02
1.134899794273673734e+02
1.053740433816908819e+02
1.125927205172182681e+02
1.099924428153181850e+02
1.212668829924247547e+02
1.300437557965107089e+02
1.220208094116799629e+02
1.240579269919785617e+02
1.298020608839205181e+02
1.229009698724262591e+02
1.128371926915075676e+02
8.021926164273945403e+01
7.777582691785070779e+01
1.315480732406647917e+02
1.084811128166162746e+02
1.180023962003249238e+02
9.746396607641933940e+01
9.716741774573313251e+01
1.021703488049856787e+02
9.457570227709116750e+01
9.563933324827748095e+01
9.533595521960276642e+01
1.173077146884447899e+02
1.197493172093554392e+02
1.155876022226193953e+02
1.066070039571235384e+02
1.240145490279630991e+02
1.459618070167412327e+02
1.220481362997470143e+02
1.093644320111450554e+02
8.633260367223009268e+01
1.014863550109124617e+02
8.420930448543826685e+01
1.081063539516788552e+02
1.203568103624517676e+02
1.378406609053461693e+02
1.103054025337351476e+02
1.092699587388372606e+02
1.207929491792178709e+02
1.110669976182442582e+02
1.279330752594917584e+02
1.294155571449174715e+02
1.104895991691798400e+02
1.040229221721168926e+02
9.826701981320957202e+01
1.076433292467804250e+02
1.168940176585486057e+02
1.239848319357540447e+02
9.356190184354048256e+01
1.075509531179038021e+02
8.988828280812195715e+01
1.000704067886066326e+02
1.065085464350609215e+02
1.003970878566961318e+02
1.156381519234722504e+02
1.082394641069019627e+02
1.036253509813079745e+02
1.260998531899243034e+02
1.319761922249113582e+02
1.137886938254808769e+02
1.136346806629519506e+02
1.304432305230225779e+02
1.220706511778833487e+02
8.781709512507930526e+01
1.015686261396287051e+02
9.914997942490697369e+01
1.190795289806770541e+02
8.874520493763179729e+01
1.025455730018373686e+02
1.115855525137203728e+02
1.029752259673905854e+02
9.259571272841115785e+01
1.335751566787967022e+02
8.431327920933547659e+01
9.583195381958853432e+01
1.102702442340126652e+02
1.126767564131787651e+02
8.165814007733546021e+01
6.409492214431736556e+01
7.328672806167934084e+01
7.513868029099646151e+01
1.029797626533923989e+02
1.082524884122315711e+02
1.069182426073030712e+02
1.165808493131151664e+02
9.806699212694056200e+01
9.260549620057592790e+01
1.468647396531202389e+02
1.274037698647870656e+02
9.165029448685518787e+01
1.022456332749017349e+02
1.027066936067401031e+02
9.857884081388621667e+01
1.305663906186323118e+02
1.127378334892918303e+02
1.092693589620385950e+02
1.164253837549364903e+02
1.142839520059330312e+02
1.068232970986971964e+02
1.398652189723529489e+02
1.135585406873977945e+02
1.073454163764659199e+02
1.347863041490939224e+02
1.344440807181857451e+02
1.292134697529646417e+02
1.142129220340646043e+02
1.047464918415083162e+02
1.177719654207917728e+02
1.262704953619953869e+02
1.091759191962295006e+02
1.133969605258760964e+02
1.254007855993580591e+02
1.471919388407547444e+02
1.256596591017924425e+02
1.338785550947748959e+02
1.356076463806523975e+02
1.532451306419018238e+02
1.447889634427243379e+02
1.359148043463251270e+02
1.308823539404648386e+02
1.266429094901647687e+02
1.414420010335557834e+02
1.487634325742280339e+02
1.011178171110844772e+02
8.637906205376350499e+01
1.034275608160868671e+02
1.058045352073416012e+02
8.604111907826886352e+01
9.023994334263993267e+01
1.283798274642220747e+02
1.168835817849754619e+02
9.311569284444220784e+01
8.849518929981007886e+01
9.167779718197898831e+01
1.227550471413307775e+02
1.074690154325100480e+02
1.177803604185193933e+02
1.303744605937783945e+02
1.395511885604672955e+02
1.213632088540324503e+02
1.358892296109361837e+02
1.233959417813408095e+02
1.208565803900611115e+02
1.087699482542382157e+02
1.053503553862864521e+02
1.242500435258571940e+02
1.314445754456021120e+02
1.108716164871307370e+02
1.147535373273308750e+02
1.245409151998927939e+02
1.333546259363831155e+02
1.250812904086956934e+02
1.316509664499882604e+02
1.010464928483901730e+02
7.938572138193637784e+01
1.014262723529820249e+02
8.132328956747318216e+01
8.472730910234163559e+01
8.075956879618604489e+01
1.042315027559624383e+02
9.725562315055988449e+01
9.589669551589783225e+01
8.848871919725411317e+01
9.612330500936235467e+01
1.018228984332021980e+02
7.650091727806486119e+01
6.891295087588285639e+01
8.012862755502402479e+01
9.200525720695823395e+01
1.173278977013832076e+02
1.122896300434597094e+02
1.094103158907148128e+02
9.260501342156719318e+01
9.689278577165477202e+01
1.127802111285554219e+02
1.101715739401126370e+02
1.082795252740248202e+02
1.116483269659170219e+02
9.332017729572302756e+01
1.386831905434320049e+02
1.251513377017830777e+02
1.310754616034511741e+02
1.011859440486092296e+02
1.155098258297878857e+02
1.226830902469969544e+02
1.181502756560457641e+02
1.169644959358099925e+02
1.029950042967727768e+02
1.045945295296478292e+02
7.323063787078501718e+01
8.612895043313059773e+01
1.145573171936766528e+02
1.157744519100824760e+02
1.044273764658587282e+02
1.160979398139665051e+02
1.282096557457618644e+02
1.276097712328101323e+02
1.259564368911352261e+02
1.114858161104675816e+02
1.418399346608569545e+02
1.371179834373905351e+02
1.177021928844129519e+02
1.234781466963891035e+02
1.225348933992937503e+02
1.168146136195311442e+02
1.375628720011420967e+02
1.403889111319822405e+02
9.939232864061223438e+01
1.048324174699705793e+02
1.188740334670278855e+02
1.157618362498129159e+02
1.319269517111638095e+02
1.417299337555806460e+02
1.248287430531948417e+02
1.213968205975864123e+02
9.518511431117809707e+01
8.750135797138504756e+01
1.427171900018053634e+02
1.390435889305310013e+02
1.191357585131848680e+02
1.303696464655229192e+02
1.250117617843182245e+02
1.381306015542773764e+02
1.110409752709668965e+02
9.723727699515924883e+01
1.618560868249739428e+02
1.560870511227390125e+02
1.093171407350217379e+02
1.022273362919897721e+02
8.871592140714970753e+01
9.808489406281705669e+01
1.337383872454981031e+02
1.268603993196625339e+02
1.102759598051506202e+02
1.296202637354106173e+02
1.251341783290008607e+02
1.354017412720445463e+02
